авиалайнера 0.002604 0.0 0.0
австралии 0.002604 0.0 0.0
автоваз 0.002604 0.0 0.0
автоматизации 0.002604 3.218876 0.008382
автоматом 0.002604 0.0 0.0
автономных 0.002604 2.813411 0.007327
автопроизводителя 0.002604 0.0 0.0
автор 0.002604 0.0 0.0
авторы 0.002604 0.0 0.0
адаптировать 0.002604 3.218876 0.008382
адаптируя 0.002604 4.60517 0.011993
администрацией 0.002604 0.0 0.0
адрес 0.002604 0.0 0.0
актуально 0.002604 3.912023 0.010188
алгебраические 0.002604 4.60517 0.011993
америке 0.002604 0.0 0.0
анализ 0.002604 1.966113 0.00512
анализа 0.002604 2.65926 0.006925
аналитики 0.002604 0.0 0.0
анонсировала 0.002604 2.813411 0.007327
архитектура 0.002604 3.218876 0.008382
белка 0.002604 0.0 0.0
бенчмарках 0.002604 4.60517 0.011993
бизнес 0.002604 0.0 0.0
биологические 0.002604 0.0 0.0
биологических 0.002604 0.0 0.0
ближнем 0.002604 0.0 0.0
блоги 0.002604 0.0 0.0
большими 0.002604 4.60517 0.011993
бот 0.002604 0.0 0.0
будут 0.002604 0.0 0.0
быстро 0.002604 0.0 0.0
важно 0.002604 2.120264 0.005522
весом 0.002604 0.0 0.0
видео 0.002604 0.0 0.0
видеокарты 0.002604 0.0 0.0
внедорожники 0.002604 0.0 0.0
внедрение 0.002604 2.813411 0.007327
возможностями 0.002604 4.60517 0.011993
войти 0.002604 0.0 0.0
востоке 0.002604 0.0 0.0
время 0.002604 1.427116 0.003716
вс 0.002604 0.0 0.0
всему 0.002604 0.0 0.0
вт 0.002604 0.0 0.0
входят 0.002604 0.0 0.0
выделите 0.002604 0.0 0.0
выполнение 0.002604 3.912023 0.010188
выполнения 0.002604 3.506558 0.009132
высокую 0.002604 3.218876 0.008382
выходит 0.002604 0.0 0.0
вычислений 0.002604 3.218876 0.008382
выше 0.002604 1.609438 0.004191
генерация 0.002604 4.60517 0.011993
гибкость 0.002604 3.506558 0.009132
главную 0.002604 0.0 0.0
года 0.002604 0.0 0.0
данные 0.002604 0.0 0.0
данный 0.002604 0.0 0.0
данным 0.002604 1.89712 0.00494
данных 0.002604 0.0 0.0
двигатели 0.002604 0.0 0.0
двигатель 0.002604 0.0 0.0
двух 0.002604 0.0 0.0
делает 0.002604 2.302585 0.005996
демонстрирует 0.002604 2.995732 0.007801
дизайн 0.002604 0.0 0.0
директор 0.002604 0.0 0.0
добавила 0.002604 3.218876 0.008382
документации 0.002604 4.60517 0.011993
долларов 0.002604 0.0 0.0
дом 0.002604 0.0 0.0
дома 0.002604 3.506558 0.009132
домах 0.002604 4.60517 0.011993
дорабатывать 0.002604 4.60517 0.011993
доставили 0.002604 0.0 0.0
достигает 0.002604 0.0 0.0
достижение 0.002604 3.912023 0.010188
драйверов 0.002604 3.506558 0.009132
её 0.002604 1.203973 0.003135
завершат 0.002604 0.0 0.0
задач 0.002604 1.609438 0.004191
задачи 0.002604 2.407946 0.006271
защиты 0.002604 0.0 0.0
земле 0.002604 0.0 0.0
земли 0.002604 0.0 0.0
зонд 0.002604 0.0 0.0
зонда 0.002604 0.0 0.0
играм 0.002604 3.506558 0.009132
игры 0.002604 0.0 0.0
изображение 0.002604 1.514128 0.003943
ии 0.002604 0.0 0.0
индустрии 0.002604 3.912023 0.010188
инженеры 0.002604 2.525729 0.006577
инновационный 0.002604 0.0 0.0
инструменты 0.002604 2.65926 0.006925
интеграцию 0.002604 2.813411 0.007327
информации 0.002604 0.0 0.0
использования 0.002604 0.0 0.0
исследований 0.002604 0.0 0.0
источник 0.002604 0.0 0.0
исходного 0.002604 4.60517 0.011993
исходным 0.002604 3.912023 0.010188
календарь 0.002604 0.0 0.0
категории 0.002604 0.0 0.0
кг 0.002604 0.0 0.0
километров 0.002604 0.0 0.0
классическим 0.002604 0.0 0.0
клон 0.002604 0.0 0.0
код 0.002604 2.207275 0.005748
кода 0.002604 2.525729 0.006577
кодом 0.002604 3.912023 0.010188
комментирования 0.002604 0.0 0.0
компактность 0.002604 3.912023 0.010188
комфортный 0.002604 0.0 0.0
конкретные 0.002604 4.60517 0.011993
конкурентов 0.002604 4.60517 0.011993
конференция 0.002604 0.0 0.0
корее 0.002604 0.0 0.0
корпорация 0.002604 3.912023 0.010188
корпуса 0.002604 0.0 0.0
космос 0.002604 0.0 0.0
космоса 0.002604 0.0 0.0
критичны 0.002604 4.60517 0.011993
кроссовера 0.002604 0.0 0.0
кроссоверы 0.002604 0.0 0.0
крупную 0.002604 4.60517 0.011993
крупных 0.002604 2.995732 0.007801
кубических 0.002604 0.0 0.0
куки 0.002604 0.0 0.0
летать 0.002604 0.0 0.0
лету 0.002604 0.0 0.0
листа 0.002604 0.0 0.0
логического 0.002604 2.995732 0.007801
мае 0.002604 0.0 0.0
май 0.002604 0.0 0.0
маленькая 0.002604 4.60517 0.011993
маломощных 0.002604 4.60517 0.011993
марка 0.002604 0.0 0.0
математический 0.002604 4.60517 0.011993
математического 0.002604 4.60517 0.011993
материалов 0.002604 0.0 0.0
машину 0.002604 0.0 0.0
мая 0.002604 0.0 0.0
межпланетный 0.002604 0.0 0.0
меняет 0.002604 0.0 0.0
метрового 0.002604 0.0 0.0
миллионов 0.002604 0.0 0.0
миру 0.002604 0.0 0.0
млрд 0.002604 2.302585 0.005996
мобильные 0.002604 0.0 0.0
могут 0.002604 0.0 0.0
моделей 0.002604 2.120264 0.005522
модели 0.002604 1.139434 0.002967
моделирование 0.002604 3.218876 0.008382
модель 0.002604 1.469676 0.003827
момент 0.002604 0.0 0.0
мониторы 0.002604 0.0 0.0
мотобрендов 0.002604 0.0 0.0
мотоциклов 0.002604 0.0 0.0
мощностями 0.002604 4.60517 0.011993
мс 0.002604 0.0 0.0
мультимедиа 0.002604 0.0 0.0
нагрузку 0.002604 3.218876 0.008382
нажмите 0.002604 0.0 0.0
назвал 0.002604 0.0 0.0
названием 0.002604 0.0 0.0
научное 0.002604 4.60517 0.011993
нашей 0.002604 0.0 0.0
наши 0.002604 0.0 0.0
нашли 0.002604 0.0 0.0
нашумевший 0.002604 3.506558 0.009132
новости 0.002604 0.0 0.0
новые 0.002604 0.0 0.0
новый 0.002604 0.0 0.0
носители 0.002604 0.0 0.0
ноутбуки 0.002604 0.0 0.0
нужны 0.002604 0.0 0.0
обзоры 0.002604 0.0 0.0
облачные 0.002604 4.60517 0.011993
обновлениями 0.002604 3.506558 0.009132
оборудовании 0.002604 4.60517 0.011993
обошла 0.002604 4.60517 0.011993
обработки 0.002604 0.0 0.0
образцы 0.002604 0.0 0.0
объявлена 0.002604 0.0 0.0
ограниченными 0.002604 4.60517 0.011993
одноклассник 0.002604 0.0 0.0
операций 0.002604 3.218876 0.008382
оптимизированная 0.002604 4.60517 0.011993
оптимизирует 0.002604 3.506558 0.009132
орбите 0.002604 0.0 0.0
ориентированную 0.002604 4.60517 0.011993
ос 0.002604 0.0 0.0
особенно 0.002604 1.609438 0.004191
отдадут 0.002604 0.0 0.0
отечественного 0.002604 0.0 0.0
отказа 0.002604 0.0 0.0
отказались 0.002604 0.0 0.0
отключили 0.002604 0.0 0.0
открытая 0.002604 4.60517 0.011993
открытую 0.002604 3.506558 0.009132
открытым 0.002604 3.912023 0.010188
отметили 0.002604 2.995732 0.007801
отчётов 0.002604 4.60517 0.011993
очень 0.002604 0.0 0.0
ошибку 0.002604 0.0 0.0
параллельных 0.002604 3.912023 0.010188
параметров 0.002604 2.813411 0.007327
первую 0.002604 2.995732 0.007801
переднего 0.002604 0.0 0.0
период 0.002604 0.0 0.0
периферия 0.002604 0.0 0.0
персональные 0.002604 0.0 0.0
персональных 0.002604 0.0 0.0
пиар 0.002604 0.0 0.0
пк 0.002604 0.0 0.0
планирует 0.002604 1.714798 0.004466
планшеты 0.002604 0.0 0.0
платформа 0.002604 0.0 0.0
платформе 0.002604 2.65926 0.006925
платформы 0.002604 2.407946 0.006271
пн 0.002604 0.0 0.0
подвел 0.002604 0.0 0.0
поднял 0.002604 0.0 0.0
подробнее 0.002604 0.0 0.0
подчёркивают 0.002604 2.995732 0.007801
позволит 0.002604 2.65926 0.006925
поиск 0.002604 0.0 0.0
пока 0.002604 0.0 0.0
полезные 0.002604 0.0 0.0
политика 0.002604 0.0 0.0
политикой 0.002604 0.0 0.0
полноприводными 0.002604 0.0 0.0
полётов 0.002604 0.0 0.0
попробовать 0.002604 0.0 0.0
популярная 0.002604 0.0 0.0
популярных 0.002604 0.0 0.0
посещать 0.002604 0.0 0.0
последними 0.002604 3.506558 0.009132
посттренинга 0.002604 4.60517 0.011993
правила 0.002604 0.0 0.0
прайс 0.002604 0.0 0.0
практичным 0.002604 3.912023 0.010188
превзошла 0.002604 4.60517 0.011993
предварительного 0.002604 4.60517 0.011993
представила 0.002604 1.832581 0.004772
представлен 0.002604 0.0 0.0
прибавка 0.002604 0.0 0.0
привода 0.002604 0.0 0.0
применения 0.002604 3.506558 0.009132
принтеры 0.002604 0.0 0.0
причины 0.002604 0.0 0.0
пробизнес 0.002604 0.0 0.0
проведения 0.002604 0.0 0.0
программы 0.002604 0.0 0.0
продавать 0.002604 0.0 0.0
продажи 0.002604 0.0 0.0
продолжая 0.002604 0.0 0.0
проектов 0.002604 0.0 0.0
проекторы 0.002604 0.0 0.0
проекты 0.002604 0.0 0.0
производительность 0.002604 3.506558 0.009132
производства 0.002604 2.65926 0.006925
пролить 0.002604 0.0 0.0
промышленных 0.002604 3.912023 0.010188
процессоры 0.002604 2.525729 0.006577
процессы 0.002604 0.0 0.0
пт 0.002604 0.0 0.0
публикация 0.002604 4.60517 0.011993
публичных 0.002604 3.912023 0.010188
работы 0.002604 0.0 0.0
развивать 0.002604 4.60517 0.011993
развёртывания 0.002604 3.506558 0.009132
разместят 0.002604 3.506558 0.009132
разработка 0.002604 3.218876 0.008382
разработчики 0.002604 3.218876 0.008382
рассуждений 0.002604 3.506558 0.009132
рассуждению 0.002604 4.60517 0.011993
расширяет 0.002604 3.506558 0.009132
реальных 0.002604 0.0 0.0
результаты 0.002604 0.0 0.0
реклама 0.002604 0.0 0.0
ресурсов 0.002604 3.506558 0.009132
решает 0.002604 0.0 0.0
решением 0.002604 2.813411 0.007327
робототехнике 0.002604 3.506558 0.009132
россии 0.002604 0.0 0.0
россияне 0.002604 0.0 0.0
рублей 0.002604 0.0 0.0
рынок 0.002604 0.0 0.0
сайте 0.002604 0.0 0.0
сайты 0.002604 0.0 0.0
самая 0.002604 0.0 0.0
самолётах 0.002604 0.0 0.0
самых 0.002604 0.0 0.0
сантиметров 0.002604 0.0 0.0
сб 0.002604 0.0 0.0
сбора 0.002604 0.0 0.0
свет 0.002604 0.0 0.0
своей 0.002604 0.0 0.0
связи 0.002604 0.0 0.0
связь 0.002604 0.0 0.0
сегодня 0.002604 0.0 0.0
серверах 0.002604 4.60517 0.011993
серверы 0.002604 0.0 0.0
сервисы 0.002604 0.0 0.0
сертификацию 0.002604 0.0 0.0
сети 0.002604 0.0 0.0
системах 0.002604 3.218876 0.008382
скоро 0.002604 0.0 0.0
скромные 0.002604 4.60517 0.011993
сложности 0.002604 0.0 0.0
сложные 0.002604 2.995732 0.007801
снижает 0.002604 2.407946 0.006271
снова 0.002604 0.0 0.0
собственного 0.002604 4.60517 0.011993
советский 0.002604 0.0 0.0
соглашаетесь 0.002604 0.0 0.0
сокращая 0.002604 3.506558 0.009132
сообществу 0.002604 4.60517 0.011993
сохраняет 0.002604 2.995732 0.007801
сочетает 0.002604 2.995732 0.007801
спасти 0.002604 0.0 0.0
специализированные 0.002604 4.60517 0.011993
способностей 0.002604 4.60517 0.011993
ср 0.002604 0.0 0.0
среда 0.002604 0.0 0.0
ссылки 0.002604 0.0 0.0
стал 0.002604 0.0 0.0
стартуют 0.002604 0.0 0.0
статистика 0.002604 0.0 0.0
статьи 0.002604 0.0 0.0
стоимость 0.002604 0.0 0.0
стратегии 0.002604 3.218876 0.008382
существующие 0.002604 2.813411 0.007327
сферу 0.002604 2.995732 0.007801
сценариев 0.002604 3.506558 0.009132
сша 0.002604 0.0 0.0
тайконавты 0.002604 0.0 0.0
такие 0.002604 1.714798 0.004466
тв 0.002604 0.0 0.0
теги 0.002604 0.0 0.0
текст 0.002604 0.0 0.0
тестах 0.002604 4.60517 0.011993
тестирует 0.002604 2.65926 0.006925
технический 0.002604 0.0 0.0
технической 0.002604 4.60517 0.011993
топ 0.002604 0.0 0.0
точность 0.002604 1.832581 0.004772
требующих 0.002604 3.912023 0.010188
тыс 0.002604 0.0 0.0
убрали 0.002604 0.0 0.0
улучшения 0.002604 3.218876 0.008382
умные 0.002604 3.912023 0.010188
умных 0.002604 3.506558 0.009132
упасть 0.002604 0.0 0.0
упростит 0.002604 4.60517 0.011993
уравнения 0.002604 4.60517 0.011993
ускорить 0.002604 2.995732 0.007801
успешно 0.002604 2.407946 0.006271
устройств 0.002604 0.0 0.0
устройства 0.002604 0.0 0.0
устройствах 0.002604 4.60517 0.011993
ученым 0.002604 0.0 0.0
файлы 0.002604 0.0 0.0
финансовый 0.002604 3.506558 0.009132
флагманского 0.002604 0.0 0.0
фото 0.002604 0.0 0.0
фундаментальные 0.002604 0.0 0.0
хитом 0.002604 0.0 0.0
цены 0.002604 0.0 0.0
части 0.002604 0.0 0.0
чат 0.002604 1.049822 0.002734
человека 0.002604 0.0 0.0
чт 0.002604 0.0 0.0
экосистему 0.002604 4.60517 0.011993
экспорт 0.002604 0.0 0.0
эмбрионы 0.002604 0.0 0.0
энергоэффективность 0.002604 3.218876 0.008382
эффективность 0.002604 2.120264 0.005522
южной 0.002604 0.0 0.0
языковую 0.002604 3.506558 0.009132
языковые 0.002604 3.506558 0.009132
