авиалайнера 0.002967 0.0 0.0
австралии 0.002967 0.0 0.0
авто 0.002967 0.0 0.0
автоваз 0.002967 0.0 0.0
автоматом 0.002967 0.0 0.0
автомобилей 0.002967 2.207275 0.00655
автопроизводителя 0.002967 0.0 0.0
автор 0.002967 0.0 0.0
авторы 0.002967 0.0 0.0
автосалонах 0.002967 4.60517 0.013665
администрацией 0.002967 0.0 0.0
адрес 0.002967 0.0 0.0
акустика 0.002967 4.60517 0.013665
акцентом 0.002967 3.912023 0.011608
америке 0.002967 0.0 0.0
аналитики 0.002967 0.0 0.0
багажного 0.002967 4.60517 0.013665
базовая 0.002967 3.506558 0.010405
батарея 0.002967 3.506558 0.010405
безопасности 0.002967 1.966113 0.005834
белка 0.002967 0.0 0.0
биологические 0.002967 0.0 0.0
биологических 0.002967 0.0 0.0
ближнем 0.002967 0.0 0.0
блоги 0.002967 0.0 0.0
бренда 0.002967 3.912023 0.011608
будут 0.002967 0.0 0.0
быстро 0.002967 0.0 0.0
быстрой 0.002967 3.506558 0.010405
версии 0.002967 1.714798 0.005088
версия 0.002967 2.65926 0.007891
весом 0.002967 0.0 0.0
видео 0.002967 0.0 0.0
видеокарты 0.002967 0.0 0.0
внедорожник 0.002967 0.0 0.0
внедорожники 0.002967 0.0 0.0
войти 0.002967 0.0 0.0
востоке 0.002967 0.0 0.0
вс 0.002967 0.0 0.0
всему 0.002967 0.0 0.0
вт 0.002967 0.0 0.0
второго 0.002967 4.60517 0.013665
входят 0.002967 0.0 0.0
выделите 0.002967 0.0 0.0
выполнен 0.002967 2.407946 0.007145
выходит 0.002967 0.0 0.0
габариты 0.002967 3.912023 0.011608
главную 0.002967 0.0 0.0
года 0.002967 0.0 0.0
готовится 0.002967 3.218876 0.009552
гравитацией 0.002967 4.60517 0.013665
градусов 0.002967 3.912023 0.011608
данные 0.002967 0.0 0.0
данный 0.002967 0.0 0.0
данных 0.002967 0.0 0.0
двигатели 0.002967 0.0 0.0
двигатель 0.002967 0.0 0.0
двух 0.002967 0.0 0.0
дизайн 0.002967 0.0 0.0
динамиками 0.002967 4.60517 0.013665
динамиков 0.002967 3.912023 0.011608
директор 0.002967 0.0 0.0
долларов 0.002967 0.0 0.0
дом 0.002967 0.0 0.0
доставили 0.002967 0.0 0.0
доставки 0.002967 3.506558 0.010405
достигает 0.002967 0.0 0.0
доступна 0.002967 3.912023 0.011608
дюймовыми 0.002967 4.60517 0.013665
дюймовых 0.002967 4.60517 0.013665
завершат 0.002967 0.0 0.0
задние 0.002967 3.912023 0.011608
задним 0.002967 3.912023 0.011608
запасом 0.002967 2.65926 0.007891
зарядки 0.002967 3.912023 0.011608
зарядным 0.002967 4.60517 0.013665
зарядных 0.002967 3.218876 0.009552
заряжается 0.002967 4.60517 0.013665
защиты 0.002967 0.0 0.0
земле 0.002967 0.0 0.0
земли 0.002967 0.0 0.0
зонд 0.002967 0.0 0.0
зонда 0.002967 0.0 0.0
игры 0.002967 0.0 0.0
инновационный 0.002967 0.0 0.0
интерфейсом 0.002967 4.60517 0.013665
интерьера 0.002967 4.60517 0.013665
информации 0.002967 0.0 0.0
использования 0.002967 0.0 0.0
исследований 0.002967 0.0 0.0
источник 0.002967 0.0 0.0
календарь 0.002967 0.0 0.0
категории 0.002967 0.0 0.0
квт 0.002967 2.813411 0.008348
кг 0.002967 0.0 0.0
километров 0.002967 0.0 0.0
классическим 0.002967 0.0 0.0
клон 0.002967 0.0 0.0
км 0.002967 1.309333 0.003885
кнопки 0.002967 3.912023 0.011608
колёсами 0.002967 4.60517 0.013665
комментирования 0.002967 0.0 0.0
комплектации 0.002967 2.65926 0.007891
комплектация 0.002967 2.995732 0.008889
комфорт 0.002967 0.0 0.0
комфортный 0.002967 0.0 0.0
конференция 0.002967 0.0 0.0
конфигурациях 0.002967 4.60517 0.013665
корее 0.002967 0.0 0.0
корпуса 0.002967 0.0 0.0
космос 0.002967 0.0 0.0
космоса 0.002967 0.0 0.0
кресла 0.002967 4.60517 0.013665
кроссовера 0.002967 0.0 0.0
кроссоверы 0.002967 0.0 0.0
кубических 0.002967 0.0 0.0
куки 0.002967 0.0 0.0
лаундж 0.002967 4.60517 0.013665
летать 0.002967 0.0 0.0
лету 0.002967 0.0 0.0
листа 0.002967 0.0 0.0
литров 0.002967 2.302585 0.006833
мае 0.002967 0.0 0.0
май 0.002967 0.0 0.0
марка 0.002967 0.0 0.0
материалов 0.002967 0.0 0.0
машину 0.002967 0.0 0.0
мая 0.002967 0.0 0.0
межпланетный 0.002967 0.0 0.0
меняет 0.002967 0.0 0.0
местной 0.002967 4.60517 0.013665
метрового 0.002967 0.0 0.0
миллионов 0.002967 0.0 0.0
минуты 0.002967 2.995732 0.008889
миру 0.002967 0.0 0.0
мобильные 0.002967 0.0 0.0
могут 0.002967 0.0 0.0
модель 0.002967 1.469676 0.004361
модельного 0.002967 3.912023 0.011608
момент 0.002967 0.0 0.0
мониторы 0.002967 0.0 0.0
мотобрендов 0.002967 0.0 0.0
мотоциклов 0.002967 0.0 0.0
мощностью 0.002967 1.832581 0.005438
мс 0.002967 0.0 0.0
мультимедиа 0.002967 0.0 0.0
нажмите 0.002967 0.0 0.0
назвал 0.002967 0.0 0.0
названием 0.002967 0.0 0.0
нашей 0.002967 0.0 0.0
наши 0.002967 0.0 0.0
нашли 0.002967 0.0 0.0
несколько 0.002967 2.525729 0.007495
новинка 0.002967 3.506558 0.010405
новости 0.002967 0.0 0.0
новые 0.002967 0.0 0.0
новый 0.002967 0.0 0.0
носители 0.002967 0.0 0.0
ноутбуки 0.002967 0.0 0.0
нужны 0.002967 0.0 0.0
нулевой 0.002967 3.912023 0.011608
обзоры 0.002967 0.0 0.0
обойдётся 0.002967 4.60517 0.013665
обработки 0.002967 0.0 0.0
образцы 0.002967 0.0 0.0
объявила 0.002967 2.995732 0.008889
объявлена 0.002967 0.0 0.0
одним 0.002967 2.525729 0.007495
одноклассник 0.002967 0.0 0.0
опционально 0.002967 4.60517 0.013665
орбите 0.002967 0.0 0.0
ос 0.002967 0.0 0.0
оснащены 0.002967 3.912023 0.011608
отдадут 0.002967 0.0 0.0
отечественного 0.002967 0.0 0.0
отказа 0.002967 0.0 0.0
отказались 0.002967 0.0 0.0
отключили 0.002967 0.0 0.0
оценена 0.002967 4.60517 0.013665
очень 0.002967 0.0 0.0
ошибку 0.002967 0.0 0.0
первые 0.002967 1.560648 0.004631
первый 0.002967 2.65926 0.007891
первых 0.002967 2.995732 0.008889
переднего 0.002967 0.0 0.0
период 0.002967 0.0 0.0
периферия 0.002967 0.0 0.0
персональные 0.002967 0.0 0.0
персональных 0.002967 0.0 0.0
пиар 0.002967 0.0 0.0
пк 0.002967 0.0 0.0
планшеты 0.002967 0.0 0.0
платформа 0.002967 0.0 0.0
пн 0.002967 0.0 0.0
поворачиваются 0.002967 4.60517 0.013665
подвел 0.002967 0.0 0.0
поддержке 0.002967 3.506558 0.010405
поддержкой 0.002967 3.218876 0.009552
поднял 0.002967 0.0 0.0
подробнее 0.002967 0.0 0.0
подробные 0.002967 4.60517 0.013665
подушек 0.002967 4.60517 0.013665
поиск 0.002967 0.0 0.0
пока 0.002967 0.0 0.0
полезные 0.002967 0.0 0.0
политика 0.002967 0.0 0.0
политикой 0.002967 0.0 0.0
полноприводными 0.002967 0.0 0.0
полностью 0.002967 2.207275 0.00655
полным 0.002967 2.995732 0.008889
полётов 0.002967 0.0 0.0
попробовать 0.002967 0.0 0.0
популярная 0.002967 0.0 0.0
популярных 0.002967 0.0 0.0
портов 0.002967 3.506558 0.010405
посещать 0.002967 0.0 0.0
правила 0.002967 0.0 0.0
прайс 0.002967 0.0 0.0
предлагает 0.002967 2.120264 0.006292
представить 0.002967 3.912023 0.011608
представлен 0.002967 0.0 0.0
предусмотрены 0.002967 4.60517 0.013665
прибавка 0.002967 0.0 0.0
привода 0.002967 0.0 0.0
приводом 0.002967 2.525729 0.007495
принтеры 0.002967 0.0 0.0
причины 0.002967 0.0 0.0
пробизнес 0.002967 0.0 0.0
проведения 0.002967 0.0 0.0
программы 0.002967 0.0 0.0
продавать 0.002967 0.0 0.0
продажи 0.002967 0.0 0.0
продолжая 0.002967 0.0 0.0
проектов 0.002967 0.0 0.0
проекторы 0.002967 0.0 0.0
проекты 0.002967 0.0 0.0
пролить 0.002967 0.0 0.0
просторный 0.002967 4.60517 0.013665
пространства 0.002967 3.218876 0.009552
процессы 0.002967 0.0 0.0
пт 0.002967 0.0 0.0
работы 0.002967 0.0 0.0
различными 0.002967 4.60517 0.013665
реальных 0.002967 0.0 0.0
результаты 0.002967 0.0 0.0
реклама 0.002967 0.0 0.0
решает 0.002967 0.0 0.0
россии 0.002967 0.0 0.0
россияне 0.002967 0.0 0.0
рублей 0.002967 0.0 0.0
рынок 0.002967 0.0 0.0
ряда 0.002967 3.912023 0.011608
ряды 0.002967 4.60517 0.013665
сайте 0.002967 0.0 0.0
сайты 0.002967 0.0 0.0
салон 0.002967 3.218876 0.009552
салоне 0.002967 4.60517 0.013665
самая 0.002967 0.0 0.0
самолётах 0.002967 0.0 0.0
самых 0.002967 0.0 0.0
сантиметров 0.002967 0.0 0.0
сб 0.002967 0.0 0.0
сбора 0.002967 0.0 0.0
свет 0.002967 0.0 0.0
своей 0.002967 0.0 0.0
свой 0.002967 3.912023 0.011608
связи 0.002967 0.0 0.0
связь 0.002967 0.0 0.0
сегодня 0.002967 0.0 0.0
серверы 0.002967 0.0 0.0
сервисы 0.002967 0.0 0.0
сертификацию 0.002967 0.0 0.0
сети 0.002967 0.0 0.0
сетью 0.002967 4.60517 0.013665
сиденьями 0.002967 3.912023 0.011608
силовой 0.002967 3.506558 0.010405
складываются 0.002967 4.60517 0.013665
скоро 0.002967 0.0 0.0
сложности 0.002967 0.0 0.0
снова 0.002967 0.0 0.0
советский 0.002967 0.0 0.0
совместимым 0.002967 4.60517 0.013665
соглашаетесь 0.002967 0.0 0.0
составляют 0.002967 3.912023 0.011608
сохранены 0.002967 3.912023 0.011608
спасти 0.002967 0.0 0.0
ср 0.002967 0.0 0.0
среда 0.002967 0.0 0.0
ссылки 0.002967 0.0 0.0
стал 0.002967 0.0 0.0
станет 0.002967 1.714798 0.005088
стартовой 0.002967 4.60517 0.013665
стартуют 0.002967 0.0 0.0
статистика 0.002967 0.0 0.0
статьи 0.002967 0.0 0.0
стиле 0.002967 3.506558 0.010405
стоимость 0.002967 0.0 0.0
стоит 0.002967 1.966113 0.005834
сша 0.002967 0.0 0.0
тайконавты 0.002967 0.0 0.0
тв 0.002967 0.0 0.0
теги 0.002967 0.0 0.0
текст 0.002967 0.0 0.0
технический 0.002967 0.0 0.0
топ 0.002967 0.0 0.0
топовая 0.002967 3.218876 0.009552
трёхрядный 0.002967 4.60517 0.013665
тыс 0.002967 0.0 0.0
убрали 0.002967 0.0 0.0
удобства 0.002967 4.60517 0.013665
упасть 0.002967 0.0 0.0
управления 0.002967 2.040221 0.006054
установкой 0.002967 2.995732 0.008889
установлены 0.002967 3.912023 0.011608
устройства 0.002967 0.0 0.0
ученым 0.002967 0.0 0.0
учётом 0.002967 4.60517 0.013665
файлы 0.002967 0.0 0.0
физические 0.002967 4.60517 0.013665
флагманским 0.002967 4.60517 0.013665
флагманского 0.002967 0.0 0.0
фото 0.002967 0.0 0.0
фундаментальные 0.002967 0.0 0.0
функциями 0.002967 3.912023 0.011608
хитом 0.002967 0.0 0.0
хода 0.002967 1.609438 0.004776
ценой 0.002967 2.813411 0.008348
цены 0.002967 0.0 0.0
части 0.002967 0.0 0.0
человека 0.002967 0.0 0.0
чт 0.002967 0.0 0.0
экрана 0.002967 3.506558 0.010405
экспорт 0.002967 0.0 0.0
электрический 0.002967 3.506558 0.010405
электрокроссовером 0.002967 4.60517 0.013665
эмбрионы 0.002967 0.0 0.0
южной 0.002967 0.0 0.0
