авиалайнера 0.002611 0.0 0.0
австралии 0.002611 0.0 0.0
автоваз 0.002611 0.0 0.0
автоматом 0.002611 0.0 0.0
автопроизводителя 0.002611 0.0 0.0
автор 0.002611 0.0 0.0
авторы 0.002611 0.0 0.0
администрацией 0.002611 0.0 0.0
администрации 0.002611 3.912023 0.010214
администрация 0.002611 3.218876 0.008404
адрес 0.002611 0.0 0.0
американских 0.002611 2.995732 0.007822
американское 0.002611 4.60517 0.012024
америке 0.002611 0.0 0.0
аналитики 0.002611 0.0 0.0
белка 0.002611 0.0 0.0
биологические 0.002611 0.0 0.0
биологических 0.002611 0.0 0.0
ближнем 0.002611 0.0 0.0
блоги 0.002611 0.0 0.0
боится 0.002611 3.506558 0.009156
ботов 0.002611 2.525729 0.006595
будут 0.002611 0.0 0.0
будущая 0.002611 4.60517 0.012024
быстрее 0.002611 2.407946 0.006287
быстро 0.002611 0.0 0.0
важность 0.002611 3.912023 0.010214
вдвое 0.002611 2.995732 0.007822
версии 0.002611 1.714798 0.004477
весом 0.002611 0.0 0.0
видео 0.002611 0.0 0.0
видеокарты 0.002611 0.0 0.0
внедорожники 0.002611 0.0 0.0
возглавили 0.002611 3.218876 0.008404
возможностей 0.002611 3.912023 0.010214
войти 0.002611 0.0 0.0
вопросы 0.002611 2.525729 0.006595
востоке 0.002611 0.0 0.0
время 0.002611 1.427116 0.003726
вс 0.002611 0.0 0.0
всему 0.002611 0.0 0.0
встретился 0.002611 4.60517 0.012024
встречи 0.002611 4.60517 0.012024
вт 0.002611 0.0 0.0
входят 0.002611 0.0 0.0
выделите 0.002611 0.0 0.0
высокой 0.002611 2.813411 0.007346
высокопоставленном 0.002611 4.60517 0.012024
выходит 0.002611 0.0 0.0
генеральный 0.002611 2.995732 0.007822
генераторов 0.002611 3.912023 0.010214
главную 0.002611 0.0 0.0
года 0.002611 0.0 0.0
данные 0.002611 0.0 0.0
данный 0.002611 0.0 0.0
данных 0.002611 0.0 0.0
двигатели 0.002611 0.0 0.0
двигатель 0.002611 0.0 0.0
двух 0.002611 0.0 0.0
делам 0.002611 3.506558 0.009156
дженсен 0.002611 3.912023 0.010214
джон 0.002611 4.60517 0.012024
дизайн 0.002611 0.0 0.0
директор 0.002611 0.0 0.0
долларов 0.002611 0.0 0.0
дом 0.002611 0.0 0.0
дональда 0.002611 4.60517 0.012024
доставили 0.002611 0.0 0.0
достигает 0.002611 0.0 0.0
других 0.002611 2.040221 0.005327
завершат 0.002611 0.0 0.0
заказы 0.002611 3.218876 0.008404
законодателями 0.002611 4.60517 0.012024
закрытой 0.002611 4.60517 0.012024
запрещать 0.002611 3.506558 0.009156
защиты 0.002611 0.0 0.0
заявила 0.002611 3.218876 0.008404
заявлении 0.002611 3.506558 0.009156
земле 0.002611 0.0 0.0
земли 0.002611 0.0 0.0
зонд 0.002611 0.0 0.0
зонда 0.002611 0.0 0.0
играют 0.002611 3.912023 0.010214
игры 0.002611 0.0 0.0
идет 0.002611 2.65926 0.006943
изображение 0.002611 1.514128 0.003953
изображений 0.002611 3.506558 0.009156
ии 0.002611 0.0 0.0
импорту 0.002611 3.506558 0.009156
инвестирования 0.002611 4.60517 0.012024
инновационный 0.002611 0.0 0.0
иностранным 0.002611 4.60517 0.012024
интеллекта 0.002611 2.525729 0.006595
интересов 0.002611 4.60517 0.012024
информации 0.002611 0.0 0.0
инфраструктуры 0.002611 3.506558 0.009156
искусственного 0.002611 2.525729 0.006595
использования 0.002611 0.0 0.0
исследований 0.002611 0.0 0.0
источник 0.002611 0.0 0.0
исходным 0.002611 3.912023 0.010214
календарь 0.002611 0.0 0.0
категории 0.002611 0.0 0.0
кг 0.002611 0.0 0.0
километров 0.002611 0.0 0.0
китае 0.002611 2.302585 0.006012
китай 0.002611 1.171183 0.003058
китайская 0.002611 3.506558 0.009156
китайские 0.002611 2.525729 0.006595
китайского 0.002611 4.60517 0.012024
классическим 0.002611 0.0 0.0
классических 0.002611 3.218876 0.008404
клиенты 0.002611 4.60517 0.012024
клон 0.002611 0.0 0.0
кодом 0.002611 3.912023 0.010214
комитета 0.002611 3.912023 0.010214
комитете 0.002611 4.60517 0.012024
комитетом 0.002611 4.60517 0.012024
комментирования 0.002611 0.0 0.0
компании 0.002611 1.347074 0.003517
компания 0.002611 0.820981 0.002144
комфортный 0.002611 0.0 0.0
конгресса 0.002611 3.506558 0.009156
конкурентоспособными 0.002611 4.60517 0.012024
контроля 0.002611 3.218876 0.008404
конференция 0.002611 0.0 0.0
корее 0.002611 0.0 0.0
корпуса 0.002611 0.0 0.0
космос 0.002611 0.0 0.0
космоса 0.002611 0.0 0.0
которые 0.002611 1.309333 0.003419
кроссовера 0.002611 0.0 0.0
кроссоверы 0.002611 0.0 0.0
кубических 0.002611 0.0 0.0
куки 0.002611 0.0 0.0
летать 0.002611 0.0 0.0
лету 0.002611 0.0 0.0
листа 0.002611 0.0 0.0
мае 0.002611 0.0 0.0
май 0.002611 0.0 0.0
марка 0.002611 0.0 0.0
материалов 0.002611 0.0 0.0
машину 0.002611 0.0 0.0
машины 0.002611 1.771957 0.004627
мая 0.002611 0.0 0.0
межпланетный 0.002611 0.0 0.0
меняет 0.002611 0.0 0.0
меняющимся 0.002611 4.60517 0.012024
месяце 0.002611 2.65926 0.006943
метрового 0.002611 0.0 0.0
миллионов 0.002611 0.0 0.0
мировом 0.002611 4.60517 0.012024
миру 0.002611 0.0 0.0
мобильные 0.002611 0.0 0.0
могут 0.002611 0.0 0.0
модель 0.002611 1.469676 0.003837
моделям 0.002611 3.912023 0.010214
момент 0.002611 0.0 0.0
мониторы 0.002611 0.0 0.0
мотобрендов 0.002611 0.0 0.0
мотоциклов 0.002611 0.0 0.0
мс 0.002611 0.0 0.0
мультимедиа 0.002611 0.0 0.0
нажмите 0.002611 0.0 0.0
назвал 0.002611 0.0 0.0
названием 0.002611 0.0 0.0
названы 0.002611 3.506558 0.009156
наращивали 0.002611 4.60517 0.012024
национальной 0.002611 3.218876 0.008404
нашей 0.002611 0.0 0.0
наши 0.002611 0.0 0.0
нашли 0.002611 0.0 0.0
недорогим 0.002611 4.60517 0.012024
необходимость 0.002611 3.506558 0.009156
новости 0.002611 0.0 0.0
новые 0.002611 0.0 0.0
новый 0.002611 0.0 0.0
носители 0.002611 0.0 0.0
ноутбуки 0.002611 0.0 0.0
нужны 0.002611 0.0 0.0
обзоры 0.002611 0.0 0.0
обработки 0.002611 0.0 0.0
образцы 0.002611 0.0 0.0
обсудил 0.002611 4.60517 0.012024
обсудить 0.002611 4.60517 0.012024
обсуждаемых 0.002611 4.60517 0.012024
обсуждение 0.002611 4.60517 0.012024
обучен 0.002611 2.995732 0.007822
обучена 0.002611 4.60517 0.012024
объектом 0.002611 3.912023 0.010214
объявлена 0.002611 0.0 0.0
ограничения 0.002611 3.506558 0.009156
одноклассник 0.002611 0.0 0.0
опасения 0.002611 3.912023 0.010214
оптимизации 0.002611 2.813411 0.007346
орбите 0.002611 0.0 0.0
ос 0.002611 0.0 0.0
отдадут 0.002611 0.0 0.0
отечественного 0.002611 0.0 0.0
отказа 0.002611 0.0 0.0
отказались 0.002611 0.0 0.0
отключили 0.002611 0.0 0.0
открытым 0.002611 3.912023 0.010214
отреагировала 0.002611 4.60517 0.012024
очень 0.002611 0.0 0.0
ошибку 0.002611 0.0 0.0
палаты 0.002611 4.60517 0.012024
параллельному 0.002611 3.506558 0.009156
первой 0.002611 2.995732 0.007822
переднего 0.002611 0.0 0.0
период 0.002611 0.0 0.0
периферия 0.002611 0.0 0.0
персональные 0.002611 0.0 0.0
персональных 0.002611 0.0 0.0
пиар 0.002611 0.0 0.0
пк 0.002611 0.0 0.0
планшеты 0.002611 0.0 0.0
платформа 0.002611 0.0 0.0
пн 0.002611 0.0 0.0
поводу 0.002611 3.912023 0.010214
подвел 0.002611 0.0 0.0
поддержку 0.002611 2.65926 0.006943
поднял 0.002611 0.0 0.0
подняты 0.002611 3.912023 0.010214
подробнее 0.002611 0.0 0.0
подтвердил 0.002611 2.525729 0.006595
поиск 0.002611 0.0 0.0
пока 0.002611 0.0 0.0
полезные 0.002611 0.0 0.0
политика 0.002611 0.0 0.0
политикой 0.002611 0.0 0.0
полноприводными 0.002611 0.0 0.0
полную 0.002611 4.60517 0.012024
полётов 0.002611 0.0 0.0
попали 0.002611 3.506558 0.009156
попробовать 0.002611 0.0 0.0
попросила 0.002611 3.912023 0.010214
популярная 0.002611 0.0 0.0
популярности 0.002611 3.912023 0.010214
популярные 0.002611 2.813411 0.007346
популярных 0.002611 0.0 0.0
посещать 0.002611 0.0 0.0
последнего 0.002611 4.60517 0.012024
поставки 0.002611 2.525729 0.006595
правила 0.002611 0.0 0.0
правилам 0.002611 4.60517 0.012024
правительства 0.002611 4.60517 0.012024
прайс 0.002611 0.0 0.0
предложения 0.002611 4.60517 0.012024
представителей 0.002611 4.60517 0.012024
представитель 0.002611 4.60517 0.012024
представлен 0.002611 0.0 0.0
представлены 0.002611 3.506558 0.009156
президента 0.002611 3.218876 0.008404
прекратить 0.002611 4.60517 0.012024
прибавка 0.002611 0.0 0.0
привода 0.002611 0.0 0.0
принтеры 0.002611 0.0 0.0
причины 0.002611 0.0 0.0
пробизнес 0.002611 0.0 0.0
проведения 0.002611 0.0 0.0
программы 0.002611 0.0 0.0
продавать 0.002611 0.0 0.0
продажи 0.002611 0.0 0.0
продажу 0.002611 3.218876 0.008404
продвижению 0.002611 4.60517 0.012024
продолжая 0.002611 0.0 0.0
проектов 0.002611 0.0 0.0
проекторы 0.002611 0.0 0.0
проекты 0.002611 0.0 0.0
производство 0.002611 2.302585 0.006012
пролить 0.002611 0.0 0.0
просит 0.002611 2.65926 0.006943
процессоры 0.002611 2.525729 0.006595
процессы 0.002611 0.0 0.0
прошлом 0.002611 3.218876 0.008404
пт 0.002611 0.0 0.0
работы 0.002611 0.0 0.0
разработке 0.002611 2.65926 0.006943
разработкой 0.002611 3.912023 0.010214
растущих 0.002611 4.60517 0.012024
реальных 0.002611 0.0 0.0
результаты 0.002611 0.0 0.0
реклама 0.002611 0.0 0.0
решает 0.002611 0.0 0.0
риск 0.002611 1.89712 0.004953
риццо 0.002611 4.60517 0.012024
роль 0.002611 1.89712 0.004953
россии 0.002611 0.0 0.0
российский 0.002611 3.218876 0.008404
россияне 0.002611 0.0 0.0
роста 0.002611 2.525729 0.006595
рублей 0.002611 0.0 0.0
руководителей 0.002611 4.60517 0.012024
рф 0.002611 2.120264 0.005536
рынка 0.002611 2.525729 0.006595
рынке 0.002611 2.995732 0.007822
рынок 0.002611 0.0 0.0
сайте 0.002611 0.0 0.0
сайты 0.002611 0.0 0.0
самая 0.002611 0.0 0.0
самолётах 0.002611 0.0 0.0
самые 0.002611 2.995732 0.007822
самых 0.002611 0.0 0.0
сантиметров 0.002611 0.0 0.0
сб 0.002611 0.0 0.0
сбора 0.002611 0.0 0.0
свет 0.002611 0.0 0.0
своего 0.002611 3.506558 0.009156
своей 0.002611 0.0 0.0
своем 0.002611 4.60517 0.012024
связи 0.002611 0.0 0.0
связь 0.002611 0.0 0.0
сделать 0.002611 3.912023 0.010214
сегодня 0.002611 0.0 0.0
серверы 0.002611 0.0 0.0
сервисы 0.002611 0.0 0.0
сертификацию 0.002611 0.0 0.0
сети 0.002611 0.0 0.0
систем 0.002611 0.653926 0.001707
сказал 0.002611 2.813411 0.007346
скоро 0.002611 0.0 0.0
сложности 0.002611 0.0 0.0
снова 0.002611 0.0 0.0
советский 0.002611 0.0 0.0
современные 0.002611 2.302585 0.006012
соглашаетесь 0.002611 0.0 0.0
создало 0.002611 4.60517 0.012024
создания 0.002611 2.120264 0.005536
сообщил 0.002611 2.525729 0.006595
соответствуют 0.002611 3.912023 0.010214
спасти 0.002611 0.0 0.0
спрос 0.002611 2.525729 0.006595
спроса 0.002611 3.506558 0.009156
ср 0.002611 0.0 0.0
среда 0.002611 0.0 0.0
ссылки 0.002611 0.0 0.0
стал 0.002611 0.0 0.0
стали 0.002611 2.65926 0.006943
стартуют 0.002611 0.0 0.0
статистика 0.002611 0.0 0.0
статьи 0.002611 0.0 0.0
стоимость 0.002611 0.0 0.0
стратегическую 0.002611 4.60517 0.012024
сша 0.002611 0.0 0.0
тайконавты 0.002611 0.0 0.0
таким 0.002611 2.407946 0.006287
тв 0.002611 0.0 0.0
теги 0.002611 0.0 0.0
текст 0.002611 0.0 0.0
технический 0.002611 0.0 0.0
технологий 0.002611 1.771957 0.004627
топ 0.002611 0.0 0.0
трампа 0.002611 2.995732 0.007822
тыс 0.002611 0.0 0.0
убрали 0.002611 0.0 0.0
увеличит 0.002611 2.65926 0.006943
упасть 0.002611 0.0 0.0
усилий 0.002611 3.912023 0.010214
устройства 0.002611 0.0 0.0
ученым 0.002611 0.0 0.0
файлы 0.002611 0.0 0.0
флагманского 0.002611 0.0 0.0
фоне 0.002611 3.218876 0.008404
фото 0.002611 0.0 0.0
фундаментальные 0.002611 0.0 0.0
хитом 0.002611 0.0 0.0
хуан 0.002611 3.912023 0.010214
центральную 0.002611 4.60517 0.012024
цены 0.002611 0.0 0.0
чарт 0.002611 3.506558 0.009156
части 0.002611 0.0 0.0
чат 0.002611 1.049822 0.002741
человека 0.002611 0.0 0.0
чипа 0.002611 3.912023 0.010214
чипах 0.002611 4.60517 0.012024
чипов 0.002611 2.525729 0.006595
чипы 0.002611 3.506558 0.009156
чт 0.002611 0.0 0.0
экспорт 0.002611 0.0 0.0
экспортного 0.002611 4.60517 0.012024
эмбрионы 0.002611 0.0 0.0
южной 0.002611 0.0 0.0
