авиалайнера 0.003247 0.0 0.0
австралии 0.003247 0.0 0.0
австралию 0.003247 4.60517 0.014952
авто 0.003247 0.0 0.0
автоваз 0.003247 0.0 0.0
автоматом 0.003247 0.0 0.0
автомобиль 0.003247 2.525729 0.0082
автомобиля 0.003247 2.995732 0.009726
автопроизводителя 0.003247 0.0 0.0
автор 0.003247 0.0 0.0
авторы 0.003247 0.0 0.0
администрацией 0.003247 0.0 0.0
адрес 0.003247 0.0 0.0
америке 0.003247 0.0 0.0
америку 0.003247 4.60517 0.014952
аналитики 0.003247 0.0 0.0
базе 0.003247 2.995732 0.009726
белка 0.003247 0.0 0.0
бензиновые 0.003247 3.506558 0.011385
биологические 0.003247 0.0 0.0
биологических 0.003247 0.0 0.0
ближнем 0.003247 0.0 0.0
блоги 0.003247 0.0 0.0
будут 0.003247 0.0 0.0
быстро 0.003247 0.0 0.0
вариантах 0.003247 4.60517 0.014952
версии 0.003247 1.714798 0.005568
версия 0.003247 2.65926 0.008634
весом 0.003247 0.0 0.0
видео 0.003247 0.0 0.0
видеокарты 0.003247 0.0 0.0
внедорожники 0.003247 0.0 0.0
возрастут 0.003247 4.60517 0.014952
войти 0.003247 0.0 0.0
востоке 0.003247 0.0 0.0
впоследствии 0.003247 4.60517 0.014952
вс 0.003247 0.0 0.0
всему 0.003247 0.0 0.0
вт 0.003247 0.0 0.0
входят 0.003247 0.0 0.0
выделите 0.003247 0.0 0.0
выходит 0.003247 0.0 0.0
географии 0.003247 4.60517 0.014952
гибрид 0.003247 1.89712 0.006159
гибридная 0.003247 3.218876 0.010451
главную 0.003247 0.0 0.0
года 0.003247 0.0 0.0
готовится 0.003247 3.218876 0.010451
данные 0.003247 0.0 0.0
данный 0.003247 0.0 0.0
данных 0.003247 0.0 0.0
двигатели 0.003247 0.0 0.0
двигатель 0.003247 0.0 0.0
двух 0.003247 0.0 0.0
дизайн 0.003247 0.0 0.0
директор 0.003247 0.0 0.0
долларов 0.003247 0.0 0.0
дом 0.003247 0.0 0.0
доставили 0.003247 0.0 0.0
достигает 0.003247 0.0 0.0
доступна 0.003247 3.912023 0.012701
друг 0.003247 1.049822 0.003409
друга 0.003247 3.912023 0.012701
завершат 0.003247 0.0 0.0
залива 0.003247 4.60517 0.014952
защиты 0.003247 0.0 0.0
земле 0.003247 0.0 0.0
земли 0.003247 0.0 0.0
зонд 0.003247 0.0 0.0
зонда 0.003247 0.0 0.0
игры 0.003247 0.0 0.0
известна 0.003247 3.506558 0.011385
инновационный 0.003247 0.0 0.0
интересно 0.003247 3.912023 0.012701
информации 0.003247 0.0 0.0
использования 0.003247 0.0 0.0
исследований 0.003247 0.0 0.0
источник 0.003247 0.0 0.0
календарь 0.003247 0.0 0.0
категории 0.003247 0.0 0.0
кг 0.003247 0.0 0.0
километров 0.003247 0.0 0.0
классическим 0.003247 0.0 0.0
клиентов 0.003247 3.912023 0.012701
клон 0.003247 0.0 0.0
комментирования 0.003247 0.0 0.0
комфортный 0.003247 0.0 0.0
конкурировать 0.003247 3.912023 0.012701
конференция 0.003247 0.0 0.0
корее 0.003247 0.0 0.0
корейский 0.003247 4.60517 0.014952
корейской 0.003247 4.60517 0.014952
корпуса 0.003247 0.0 0.0
космос 0.003247 0.0 0.0
космоса 0.003247 0.0 0.0
кроссовера 0.003247 0.0 0.0
кроссоверы 0.003247 0.0 0.0
кубических 0.003247 0.0 0.0
куки 0.003247 0.0 0.0
летать 0.003247 0.0 0.0
лету 0.003247 0.0 0.0
листа 0.003247 0.0 0.0
литровым 0.003247 3.218876 0.010451
мае 0.003247 0.0 0.0
май 0.003247 0.0 0.0
марка 0.003247 0.0 0.0
материалов 0.003247 0.0 0.0
машин 0.003247 0.0 0.0
машину 0.003247 0.0 0.0
мая 0.003247 0.0 0.0
межпланетный 0.003247 0.0 0.0
меняет 0.003247 0.0 0.0
мере 0.003247 2.302585 0.007476
метрового 0.003247 0.0 0.0
миллионов 0.003247 0.0 0.0
миру 0.003247 0.0 0.0
мобильные 0.003247 0.0 0.0
могут 0.003247 0.0 0.0
модели 0.003247 1.139434 0.003699
модель 0.003247 1.469676 0.004772
момент 0.003247 0.0 0.0
мониторы 0.003247 0.0 0.0
мотобрендов 0.003247 0.0 0.0
мотоциклов 0.003247 0.0 0.0
мс 0.003247 0.0 0.0
мультимедиа 0.003247 0.0 0.0
нажмите 0.003247 0.0 0.0
назвал 0.003247 0.0 0.0
названием 0.003247 0.0 0.0
начнет 0.003247 4.60517 0.014952
нашей 0.003247 0.0 0.0
наши 0.003247 0.0 0.0
нашли 0.003247 0.0 0.0
некоторых 0.003247 4.60517 0.014952
непонятно 0.003247 4.60517 0.014952
нескольких 0.003247 3.912023 0.012701
новости 0.003247 0.0 0.0
новые 0.003247 0.0 0.0
новый 0.003247 0.0 0.0
носители 0.003247 0.0 0.0
ноутбуки 0.003247 0.0 0.0
нужны 0.003247 0.0 0.0
обзоры 0.003247 0.0 0.0
обработки 0.003247 0.0 0.0
образцы 0.003247 0.0 0.0
общего 0.003247 3.506558 0.011385
объема 0.003247 3.506558 0.011385
объемы 0.003247 4.60517 0.014952
объявлена 0.003247 0.0 0.0
одноклассник 0.003247 0.0 0.0
орбите 0.003247 0.0 0.0
оригинальным 0.003247 4.60517 0.014952
ос 0.003247 0.0 0.0
отдадут 0.003247 0.0 0.0
отечественного 0.003247 0.0 0.0
отказа 0.003247 0.0 0.0
отказались 0.003247 0.0 0.0
отключили 0.003247 0.0 0.0
отнимали 0.003247 4.60517 0.014952
отправят 0.003247 4.60517 0.014952
очень 0.003247 0.0 0.0
ошибку 0.003247 0.0 0.0
передне 0.003247 0.0 0.0
переднего 0.003247 0.0 0.0
передним 0.003247 3.218876 0.010451
перелицованный 0.003247 4.60517 0.014952
период 0.003247 0.0 0.0
периферия 0.003247 0.0 0.0
персидского 0.003247 4.60517 0.014952
персональные 0.003247 0.0 0.0
персональных 0.003247 0.0 0.0
перспективе 0.003247 3.912023 0.012701
пиар 0.003247 0.0 0.0
пк 0.003247 0.0 0.0
планшеты 0.003247 0.0 0.0
платформа 0.003247 0.0 0.0
пн 0.003247 0.0 0.0
подвел 0.003247 0.0 0.0
поднял 0.003247 0.0 0.0
подробнее 0.003247 0.0 0.0
подтвердила 0.003247 4.60517 0.014952
поиск 0.003247 0.0 0.0
пока 0.003247 0.0 0.0
полгода 0.003247 3.218876 0.010451
полезные 0.003247 0.0 0.0
политика 0.003247 0.0 0.0
политикой 0.003247 0.0 0.0
полноприводные 0.003247 3.912023 0.012701
полноприводными 0.003247 0.0 0.0
полётов 0.003247 0.0 0.0
попробовать 0.003247 0.0 0.0
популярная 0.003247 0.0 0.0
популярного 0.003247 4.60517 0.014952
популярной 0.003247 4.60517 0.014952
популярных 0.003247 0.0 0.0
посещать 0.003247 0.0 0.0
потеснить 0.003247 4.60517 0.014952
появится 0.003247 4.60517 0.014952
правила 0.003247 0.0 0.0
прайс 0.003247 0.0 0.0
представлен 0.003247 0.0 0.0
представляет 0.003247 2.813411 0.009134
прибавка 0.003247 0.0 0.0
привода 0.003247 0.0 0.0
приводом 0.003247 2.525729 0.0082
принтеры 0.003247 0.0 0.0
причины 0.003247 0.0 0.0
пробизнес 0.003247 0.0 0.0
проведения 0.003247 0.0 0.0
программы 0.003247 0.0 0.0
продавать 0.003247 0.0 0.0
продаж 0.003247 0.0 0.0
продажи 0.003247 0.0 0.0
продано 0.003247 2.995732 0.009726
продолжая 0.003247 0.0 0.0
проектов 0.003247 0.0 0.0
проекторы 0.003247 0.0 0.0
проекты 0.003247 0.0 0.0
производства 0.003247 2.65926 0.008634
пролить 0.003247 0.0 0.0
процессы 0.003247 0.0 0.0
пт 0.003247 0.0 0.0
работы 0.003247 0.0 0.0
разводить 0.003247 4.60517 0.014952
расширения 0.003247 2.995732 0.009726
реальных 0.003247 0.0 0.0
результаты 0.003247 0.0 0.0
реклама 0.003247 0.0 0.0
ресурс 0.003247 2.525729 0.0082
решает 0.003247 0.0 0.0
россии 0.003247 0.0 0.0
россияне 0.003247 0.0 0.0
рублей 0.003247 0.0 0.0
рынках 0.003247 3.912023 0.012701
рынок 0.003247 0.0 0.0
сайте 0.003247 0.0 0.0
сайты 0.003247 0.0 0.0
самая 0.003247 0.0 0.0
самолётах 0.003247 0.0 0.0
самых 0.003247 0.0 0.0
сантиметров 0.003247 0.0 0.0
сб 0.003247 0.0 0.0
сбора 0.003247 0.0 0.0
сборки 0.003247 2.813411 0.009134
свет 0.003247 0.0 0.0
своей 0.003247 0.0 0.0
связи 0.003247 0.0 0.0
связь 0.003247 0.0 0.0
сегодня 0.003247 0.0 0.0
серверы 0.003247 0.0 0.0
сервисы 0.003247 0.0 0.0
сертификацию 0.003247 0.0 0.0
сети 0.003247 0.0 0.0
скоро 0.003247 0.0 0.0
сложности 0.003247 0.0 0.0
смогла 0.003247 3.912023 0.012701
снова 0.003247 0.0 0.0
собой 0.003247 3.218876 0.010451
советский 0.003247 0.0 0.0
соглашаетесь 0.003247 0.0 0.0
созданного 0.003247 3.912023 0.012701
сообщает 0.003247 2.407946 0.007818
составляет 0.003247 2.407946 0.007818
спасти 0.003247 0.0 0.0
ср 0.003247 0.0 0.0
среда 0.003247 0.0 0.0
ссылки 0.003247 0.0 0.0
ставшая 0.003247 3.912023 0.012701
стал 0.003247 0.0 0.0
стала 0.003247 2.995732 0.009726
стартуют 0.003247 0.0 0.0
статистика 0.003247 0.0 0.0
статьи 0.003247 0.0 0.0
стоимость 0.003247 0.0 0.0
стране 0.003247 3.218876 0.010451
страны 0.003247 3.912023 0.012701
сша 0.003247 0.0 0.0
тайконавты 0.003247 0.0 0.0
тв 0.003247 0.0 0.0
теги 0.003247 0.0 0.0
текст 0.003247 0.0 0.0
технический 0.003247 0.0 0.0
титула 0.003247 4.60517 0.014952
топ 0.003247 0.0 0.0
турбомотором 0.003247 3.506558 0.011385
тыс 0.003247 0.0 0.0
тысяч 0.003247 2.407946 0.007818
убрали 0.003247 0.0 0.0
удостоилась 0.003247 4.60517 0.014952
упасть 0.003247 0.0 0.0
устройства 0.003247 0.0 0.0
ученым 0.003247 0.0 0.0
файлы 0.003247 0.0 0.0
флагманского 0.003247 0.0 0.0
фото 0.003247 0.0 0.0
французская 0.003247 4.60517 0.014952
фундаментальные 0.003247 0.0 0.0
хитом 0.003247 0.0 0.0
цены 0.003247 0.0 0.0
части 0.003247 0.0 0.0
человека 0.003247 0.0 0.0
чт 0.003247 0.0 0.0
экспорт 0.003247 0.0 0.0
экспортных 0.003247 3.506558 0.011385
экспорту 0.003247 4.60517 0.014952
эмбрионы 0.003247 0.0 0.0
южной 0.003247 0.0 0.0
южную 0.003247 4.60517 0.014952
