авиалайнера 0.002212 0.0 0.0
австралии 0.002212 0.0 0.0
автоваз 0.002212 0.0 0.0
автоматом 0.002212 0.0 0.0
автопроизводителя 0.002212 0.0 0.0
автор 0.002212 0.0 0.0
авторы 0.002212 0.0 0.0
адаптироваться 0.002212 3.912023 0.008655
администрацией 0.002212 0.0 0.0
адрес 0.002212 0.0 0.0
азии 0.002212 4.60517 0.010188
алгоритмы 0.002212 3.218876 0.007121
америке 0.002212 0.0 0.0
аналитики 0.002212 0.0 0.0
барьерами 0.002212 4.60517 0.010188
белка 0.002212 0.0 0.0
биологические 0.002212 0.0 0.0
биологических 0.002212 0.0 0.0
ближнем 0.002212 0.0 0.0
блоги 0.002212 0.0 0.0
блокирует 0.002212 3.912023 0.008655
будут 0.002212 0.0 0.0
будущего 0.002212 2.525729 0.005588
будущее 0.002212 3.218876 0.007121
бума 0.002212 3.506558 0.007758
быстро 0.002212 0.0 0.0
вдвое 0.002212 2.995732 0.006628
вернуть 0.002212 3.218876 0.007121
весом 0.002212 0.0 0.0
взлетает 0.002212 4.60517 0.010188
видео 0.002212 0.0 0.0
видеокартам 0.002212 4.60517 0.010188
видеокарты 0.002212 0.0 0.0
вложений 0.002212 4.60517 0.010188
внедорожники 0.002212 0.0 0.0
водород 0.002212 2.813411 0.006224
возможность 0.002212 1.966113 0.00435
возобновляемые 0.002212 4.60517 0.010188
войти 0.002212 0.0 0.0
волатильности 0.002212 4.60517 0.010188
вопрос 0.002212 1.660731 0.003674
вопросом 0.002212 2.995732 0.006628
восстанавливается 0.002212 4.60517 0.010188
востоке 0.002212 0.0 0.0
временем 0.002212 3.506558 0.007758
вс 0.002212 0.0 0.0
всему 0.002212 0.0 0.0
вт 0.002212 0.0 0.0
входа 0.002212 3.912023 0.008655
входят 0.002212 0.0 0.0
выбрасывали 0.002212 4.60517 0.010188
выгодных 0.002212 3.912023 0.008655
выделите 0.002212 0.0 0.0
высокими 0.002212 4.60517 0.010188
высоких 0.002212 2.995732 0.006628
выходит 0.002212 0.0 0.0
вычислений 0.002212 3.218876 0.007121
география 0.002212 4.60517 0.010188
германии 0.002212 2.995732 0.006628
гибкость 0.002212 3.506558 0.007758
гигантов 0.002212 4.60517 0.010188
главную 0.002212 0.0 0.0
года 0.002212 0.0 0.0
годы 0.002212 2.407946 0.005327
дает 0.002212 1.514128 0.00335
данные 0.002212 0.0 0.0
данный 0.002212 0.0 0.0
данным 0.002212 1.89712 0.004197
данных 0.002212 0.0 0.0
двигатели 0.002212 0.0 0.0
двигатель 0.002212 0.0 0.0
двух 0.002212 0.0 0.0
делает 0.002212 2.302585 0.005094
делают 0.002212 3.912023 0.008655
дешёвой 0.002212 4.60517 0.010188
дизайн 0.002212 0.0 0.0
директор 0.002212 0.0 0.0
диски 0.002212 3.218876 0.007121
днях 0.002212 4.60517 0.010188
добыча 0.002212 4.60517 0.010188
добычи 0.002212 3.506558 0.007758
долларов 0.002212 0.0 0.0
дом 0.002212 0.0 0.0
домашних 0.002212 4.60517 0.010188
доминируют 0.002212 3.912023 0.008655
доставили 0.002212 0.0 0.0
достигает 0.002212 0.0 0.0
доступным 0.002212 3.912023 0.008655
доходности 0.002212 4.60517 0.010188
ещё 0.002212 1.89712 0.004197
жёсткие 0.002212 4.60517 0.010188
завершат 0.002212 0.0 0.0
зависит 0.002212 2.995732 0.006628
задач 0.002212 1.609438 0.003561
зарабатывали 0.002212 4.60517 0.010188
затрат 0.002212 2.65926 0.005883
защиты 0.002212 0.0 0.0
звучат 0.002212 4.60517 0.010188
земле 0.002212 0.0 0.0
земли 0.002212 0.0 0.0
золотой 0.002212 3.506558 0.007758
золотом 0.002212 4.60517 0.010188
зонд 0.002212 0.0 0.0
зонда 0.002212 0.0 0.0
играет 0.002212 4.60517 0.010188
игроков 0.002212 3.506558 0.007758
игры 0.002212 0.0 0.0
иллюстрация 0.002212 2.120264 0.004691
индустриальных 0.002212 4.60517 0.010188
инновационный 0.002212 0.0 0.0
интеллекта 0.002212 2.525729 0.005588
информации 0.002212 0.0 0.0
инфраструктуры 0.002212 3.506558 0.007758
иронично 0.002212 4.60517 0.010188
искусственного 0.002212 2.525729 0.005588
использования 0.002212 0.0 0.0
исследований 0.002212 0.0 0.0
исследования 0.002212 2.120264 0.004691
истории 0.002212 2.65926 0.005883
источник 0.002212 0.0 0.0
источники 0.002212 3.218876 0.007121
исчезает 0.002212 4.60517 0.010188
календарь 0.002212 0.0 0.0
категории 0.002212 0.0 0.0
квартале 0.002212 3.218876 0.007121
кг 0.002212 0.0 0.0
километров 0.002212 0.0 0.0
китай 0.002212 1.171183 0.002591
классическим 0.002212 0.0 0.0
клон 0.002212 0.0 0.0
ключевую 0.002212 3.912023 0.008655
комментирования 0.002212 0.0 0.0
компании 0.002212 1.347074 0.00298
компаний 0.002212 2.813411 0.006224
компаниям 0.002212 3.506558 0.007758
компенсирует 0.002212 4.60517 0.010188
комфортный 0.002212 0.0 0.0
конец 0.002212 2.525729 0.005588
конкуренции 0.002212 3.506558 0.007758
конференция 0.002212 0.0 0.0
корее 0.002212 0.0 0.0
корпуса 0.002212 0.0 0.0
космос 0.002212 0.0 0.0
космоса 0.002212 0.0 0.0
криптовалют 0.002212 4.60517 0.010188
криптовалюта 0.002212 4.60517 0.010188
криптовалюты 0.002212 4.60517 0.010188
кроссовера 0.002212 0.0 0.0
кроссоверы 0.002212 0.0 0.0
крупные 0.002212 3.506558 0.007758
крупных 0.002212 2.995732 0.006628
кубических 0.002212 0.0 0.0
куки 0.002212 0.0 0.0
легенды 0.002212 4.60517 0.010188
летать 0.002212 0.0 0.0
лету 0.002212 0.0 0.0
листа 0.002212 0.0 0.0
лихорадки 0.002212 3.506558 0.007758
лучшее 0.002212 3.506558 0.007758
мае 0.002212 0.0 0.0
май 0.002212 0.0 0.0
майнеры 0.002212 4.60517 0.010188
майнинг 0.002212 4.60517 0.010188
майнинга 0.002212 4.60517 0.010188
майнинговым 0.002212 4.60517 0.010188
майнингу 0.002212 4.60517 0.010188
малых 0.002212 3.218876 0.007121
марка 0.002212 0.0 0.0
масштабы 0.002212 3.912023 0.008655
материалов 0.002212 0.0 0.0
машину 0.002212 0.0 0.0
мая 0.002212 0.0 0.0
межпланетный 0.002212 0.0 0.0
меняет 0.002212 0.0 0.0
месяцы 0.002212 3.218876 0.007121
метрового 0.002212 0.0 0.0
миллионов 0.002212 0.0 0.0
мире 0.002212 1.771957 0.00392
миру 0.002212 0.0 0.0
многомиллионных 0.002212 4.60517 0.010188
мобильные 0.002212 0.0 0.0
могут 0.002212 0.0 0.0
модернизируют 0.002212 4.60517 0.010188
момент 0.002212 0.0 0.0
монет 0.002212 3.912023 0.008655
монеты 0.002212 3.912023 0.008655
мониторы 0.002212 0.0 0.0
мотобрендов 0.002212 0.0 0.0
мотоциклов 0.002212 0.0 0.0
мощности 0.002212 3.218876 0.007121
мс 0.002212 0.0 0.0
мультимедиа 0.002212 0.0 0.0
нажмите 0.002212 0.0 0.0
назвал 0.002212 0.0 0.0
названием 0.002212 0.0 0.0
наименее 0.002212 4.60517 0.010188
напоминает 0.002212 4.60517 0.010188
нашей 0.002212 0.0 0.0
наши 0.002212 0.0 0.0
нашли 0.002212 0.0 0.0
небольших 0.002212 3.912023 0.008655
нейтронным 0.002212 3.506558 0.007758
низкой 0.002212 2.995732 0.006628
новости 0.002212 0.0 0.0
новые 0.002212 0.0 0.0
новый 0.002212 0.0 0.0
новых 0.002212 1.771957 0.00392
носители 0.002212 0.0 0.0
ноутбуки 0.002212 0.0 0.0
нужны 0.002212 0.0 0.0
обзоры 0.002212 0.0 0.0
облачных 0.002212 4.60517 0.010188
оборудования 0.002212 3.218876 0.007121
обработки 0.002212 0.0 0.0
образцы 0.002212 0.0 0.0
обходится 0.002212 4.60517 0.010188
объявлена 0.002212 0.0 0.0
одним 0.002212 2.525729 0.005588
одной 0.002212 1.832581 0.004054
одноклассник 0.002212 0.0 0.0
окончательно 0.002212 3.912023 0.008655
окупается 0.002212 3.506558 0.007758
оперативно 0.002212 3.912023 0.008655
оптимизация 0.002212 3.912023 0.008655
опубликованного 0.002212 4.60517 0.010188
орбите 0.002212 0.0 0.0
организаций 0.002212 4.60517 0.010188
ос 0.002212 0.0 0.0
остаётся 0.002212 2.040221 0.004514
отдадут 0.002212 0.0 0.0
отечественного 0.002212 0.0 0.0
отказа 0.002212 0.0 0.0
отказались 0.002212 0.0 0.0
отключили 0.002212 0.0 0.0
открытие 0.002212 2.525729 0.005588
отмечают 0.002212 2.65926 0.005883
отрасли 0.002212 2.813411 0.006224
отрасль 0.002212 3.912023 0.008655
очень 0.002212 0.0 0.0
ошибку 0.002212 0.0 0.0
первые 0.002212 1.560648 0.003453
переднего 0.002212 0.0 0.0
переключаться 0.002212 4.60517 0.010188
перепрофилировать 0.002212 4.60517 0.010188
перестал 0.002212 3.912023 0.008655
переход 0.002212 2.120264 0.004691
период 0.002212 0.0 0.0
периоды 0.002212 4.60517 0.010188
периферия 0.002212 0.0 0.0
персональные 0.002212 0.0 0.0
персональных 0.002212 0.0 0.0
пиар 0.002212 0.0 0.0
пк 0.002212 0.0 0.0
планшеты 0.002212 0.0 0.0
платформа 0.002212 0.0 0.0
пн 0.002212 0.0 0.0
погоня 0.002212 4.60517 0.010188
подвел 0.002212 0.0 0.0
поддержку 0.002212 2.65926 0.005883
поднял 0.002212 0.0 0.0
подобные 0.002212 3.506558 0.007758
подробнее 0.002212 0.0 0.0
подтверждают 0.002212 3.506558 0.007758
позволяет 0.002212 1.832581 0.004054
позволяют 0.002212 3.218876 0.007121
поиск 0.002212 0.0 0.0
пока 0.002212 0.0 0.0
полезные 0.002212 0.0 0.0
политика 0.002212 0.0 0.0
политикой 0.002212 0.0 0.0
полноприводными 0.002212 0.0 0.0
полностью 0.002212 2.207275 0.004883
пользователей 0.002212 2.65926 0.005883
полётов 0.002212 0.0 0.0
попробовать 0.002212 0.0 0.0
популярная 0.002212 0.0 0.0
популярных 0.002212 0.0 0.0
посещать 0.002212 0.0 0.0
похоже 0.002212 2.813411 0.006224
правила 0.002212 0.0 0.0
прайс 0.002212 0.0 0.0
превосходство 0.002212 4.60517 0.010188
превратился 0.002212 4.60517 0.010188
превысила 0.002212 2.813411 0.006224
представлен 0.002212 0.0 0.0
предыдущем 0.002212 4.60517 0.010188
прибавка 0.002212 0.0 0.0
привода 0.002212 0.0 0.0
применение 0.002212 3.912023 0.008655
принтеры 0.002212 0.0 0.0
причины 0.002212 0.0 0.0
пробизнес 0.002212 0.0 0.0
проведения 0.002212 0.0 0.0
программы 0.002212 0.0 0.0
продавать 0.002212 0.0 0.0
продажи 0.002212 0.0 0.0
продолжая 0.002212 0.0 0.0
проектов 0.002212 0.0 0.0
проекторы 0.002212 0.0 0.0
проекты 0.002212 0.0 0.0
пролить 0.002212 0.0 0.0
промышленные 0.002212 3.506558 0.007758
прорывов 0.002212 3.912023 0.008655
процесса 0.002212 3.218876 0.007121
процессы 0.002212 0.0 0.0
прошлое 0.002212 4.60517 0.010188
пт 0.002212 0.0 0.0
публичным 0.002212 4.60517 0.010188
работы 0.002212 0.0 0.0
радиационной 0.002212 3.506558 0.007758
размещённые 0.002212 4.60517 0.010188
ранних 0.002212 4.60517 0.010188
расхождение 0.002212 4.60517 0.010188
реакторов 0.002212 3.218876 0.007121
реалии 0.002212 4.60517 0.010188
реальных 0.002212 0.0 0.0
регионах 0.002212 3.506558 0.007758
регионов 0.002212 3.506558 0.007758
результаты 0.002212 0.0 0.0
реклама 0.002212 0.0 0.0
рекордным 0.002212 3.218876 0.007121
рентабельность 0.002212 4.60517 0.010188
решает 0.002212 0.0 0.0
рисков 0.002212 2.995732 0.006628
роль 0.002212 1.89712 0.004197
россии 0.002212 0.0 0.0
россияне 0.002212 0.0 0.0
рублей 0.002212 0.0 0.0
рынка 0.002212 2.525729 0.005588
рынок 0.002212 0.0 0.0
рыночная 0.002212 4.60517 0.010188
рядовых 0.002212 4.60517 0.010188
сайте 0.002212 0.0 0.0
сайты 0.002212 0.0 0.0
самая 0.002212 0.0 0.0
самой 0.002212 2.525729 0.005588
самолётах 0.002212 0.0 0.0
самых 0.002212 0.0 0.0
сантиметров 0.002212 0.0 0.0
сб 0.002212 0.0 0.0
сбора 0.002212 0.0 0.0
свет 0.002212 0.0 0.0
своей 0.002212 0.0 0.0
связи 0.002212 0.0 0.0
связь 0.002212 0.0 0.0
себестоимость 0.002212 4.60517 0.010188
сегодня 0.002212 0.0 0.0
серверы 0.002212 0.0 0.0
сервисы 0.002212 0.0 0.0
сертификацию 0.002212 0.0 0.0
сети 0.002212 0.0 0.0
синтезировали 0.002212 3.506558 0.007758
скандинавии 0.002212 4.60517 0.010188
сколько 0.002212 2.207275 0.004883
скоро 0.002212 0.0 0.0
скорость 0.002212 2.302585 0.005094
сложности 0.002212 0.0 0.0
случайно 0.002212 3.912023 0.008655
снижая 0.002212 3.912023 0.008655
снова 0.002212 0.0 0.0
советский 0.002212 0.0 0.0
современные 0.002212 2.302585 0.005094
соглашаетесь 0.002212 0.0 0.0
создал 0.002212 2.120264 0.004691
создания 0.002212 2.120264 0.004691
сообществе 0.002212 4.60517 0.010188
сообщество 0.002212 3.912023 0.008655
соотношением 0.002212 3.506558 0.007758
составляет 0.002212 2.407946 0.005327
состояния 0.002212 3.218876 0.007121
сотнями 0.002212 4.60517 0.010188
спасают 0.002212 4.60517 0.010188
спасти 0.002212 0.0 0.0
способности 0.002212 2.995732 0.006628
ср 0.002212 0.0 0.0
среда 0.002212 0.0 0.0
ссылки 0.002212 0.0 0.0
ставит 0.002212 2.040221 0.004514
ставку 0.002212 2.813411 0.006224
стал 0.002212 0.0 0.0
стартуют 0.002212 0.0 0.0
статистика 0.002212 0.0 0.0
статьи 0.002212 0.0 0.0
стоимость 0.002212 0.0 0.0
столько 0.002212 2.407946 0.005327
стороны 0.002212 2.525729 0.005588
страну 0.002212 3.912023 0.008655
стратегия 0.002212 3.912023 0.008655
судя 0.002212 3.506558 0.007758
считаные 0.002212 4.60517 0.010188
сша 0.002212 0.0 0.0
тайконавты 0.002212 0.0 0.0
таких 0.002212 2.207275 0.004883
такое 0.002212 4.60517 0.010188
тарифов 0.002212 4.60517 0.010188
тв 0.002212 0.0 0.0
теги 0.002212 0.0 0.0
текст 0.002212 0.0 0.0
текущая 0.002212 3.506558 0.007758
технический 0.002212 0.0 0.0
техническую 0.002212 3.506558 0.007758
технологическое 0.002212 4.60517 0.010188
технологиях 0.002212 3.912023 0.008655
типов 0.002212 2.995732 0.006628
топ 0.002212 0.0 0.0
требуют 0.002212 2.65926 0.005883
тыс 0.002212 0.0 0.0
убрали 0.002212 0.0 0.0
убытков 0.002212 4.60517 0.010188
увеличивая 0.002212 3.218876 0.007121
узкоспециализированную 0.002212 4.60517 0.010188
упасть 0.002212 0.0 0.0
условиях 0.002212 1.771957 0.00392
установок 0.002212 2.995732 0.006628
устройства 0.002212 0.0 0.0
ученые 0.002212 1.89712 0.004197
ученым 0.002212 0.0 0.0
ушла 0.002212 3.218876 0.007121
файлы 0.002212 0.0 0.0
фермы 0.002212 4.60517 0.010188
флагманского 0.002212 0.0 0.0
фото 0.002212 0.0 0.0
фундаментальные 0.002212 0.0 0.0
хеджирования 0.002212 4.60517 0.010188
хитом 0.002212 0.0 0.0
целесообразность 0.002212 4.60517 0.010188
цена 0.002212 1.714798 0.003794
центральной 0.002212 4.60517 0.010188
центры 0.002212 2.995732 0.006628
цены 0.002212 0.0 0.0
цифра 0.002212 4.60517 0.010188
цифровой 0.002212 3.506558 0.007758
цифровым 0.002212 4.60517 0.010188
части 0.002212 0.0 0.0
частных 0.002212 3.506558 0.007758
человека 0.002212 0.0 0.0
чт 0.002212 0.0 0.0
экология 0.002212 4.60517 0.010188
экономическую 0.002212 4.60517 0.010188
экспорт 0.002212 0.0 0.0
электроэнергией 0.002212 3.912023 0.008655
электроэнергию 0.002212 3.912023 0.008655
эмбрионы 0.002212 0.0 0.0
энергии 0.002212 2.207275 0.004883
энергопотребление 0.002212 3.506558 0.007758
энергоэффективность 0.002212 3.218876 0.007121
энергоэффективных 0.002212 4.60517 0.010188
энтузиастов 0.002212 4.60517 0.010188
эпоха 0.002212 4.60517 0.010188
эре 0.002212 4.60517 0.010188
эта 0.002212 1.514128 0.00335
южной 0.002212 0.0 0.0
