авиалайнера 0.002967 0.0 0.0
австралии 0.002967 0.0 0.0
автоваз 0.002967 0.0 0.0
автоматом 0.002967 0.0 0.0
автопроизводителя 0.002967 0.0 0.0
автор 0.002967 0.0 0.0
авторы 0.002967 0.0 0.0
администрацией 0.002967 0.0 0.0
адрес 0.002967 0.0 0.0
америке 0.002967 0.0 0.0
аналитики 0.002967 0.0 0.0
баков 0.002967 4.60517 0.013665
белка 0.002967 0.0 0.0
биологические 0.002967 0.0 0.0
биологических 0.002967 0.0 0.0
ближнем 0.002967 0.0 0.0
блоги 0.002967 0.0 0.0
будут 0.002967 0.0 0.0
быстро 0.002967 0.0 0.0
верхней 0.002967 3.506558 0.010405
весом 0.002967 0.0 0.0
видео 0.002967 0.0 0.0
видеокарты 0.002967 0.0 0.0
внедорожники 0.002967 0.0 0.0
войти 0.002967 0.0 0.0
вопросы 0.002967 2.525729 0.007495
востоке 0.002967 0.0 0.0
вс 0.002967 0.0 0.0
всему 0.002967 0.0 0.0
вт 0.002967 0.0 0.0
входят 0.002967 0.0 0.0
выделите 0.002967 0.0 0.0
выходит 0.002967 0.0 0.0
главную 0.002967 0.0 0.0
года 0.002967 0.0 0.0
готовность 0.002967 3.506558 0.010405
готовящегося 0.002967 3.506558 0.010405
графика 0.002967 3.218876 0.009552
данные 0.002967 0.0 0.0
данный 0.002967 0.0 0.0
данных 0.002967 0.0 0.0
двигателей 0.002967 2.525729 0.007495
двигатели 0.002967 0.0 0.0
двигатель 0.002967 0.0 0.0
двигателя 0.002967 1.89712 0.005629
двигателями 0.002967 2.65926 0.007891
двух 0.002967 0.0 0.0
девятому 0.002967 3.506558 0.010405
детали 0.002967 3.506558 0.010405
дизайн 0.002967 0.0 0.0
директор 0.002967 0.0 0.0
днищем 0.002967 4.60517 0.013665
долларов 0.002967 0.0 0.0
дом 0.002967 0.0 0.0
доработки 0.002967 3.912023 0.011608
доставили 0.002967 0.0 0.0
достигает 0.002967 0.0 0.0
завершат 0.002967 0.0 0.0
завершения 0.002967 3.506558 0.010405
задействовать 0.002967 4.60517 0.013665
задействуют 0.002967 4.60517 0.013665
заметен 0.002967 3.912023 0.011608
заметили 0.002967 3.912023 0.011608
запланированному 0.002967 3.506558 0.010405
запускает 0.002967 3.506558 0.010405
запуску 0.002967 2.995732 0.008889
запустили 0.002967 3.912023 0.011608
защиты 0.002967 0.0 0.0
земле 0.002967 0.0 0.0
земли 0.002967 0.0 0.0
зонд 0.002967 0.0 0.0
зонда 0.002967 0.0 0.0
игры 0.002967 0.0 0.0
изменения 0.002967 3.218876 0.009552
илона 0.002967 2.207275 0.00655
имитирующее 0.002967 4.60517 0.013665
инновационный 0.002967 0.0 0.0
инсультом 0.002967 3.506558 0.010405
информации 0.002967 0.0 0.0
использования 0.002967 0.0 0.0
испытание 0.002967 3.912023 0.011608
испытания 0.002967 2.302585 0.006833
испытательной 0.002967 4.60517 0.013665
исследований 0.002967 0.0 0.0
источник 0.002967 0.0 0.0
итоге 0.002967 4.60517 0.013665
календарь 0.002967 0.0 0.0
категории 0.002967 0.0 0.0
кг 0.002967 0.0 0.0
километров 0.002967 0.0 0.0
классическим 0.002967 0.0 0.0
клон 0.002967 0.0 0.0
комментариев 0.002967 4.60517 0.013665
комментирования 0.002967 0.0 0.0
компания 0.002967 0.820981 0.002436
комфортный 0.002967 0.0 0.0
конструкции 0.002967 4.60517 0.013665
конференция 0.002967 0.0 0.0
корабля 0.002967 2.813411 0.008348
корее 0.002967 0.0 0.0
корпуса 0.002967 0.0 0.0
космос 0.002967 0.0 0.0
космоса 0.002967 0.0 0.0
космосе 0.002967 2.995732 0.008889
которое 0.002967 2.525729 0.007495
кроссовера 0.002967 0.0 0.0
кроссоверы 0.002967 0.0 0.0
кубических 0.002967 0.0 0.0
куки 0.002967 0.0 0.0
летать 0.002967 0.0 0.0
лету 0.002967 0.0 0.0
листа 0.002967 0.0 0.0
людям 0.002967 3.506558 0.010405
мае 0.002967 0.0 0.0
май 0.002967 0.0 0.0
марка 0.002967 0.0 0.0
маска 0.002967 2.207275 0.00655
материалов 0.002967 0.0 0.0
машину 0.002967 0.0 0.0
мая 0.002967 0.0 0.0
межпланетный 0.002967 0.0 0.0
меняет 0.002967 0.0 0.0
метрового 0.002967 0.0 0.0
миллионов 0.002967 0.0 0.0
миру 0.002967 0.0 0.0
миссии 0.002967 1.514128 0.004493
мобильные 0.002967 0.0 0.0
могут 0.002967 0.0 0.0
мозга 0.002967 3.218876 0.009552
момент 0.002967 0.0 0.0
мониторы 0.002967 0.0 0.0
мотобрендов 0.002967 0.0 0.0
мотоциклов 0.002967 0.0 0.0
мс 0.002967 0.0 0.0
мультимедиа 0.002967 0.0 0.0
мэсси 0.002967 3.912023 0.011608
нажмите 0.002967 0.0 0.0
назвал 0.002967 0.0 0.0
названием 0.002967 0.0 0.0
нашей 0.002967 0.0 0.0
наши 0.002967 0.0 0.0
нашли 0.002967 0.0 0.0
небольшой 0.002967 4.60517 0.013665
новости 0.002967 0.0 0.0
новые 0.002967 0.0 0.0
новый 0.002967 0.0 0.0
носители 0.002967 0.0 0.0
ноутбуки 0.002967 0.0 0.0
нужны 0.002967 0.0 0.0
обзоры 0.002967 0.0 0.0
обработки 0.002967 0.0 0.0
образцы 0.002967 0.0 0.0
объявлена 0.002967 0.0 0.0
огневой 0.002967 3.218876 0.009552
огня 0.002967 4.60517 0.013665
одного 0.002967 2.525729 0.007495
одной 0.002967 1.832581 0.005438
одноклассник 0.002967 0.0 0.0
орбите 0.002967 0.0 0.0
ос 0.002967 0.0 0.0
оставил 0.002967 0.0 0.0
отдадут 0.002967 0.0 0.0
отечественного 0.002967 0.0 0.0
отказа 0.002967 0.0 0.0
отказались 0.002967 0.0 0.0
отключили 0.002967 0.0 0.0
отстаёт 0.002967 3.218876 0.009552
официальные 0.002967 4.60517 0.013665
очень 0.002967 0.0 0.0
ошибку 0.002967 0.0 0.0
параличом 0.002967 3.218876 0.009552
переднего 0.002967 0.0 0.0
период 0.002967 0.0 0.0
периферия 0.002967 0.0 0.0
персональные 0.002967 0.0 0.0
персональных 0.002967 0.0 0.0
пиар 0.002967 0.0 0.0
пк 0.002967 0.0 0.0
пламя 0.002967 4.60517 0.013665
плана 0.002967 2.813411 0.008348
планируется 0.002967 3.506558 0.010405
планшеты 0.002967 0.0 0.0
платформа 0.002967 0.0 0.0
площадке 0.002967 3.506558 0.010405
пн 0.002967 0.0 0.0
поводу 0.002967 3.912023 0.011608
повреждением 0.002967 2.995732 0.008889
повторно 0.002967 4.60517 0.013665
подвел 0.002967 0.0 0.0
подготовки 0.002967 3.218876 0.009552
поднял 0.002967 0.0 0.0
подробнее 0.002967 0.0 0.0
подробности 0.002967 2.65926 0.007891
подтвердив 0.002967 3.912023 0.011608
пожар 0.002967 3.506558 0.010405
поиск 0.002967 0.0 0.0
пока 0.002967 0.0 0.0
показаться 0.002967 3.506558 0.010405
полезные 0.002967 0.0 0.0
полете 0.002967 4.60517 0.013665
полету 0.002967 4.60517 0.013665
политика 0.002967 0.0 0.0
политикой 0.002967 0.0 0.0
полноприводными 0.002967 0.0 0.0
получил 0.002967 1.514128 0.004493
получит 0.002967 2.525729 0.007495
полётов 0.002967 0.0 0.0
поможет 0.002967 2.995732 0.008889
попробовать 0.002967 0.0 0.0
популярная 0.002967 0.0 0.0
популярных 0.002967 0.0 0.0
посещать 0.002967 0.0 0.0
появились 0.002967 2.813411 0.008348
появления 0.002967 4.60517 0.013665
правила 0.002967 0.0 0.0
прайс 0.002967 0.0 0.0
предоставила 0.002967 3.912023 0.011608
представлен 0.002967 0.0 0.0
предстоящей 0.002967 4.60517 0.013665
прибавка 0.002967 0.0 0.0
привода 0.002967 0.0 0.0
принтеры 0.002967 0.0 0.0
причины 0.002967 0.0 0.0
пробизнес 0.002967 0.0 0.0
проведения 0.002967 0.0 0.0
провела 0.002967 2.65926 0.007891
проверили 0.002967 4.60517 0.013665
программы 0.002967 0.0 0.0
продавать 0.002967 0.0 0.0
продажи 0.002967 0.0 0.0
продолжая 0.002967 0.0 0.0
проектов 0.002967 0.0 0.0
проекторы 0.002967 0.0 0.0
проекты 0.002967 0.0 0.0
прожиг 0.002967 3.218876 0.009552
прожиге 0.002967 3.506558 0.010405
пролить 0.002967 0.0 0.0
прототип 0.002967 2.65926 0.007891
процессы 0.002967 0.0 0.0
прошедшими 0.002967 4.60517 0.013665
прошло 0.002967 2.207275 0.00655
пт 0.002967 0.0 0.0
работу 0.002967 2.525729 0.007495
работы 0.002967 0.0 0.0
ракеты 0.002967 2.040221 0.006054
ранее 0.002967 1.771957 0.005258
реальных 0.002967 0.0 0.0
революционного 0.002967 3.506558 0.010405
результаты 0.002967 0.0 0.0
реклама 0.002967 0.0 0.0
решает 0.002967 0.0 0.0
россии 0.002967 0.0 0.0
россияне 0.002967 0.0 0.0
рублей 0.002967 0.0 0.0
рынок 0.002967 0.0 0.0
сайте 0.002967 0.0 0.0
сайты 0.002967 0.0 0.0
самая 0.002967 0.0 0.0
самолётах 0.002967 0.0 0.0
самых 0.002967 0.0 0.0
сантиметров 0.002967 0.0 0.0
сб 0.002967 0.0 0.0
сбора 0.002967 0.0 0.0
свет 0.002967 0.0 0.0
своей 0.002967 0.0 0.0
связи 0.002967 0.0 0.0
связь 0.002967 0.0 0.0
сегодня 0.002967 0.0 0.0
серверы 0.002967 0.0 0.0
сервисы 0.002967 0.0 0.0
середину 0.002967 3.506558 0.010405
сертификацию 0.002967 0.0 0.0
сети 0.002967 0.0 0.0
системы 0.002967 1.469676 0.004361
скоро 0.002967 0.0 0.0
сложности 0.002967 0.0 0.0
снова 0.002967 0.0 0.0
советский 0.002967 0.0 0.0
соглашаетесь 0.002967 0.0 0.0
сообщалось 0.002967 3.912023 0.011608
спасти 0.002967 0.0 0.0
спинного 0.002967 3.218876 0.009552
ср 0.002967 0.0 0.0
среда 0.002967 0.0 0.0
ссылки 0.002967 0.0 0.0
стал 0.002967 0.0 0.0
стартуют 0.002967 0.0 0.0
статистика 0.002967 0.0 0.0
статус 0.002967 2.995732 0.008889
статьи 0.002967 0.0 0.0
стоимость 0.002967 0.0 0.0
стороны 0.002967 2.525729 0.007495
ступенью 0.002967 4.60517 0.013665
сша 0.002967 0.0 0.0
тайконавты 0.002967 0.0 0.0
тв 0.002967 0.0 0.0
теги 0.002967 0.0 0.0
текст 0.002967 0.0 0.0
теплозащиты 0.002967 3.912023 0.011608
тест 0.002967 1.171183 0.003475
теста 0.002967 3.912023 0.011608
тесте 0.002967 4.60517 0.013665
техас 0.002967 2.65926 0.007891
технический 0.002967 0.0 0.0
топ 0.002967 0.0 0.0
тыс 0.002967 0.0 0.0
убрали 0.002967 0.0 0.0
указывать 0.002967 3.912023 0.011608
упасть 0.002967 0.0 0.0
упоминали 0.002967 4.60517 0.013665
ускоритель 0.002967 4.60517 0.013665
успешно 0.002967 2.407946 0.007145
устройства 0.002967 0.0 0.0
утечку 0.002967 4.60517 0.013665
уточняются 0.002967 4.60517 0.013665
ученым 0.002967 0.0 0.0
файлы 0.002967 0.0 0.0
флагманского 0.002967 0.0 0.0
фото 0.002967 0.0 0.0
фундаментальные 0.002967 0.0 0.0
хитом 0.002967 0.0 0.0
цены 0.002967 0.0 0.0
церебральным 0.002967 3.506558 0.010405
части 0.002967 0.0 0.0
часто 0.002967 1.714798 0.005088
частью 0.002967 3.218876 0.009552
человека 0.002967 0.0 0.0
чип 0.002967 1.966113 0.005834
чт 0.002967 0.0 0.0
шести 0.002967 2.65926 0.007891
шесть 0.002967 2.995732 0.008889
штат 0.002967 2.813411 0.008348
экспорт 0.002967 0.0 0.0
эмбрионы 0.002967 0.0 0.0
этому 0.002967 3.218876 0.009552
южной 0.002967 0.0 0.0
является 0.002967 3.218876 0.009552
