авиалайнера 0.00289 0.0 0.0
австралии 0.00289 0.0 0.0
автоваз 0.00289 0.0 0.0
автоматом 0.00289 0.0 0.0
автопроизводителя 0.00289 0.0 0.0
автор 0.00289 0.0 0.0
авторы 0.00289 0.0 0.0
администрацией 0.00289 0.0 0.0
адрес 0.00289 0.0 0.0
американского 0.00289 3.912023 0.011306
америке 0.00289 0.0 0.0
аналитики 0.00289 0.0 0.0
атомные 0.00289 3.218876 0.009303
белка 0.00289 0.0 0.0
бенджамина 0.00289 4.60517 0.01331
биологические 0.00289 0.0 0.0
биологических 0.00289 0.0 0.0
ближнем 0.00289 0.0 0.0
блоги 0.00289 0.0 0.0
будут 0.00289 0.0 0.0
быстро 0.00289 0.0 0.0
бьют 0.00289 2.302585 0.006655
весом 0.00289 0.0 0.0
видео 0.00289 0.0 0.0
видеокарты 0.00289 0.0 0.0
видят 0.00289 4.60517 0.01331
вмещает 0.00289 3.912023 0.011306
внедорожники 0.00289 0.0 0.0
воды 0.00289 2.813411 0.008131
войти 0.00289 0.0 0.0
востоке 0.00289 0.0 0.0
вперед 0.00289 3.506558 0.010135
вращение 0.00289 2.65926 0.007686
вращения 0.00289 3.506558 0.010135
вс 0.00289 0.0 0.0
вселенной 0.00289 2.813411 0.008131
всему 0.00289 0.0 0.0
вт 0.00289 0.0 0.0
входят 0.00289 0.0 0.0
выделите 0.00289 0.0 0.0
вызвала 0.00289 3.506558 0.010135
выйдет 0.00289 3.912023 0.011306
вырабатываемой 0.00289 4.60517 0.01331
высоту 0.00289 4.60517 0.01331
выходит 0.00289 0.0 0.0
выходном 0.00289 4.60517 0.01331
главную 0.00289 0.0 0.0
года 0.00289 0.0 0.0
годдарда 0.00289 4.60517 0.01331
году 0.00289 1.272966 0.003679
данные 0.00289 0.0 0.0
данный 0.00289 0.0 0.0
данных 0.00289 0.0 0.0
двигатели 0.00289 0.0 0.0
двигатель 0.00289 0.0 0.0
двух 0.00289 0.0 0.0
делает 0.00289 2.302585 0.006655
делая 0.00289 3.218876 0.009303
дизайн 0.00289 0.0 0.0
директор 0.00289 0.0 0.0
длительность 0.00289 3.912023 0.011306
дня 0.00289 0.0 0.0
добавления 0.00289 4.60517 0.01331
доктора 0.00289 4.60517 0.01331
долларов 0.00289 0.0 0.0
дом 0.00289 0.0 0.0
дополнительном 0.00289 4.60517 0.01331
дополнительных 0.00289 4.60517 0.01331
дороже 0.00289 3.506558 0.010135
доставили 0.00289 0.0 0.0
достигает 0.00289 0.0 0.0
ещё 0.00289 1.89712 0.005483
её 0.00289 1.203973 0.00348
завершат 0.00289 0.0 0.0
завершённая 0.00289 4.60517 0.01331
замедлению 0.00289 4.60517 0.01331
замедлил 0.00289 3.506558 0.010135
замедлили 0.00289 4.60517 0.01331
защиты 0.00289 0.0 0.0
земле 0.00289 0.0 0.0
земли 0.00289 0.0 0.0
землю 0.00289 2.813411 0.008131
зонд 0.00289 0.0 0.0
зонда 0.00289 0.0 0.0
игры 0.00289 0.0 0.0
изменил 0.00289 2.813411 0.008131
изменила 0.00289 4.60517 0.01331
инновационный 0.00289 0.0 0.0
информации 0.00289 0.0 0.0
иронизируют 0.00289 4.60517 0.01331
использования 0.00289 0.0 0.0
исследование 0.00289 2.120264 0.006128
исследований 0.00289 0.0 0.0
источник 0.00289 0.0 0.0
календарь 0.00289 0.0 0.0
категории 0.00289 0.0 0.0
кг 0.00289 0.0 0.0
километров 0.00289 0.0 0.0
китае 0.00289 2.302585 0.006655
китай 0.00289 1.171183 0.003385
классическим 0.00289 0.0 0.0
клон 0.00289 0.0 0.0
количество 0.00289 3.218876 0.009303
комментирования 0.00289 0.0 0.0
комфортный 0.00289 0.0 0.0
конференция 0.00289 0.0 0.0
корее 0.00289 0.0 0.0
корпуса 0.00289 0.0 0.0
космических 0.00289 2.302585 0.006655
космос 0.00289 0.0 0.0
космоса 0.00289 0.0 0.0
которая 0.00289 1.560648 0.004511
кроссовера 0.00289 0.0 0.0
кроссоверы 0.00289 0.0 0.0
крупнейшая 0.00289 4.60517 0.01331
крупнейшей 0.00289 4.60517 0.01331
кубических 0.00289 0.0 0.0
куки 0.00289 0.0 0.0
лет 0.00289 0.0 0.0
летать 0.00289 0.0 0.0
лету 0.00289 0.0 0.0
листа 0.00289 0.0 0.0
мае 0.00289 0.0 0.0
май 0.00289 0.0 0.0
марка 0.00289 0.0 0.0
масса 0.00289 3.506558 0.010135
массивна 0.00289 4.60517 0.01331
материалов 0.00289 0.0 0.0
машину 0.00289 0.0 0.0
мая 0.00289 0.0 0.0
межпланетный 0.00289 0.0 0.0
меняет 0.00289 0.0 0.0
метров 0.00289 0.0 0.0
метрового 0.00289 0.0 0.0
мечтают 0.00289 4.60517 0.01331
микросекунды 0.00289 4.60517 0.01331
миллионов 0.00289 0.0 0.0
мира 0.00289 3.506558 0.010135
мире 0.00289 1.771957 0.005121
миру 0.00289 0.0 0.0
млн 0.00289 1.108663 0.003204
млрд 0.00289 2.302585 0.006655
мобильные 0.00289 0.0 0.0
могут 0.00289 0.0 0.0
момент 0.00289 0.0 0.0
мониторы 0.00289 0.0 0.0
мотобрендов 0.00289 0.0 0.0
мотоциклов 0.00289 0.0 0.0
мощности 0.00289 3.218876 0.009303
мс 0.00289 0.0 0.0
мультимедиа 0.00289 0.0 0.0
нажмите 0.00289 0.0 0.0
назвал 0.00289 0.0 0.0
названием 0.00289 0.0 0.0
настолько 0.00289 3.506558 0.010135
наука 0.00289 1.966113 0.005682
нашей 0.00289 0.0 0.0
наши 0.00289 0.0 0.0
нашли 0.00289 0.0 0.0
некоторые 0.00289 3.218876 0.009303
новости 0.00289 0.0 0.0
новость 0.00289 4.60517 0.01331
новые 0.00289 0.0 0.0
новый 0.00289 0.0 0.0
носители 0.00289 0.0 0.0
ноутбуки 0.00289 0.0 0.0
нужны 0.00289 0.0 0.0
обзоры 0.00289 0.0 0.0
обработки 0.00289 0.0 0.0
образцы 0.00289 0.0 0.0
объявлена 0.00289 0.0 0.0
огромное 0.00289 4.60517 0.01331
одно 0.00289 0.0 0.0
одной 0.00289 1.832581 0.005296
одноклассник 0.00289 0.0 0.0
оказался 0.00289 3.506558 0.010135
округлой 0.00289 4.60517 0.01331
опровержение 0.00289 4.60517 0.01331
орбите 0.00289 0.0 0.0
ос 0.00289 0.0 0.0
отдадут 0.00289 0.0 0.0
отечественного 0.00289 0.0 0.0
отказа 0.00289 0.0 0.0
отказались 0.00289 0.0 0.0
отключили 0.00289 0.0 0.0
очень 0.00289 0.0 0.0
ошибку 0.00289 0.0 0.0
первые 0.00289 1.560648 0.004511
переднего 0.00289 0.0 0.0
период 0.00289 0.0 0.0
периферия 0.00289 0.0 0.0
персональные 0.00289 0.0 0.0
персональных 0.00289 0.0 0.0
пиар 0.00289 0.0 0.0
пк 0.00289 0.0 0.0
планеты 0.00289 2.302585 0.006655
планшеты 0.00289 0.0 0.0
платформа 0.00289 0.0 0.0
плоской 0.00289 4.60517 0.01331
плотин 0.00289 4.60517 0.01331
плотина 0.00289 4.60517 0.01331
плотины 0.00289 4.60517 0.01331
пн 0.00289 0.0 0.0
подвел 0.00289 0.0 0.0
поднял 0.00289 0.0 0.0
подробнее 0.00289 0.0 0.0
поиск 0.00289 0.0 0.0
пока 0.00289 0.0 0.0
полезные 0.00289 0.0 0.0
политика 0.00289 0.0 0.0
политикой 0.00289 0.0 0.0
полноприводными 0.00289 0.0 0.0
пользователи 0.00289 3.506558 0.010135
полюсах 0.00289 4.60517 0.01331
полётов 0.00289 0.0 0.0
попробовать 0.00289 0.0 0.0
популярная 0.00289 0.0 0.0
популярных 0.00289 0.0 0.0
посещать 0.00289 0.0 0.0
построенная 0.00289 4.60517 0.01331
потребовалось 0.00289 4.60517 0.01331
правила 0.00289 0.0 0.0
прайс 0.00289 0.0 0.0
представлен 0.00289 0.0 0.0
прибавка 0.00289 0.0 0.0
привода 0.00289 0.0 0.0
приводит 0.00289 4.60517 0.01331
принтеры 0.00289 0.0 0.0
причины 0.00289 0.0 0.0
пробизнес 0.00289 0.0 0.0
проведения 0.00289 0.0 0.0
программы 0.00289 0.0 0.0
продавать 0.00289 0.0 0.0
продажи 0.00289 0.0 0.0
продолжая 0.00289 0.0 0.0
проекта 0.00289 2.407946 0.006959
проектов 0.00289 0.0 0.0
проекторы 0.00289 0.0 0.0
проекты 0.00289 0.0 0.0
пролить 0.00289 0.0 0.0
простирается 0.00289 4.60517 0.01331
просят 0.00289 3.506558 0.010135
процессы 0.00289 0.0 0.0
пт 0.00289 0.0 0.0
работы 0.00289 0.0 0.0
раньше 0.00289 2.995732 0.008658
реальных 0.00289 0.0 0.0
результаты 0.00289 0.0 0.0
реке 0.00289 3.912023 0.011306
реклама 0.00289 0.0 0.0
решает 0.00289 0.0 0.0
россии 0.00289 0.0 0.0
россияне 0.00289 0.0 0.0
рублей 0.00289 0.0 0.0
рынок 0.00289 0.0 0.0
сайте 0.00289 0.0 0.0
сайты 0.00289 0.0 0.0
самая 0.00289 0.0 0.0
самолётах 0.00289 0.0 0.0
самых 0.00289 0.0 0.0
сантиметров 0.00289 0.0 0.0
сб 0.00289 0.0 0.0
сбора 0.00289 0.0 0.0
свет 0.00289 0.0 0.0
своей 0.00289 0.0 0.0
связи 0.00289 0.0 0.0
связь 0.00289 0.0 0.0
сегодня 0.00289 0.0 0.0
секунды 0.00289 2.207275 0.006379
серверы 0.00289 0.0 0.0
сервисы 0.00289 0.0 0.0
середине 0.00289 3.506558 0.010135
сертификацию 0.00289 0.0 0.0
сети 0.00289 0.0 0.0
скоро 0.00289 0.0 0.0
словам 0.00289 2.302585 0.006655
сложности 0.00289 0.0 0.0
смещает 0.00289 3.912023 0.011306
снова 0.00289 0.0 0.0
советский 0.00289 0.0 0.0
соглашаетесь 0.00289 0.0 0.0
создали 0.00289 2.813411 0.008131
сообщает 0.00289 2.407946 0.006959
составил 0.00289 3.218876 0.009303
составила 0.00289 3.506558 0.010135
спасти 0.00289 0.0 0.0
ср 0.00289 0.0 0.0
среда 0.00289 0.0 0.0
ссылки 0.00289 0.0 0.0
ссылкой 0.00289 3.912023 0.011306
стал 0.00289 0.0 0.0
стартуют 0.00289 0.0 0.0
статистика 0.00289 0.0 0.0
статьи 0.00289 0.0 0.0
стоимость 0.00289 0.0 0.0
суткам 0.00289 4.60517 0.01331
сутки 0.00289 3.912023 0.011306
существования 0.00289 4.60517 0.01331
считают 0.00289 3.218876 0.009303
сша 0.00289 0.0 0.0
тайконавты 0.00289 0.0 0.0
таких 0.00289 2.207275 0.006379
тв 0.00289 0.0 0.0
теги 0.00289 0.0 0.0
текст 0.00289 0.0 0.0
теорий 0.00289 4.60517 0.01331
технический 0.00289 0.0 0.0
топ 0.00289 0.0 0.0
точностью 0.00289 2.302585 0.006655
тревогу 0.00289 3.218876 0.009303
тыс 0.00289 0.0 0.0
тяжести 0.00289 4.60517 0.01331
убрали 0.00289 0.0 0.0
увеличивая 0.00289 3.218876 0.009303
удерживает 0.00289 3.912023 0.011306
удлинив 0.00289 4.60517 0.01331
универсал 0.00289 2.207275 0.006379
упасть 0.00289 0.0 0.0
уплощённой 0.00289 4.60517 0.01331
устройства 0.00289 0.0 0.0
ученым 0.00289 0.0 0.0
ущелья 0.00289 4.60517 0.01331
файлы 0.00289 0.0 0.0
флагманского 0.00289 0.0 0.0
фонг 0.00289 4.60517 0.01331
форму 0.00289 2.65926 0.007686
форума 0.00289 4.60517 0.01331
фото 0.00289 0.0 0.0
фундаментальные 0.00289 0.0 0.0
хитом 0.00289 0.0 0.0
центр 0.00289 1.714798 0.004956
центра 0.00289 2.65926 0.007686
цены 0.00289 0.0 0.0
части 0.00289 0.0 0.0
часы 0.00289 2.65926 0.007686
человека 0.00289 0.0 0.0
чт 0.00289 0.0 0.0
шведский 0.00289 3.506558 0.010135
ширину 0.00289 4.60517 0.01331
шутки 0.00289 4.60517 0.01331
экспорт 0.00289 0.0 0.0
электростанцией 0.00289 4.60517 0.01331
эмбрионы 0.00289 0.0 0.0
эффект 0.00289 1.609438 0.004652
южной 0.00289 0.0 0.0
янцзы 0.00289 4.60517 0.01331
