авиалайнера 0.003356 0.0 0.0
австралии 0.003356 0.0 0.0
авто 0.003356 0.0 0.0
автоваз 0.003356 0.0 0.0
автоматом 0.003356 0.0 0.0
автомобилей 0.003356 2.207275 0.007407
автопроизводителя 0.003356 0.0 0.0
автор 0.003356 0.0 0.0
авторы 0.003356 0.0 0.0
администрацией 0.003356 0.0 0.0
адрес 0.003356 0.0 0.0
америке 0.003356 0.0 0.0
аналитики 0.003356 0.0 0.0
белка 0.003356 0.0 0.0
биологические 0.003356 0.0 0.0
биологических 0.003356 0.0 0.0
ближнем 0.003356 0.0 0.0
блоги 0.003356 0.0 0.0
боится 0.003356 3.506558 0.011767
брендов 0.003356 0.0 0.0
будут 0.003356 0.0 0.0
быстро 0.003356 0.0 0.0
ввозили 0.003356 4.60517 0.015454
весом 0.003356 0.0 0.0
видео 0.003356 0.0 0.0
видеокарты 0.003356 0.0 0.0
внедорожники 0.003356 0.0 0.0
возглавили 0.003356 3.218876 0.010802
войти 0.003356 0.0 0.0
востоке 0.003356 0.0 0.0
вошли 0.003356 4.60517 0.015454
вс 0.003356 0.0 0.0
всему 0.003356 0.0 0.0
вт 0.003356 0.0 0.0
входят 0.003356 0.0 0.0
выделите 0.003356 0.0 0.0
выходит 0.003356 0.0 0.0
выше 0.003356 1.609438 0.005401
генпрокуратура 0.003356 3.506558 0.011767
главную 0.003356 0.0 0.0
глобальных 0.003356 3.912023 0.013128
год 0.003356 0.0 0.0
года 0.003356 0.0 0.0
году 0.003356 1.272966 0.004272
данные 0.003356 0.0 0.0
данный 0.003356 0.0 0.0
данных 0.003356 0.0 0.0
двигатели 0.003356 0.0 0.0
двигатель 0.003356 0.0 0.0
двух 0.003356 0.0 0.0
дизайн 0.003356 0.0 0.0
директор 0.003356 0.0 0.0
долларов 0.003356 0.0 0.0
доля 0.003356 4.60517 0.015454
дом 0.003356 0.0 0.0
доставили 0.003356 0.0 0.0
достигает 0.003356 0.0 0.0
достигнув 0.003356 4.60517 0.015454
единиц 0.003356 2.995732 0.010053
единицами 0.003356 4.60517 0.015454
завершат 0.003356 0.0 0.0
запрещать 0.003356 3.506558 0.011767
защиты 0.003356 0.0 0.0
земле 0.003356 0.0 0.0
земли 0.003356 0.0 0.0
зонд 0.003356 0.0 0.0
зонда 0.003356 0.0 0.0
игры 0.003356 0.0 0.0
имеют 0.003356 3.912023 0.013128
импорту 0.003356 3.506558 0.011767
инновационный 0.003356 0.0 0.0
информации 0.003356 0.0 0.0
использования 0.003356 0.0 0.0
исследований 0.003356 0.0 0.0
источник 0.003356 0.0 0.0
календарь 0.003356 0.0 0.0
категории 0.003356 0.0 0.0
квартале 0.003356 3.218876 0.010802
кг 0.003356 0.0 0.0
километров 0.003356 0.0 0.0
китай 0.003356 1.171183 0.00393
китайских 0.003356 2.995732 0.010053
классическим 0.003356 0.0 0.0
клон 0.003356 0.0 0.0
комментирования 0.003356 0.0 0.0
компания 0.003356 0.820981 0.002755
комфортный 0.003356 0.0 0.0
конференция 0.003356 0.0 0.0
корее 0.003356 0.0 0.0
корпуса 0.003356 0.0 0.0
космос 0.003356 0.0 0.0
космоса 0.003356 0.0 0.0
которые 0.003356 1.309333 0.004394
кроссовера 0.003356 0.0 0.0
кроссоверы 0.003356 0.0 0.0
кубических 0.003356 0.0 0.0
куки 0.003356 0.0 0.0
легковых 0.003356 4.60517 0.015454
летать 0.003356 0.0 0.0
лету 0.003356 0.0 0.0
лидером 0.003356 3.218876 0.010802
листа 0.003356 0.0 0.0
мае 0.003356 0.0 0.0
май 0.003356 0.0 0.0
марка 0.003356 0.0 0.0
материалов 0.003356 0.0 0.0
машину 0.003356 0.0 0.0
машины 0.003356 1.771957 0.005946
мая 0.003356 0.0 0.0
межпланетный 0.003356 0.0 0.0
меньше 0.003356 2.407946 0.00808
меняет 0.003356 0.0 0.0
метрового 0.003356 0.0 0.0
миллионов 0.003356 0.0 0.0
миру 0.003356 0.0 0.0
млн 0.003356 1.108663 0.00372
мобильные 0.003356 0.0 0.0
могут 0.003356 0.0 0.0
модели 0.003356 1.139434 0.003824
момент 0.003356 0.0 0.0
мониторы 0.003356 0.0 0.0
мотобрендов 0.003356 0.0 0.0
мотоциклов 0.003356 0.0 0.0
мс 0.003356 0.0 0.0
мультимедиа 0.003356 0.0 0.0
нажмите 0.003356 0.0 0.0
назвал 0.003356 0.0 0.0
названием 0.003356 0.0 0.0
названы 0.003356 3.506558 0.011767
нашей 0.003356 0.0 0.0
наши 0.003356 0.0 0.0
нашли 0.003356 0.0 0.0
новости 0.003356 0.0 0.0
новые 0.003356 0.0 0.0
новый 0.003356 0.0 0.0
новых 0.003356 1.771957 0.005946
носители 0.003356 0.0 0.0
ноутбуки 0.003356 0.0 0.0
нужны 0.003356 0.0 0.0
обзоры 0.003356 0.0 0.0
обработки 0.003356 0.0 0.0
образцы 0.003356 0.0 0.0
общий 0.003356 4.60517 0.015454
объявлена 0.003356 0.0 0.0
одноклассник 0.003356 0.0 0.0
орбите 0.003356 0.0 0.0
ос 0.003356 0.0 0.0
отдадут 0.003356 0.0 0.0
отечественного 0.003356 0.0 0.0
отказа 0.003356 0.0 0.0
отказались 0.003356 0.0 0.0
отключили 0.003356 0.0 0.0
очень 0.003356 0.0 0.0
ошибку 0.003356 0.0 0.0
параллельному 0.003356 3.506558 0.011767
первом 0.003356 2.525729 0.008476
переднего 0.003356 0.0 0.0
пересаживается 0.003356 3.506558 0.011767
период 0.003356 0.0 0.0
периферия 0.003356 0.0 0.0
персональные 0.003356 0.0 0.0
персональных 0.003356 0.0 0.0
пиар 0.003356 0.0 0.0
пк 0.003356 0.0 0.0
планшеты 0.003356 0.0 0.0
платформа 0.003356 0.0 0.0
пн 0.003356 0.0 0.0
подвел 0.003356 0.0 0.0
поднял 0.003356 0.0 0.0
подробнее 0.003356 0.0 0.0
поиск 0.003356 0.0 0.0
пока 0.003356 0.0 0.0
полезные 0.003356 0.0 0.0
политика 0.003356 0.0 0.0
политикой 0.003356 0.0 0.0
полноприводными 0.003356 0.0 0.0
полётов 0.003356 0.0 0.0
попали 0.003356 3.506558 0.011767
попробовать 0.003356 0.0 0.0
популярная 0.003356 0.0 0.0
популярные 0.003356 2.813411 0.009441
популярных 0.003356 0.0 0.0
посещать 0.003356 0.0 0.0
поставки 0.003356 2.525729 0.008476
правила 0.003356 0.0 0.0
прайс 0.003356 0.0 0.0
представлен 0.003356 0.0 0.0
премиальные 0.003356 4.60517 0.015454
прибавка 0.003356 0.0 0.0
привода 0.003356 0.0 0.0
принтеры 0.003356 0.0 0.0
причины 0.003356 0.0 0.0
пробизнес 0.003356 0.0 0.0
проведения 0.003356 0.0 0.0
программы 0.003356 0.0 0.0
продавать 0.003356 0.0 0.0
продаж 0.003356 0.0 0.0
продажи 0.003356 0.0 0.0
проданными 0.003356 3.912023 0.013128
продолжая 0.003356 0.0 0.0
проектов 0.003356 0.0 0.0
проекторы 0.003356 0.0 0.0
проекты 0.003356 0.0 0.0
пролить 0.003356 0.0 0.0
просит 0.003356 2.65926 0.008924
процессоры 0.003356 2.525729 0.008476
процессы 0.003356 0.0 0.0
прошлом 0.003356 3.218876 0.010802
пт 0.003356 0.0 0.0
работы 0.003356 0.0 0.0
реальных 0.003356 0.0 0.0
результаты 0.003356 0.0 0.0
реклама 0.003356 0.0 0.0
решает 0.003356 0.0 0.0
россии 0.003356 0.0 0.0
российский 0.003356 3.218876 0.010802
российской 0.003356 3.506558 0.011767
россию 0.003356 3.506558 0.011767
россия 0.003356 0.0 0.0
россияне 0.003356 0.0 0.0
рублей 0.003356 0.0 0.0
рухнули 0.003356 4.60517 0.015454
рф 0.003356 2.120264 0.007115
рынка 0.003356 2.525729 0.008476
рынок 0.003356 0.0 0.0
сайте 0.003356 0.0 0.0
сайты 0.003356 0.0 0.0
самая 0.003356 0.0 0.0
самолётах 0.003356 0.0 0.0
самые 0.003356 2.995732 0.010053
самых 0.003356 0.0 0.0
сантиметров 0.003356 0.0 0.0
сб 0.003356 0.0 0.0
сбора 0.003356 0.0 0.0
сборки 0.003356 2.813411 0.009441
свет 0.003356 0.0 0.0
своей 0.003356 0.0 0.0
связи 0.003356 0.0 0.0
связь 0.003356 0.0 0.0
сегодня 0.003356 0.0 0.0
серверы 0.003356 0.0 0.0
сервисы 0.003356 0.0 0.0
сертификацию 0.003356 0.0 0.0
сети 0.003356 0.0 0.0
скоро 0.003356 0.0 0.0
следуют 0.003356 4.60517 0.015454
сложности 0.003356 0.0 0.0
снова 0.003356 0.0 0.0
советский 0.003356 0.0 0.0
соглашаетесь 0.003356 0.0 0.0
сократилась 0.003356 4.60517 0.015454
сократился 0.003356 4.60517 0.015454
составили 0.003356 4.60517 0.015454
спасти 0.003356 0.0 0.0
спрос 0.003356 2.525729 0.008476
ср 0.003356 0.0 0.0
среда 0.003356 0.0 0.0
средней 0.003356 3.912023 0.013128
ссылки 0.003356 0.0 0.0
стал 0.003356 0.0 0.0
стартуют 0.003356 0.0 0.0
статистика 0.003356 0.0 0.0
статьи 0.003356 0.0 0.0
стоимость 0.003356 0.0 0.0
сша 0.003356 0.0 0.0
тайконавты 0.003356 0.0 0.0
такие 0.003356 1.714798 0.005754
тв 0.003356 0.0 0.0
теги 0.003356 0.0 0.0
текст 0.003356 0.0 0.0
технический 0.003356 0.0 0.0
топ 0.003356 0.0 0.0
тыс 0.003356 0.0 0.0
тысячи 0.003356 3.912023 0.013128
тысячу 0.003356 4.60517 0.015454
убрали 0.003356 0.0 0.0
увеличит 0.003356 2.65926 0.008924
упасть 0.003356 0.0 0.0
устройства 0.003356 0.0 0.0
ученым 0.003356 0.0 0.0
учета 0.003356 4.60517 0.015454
файлы 0.003356 0.0 0.0
флагманского 0.003356 0.0 0.0
фото 0.003356 0.0 0.0
фундаментальные 0.003356 0.0 0.0
хитом 0.003356 0.0 0.0
цене 0.003356 2.120264 0.007115
цены 0.003356 0.0 0.0
чарт 0.003356 3.506558 0.011767
части 0.003356 0.0 0.0
человека 0.003356 0.0 0.0
чипов 0.003356 2.525729 0.008476
чт 0.003356 0.0 0.0
штук 0.003356 3.912023 0.013128
штука 0.003356 4.60517 0.015454
экспорт 0.003356 0.0 0.0
эмбрионы 0.003356 0.0 0.0
южной 0.003356 0.0 0.0
