абсолютно 0.002268 2.407946 0.00546
авиалайнера 0.002268 0.0 0.0
австралии 0.002268 0.0 0.0
автоваз 0.002268 0.0 0.0
автоматом 0.002268 0.0 0.0
автопроизводителя 0.002268 0.0 0.0
автор 0.002268 0.0 0.0
авторитетных 0.002268 4.60517 0.010443
авторы 0.002268 0.0 0.0
администрацией 0.002268 0.0 0.0
адрес 0.002268 0.0 0.0
америке 0.002268 0.0 0.0
аналитики 0.002268 0.0 0.0
безопасному 0.002268 3.506558 0.007951
белка 0.002268 0.0 0.0
биологические 0.002268 0.0 0.0
биологических 0.002268 0.0 0.0
ближнем 0.002268 0.0 0.0
блоги 0.002268 0.0 0.0
брукхейвена 0.002268 4.60517 0.010443
будут 0.002268 0.0 0.0
будущего 0.002268 2.525729 0.005727
будущем 0.002268 2.995732 0.006793
будущему 0.002268 4.60517 0.010443
быстро 0.002268 0.0 0.0
важен 0.002268 3.912023 0.008871
весом 0.002268 0.0 0.0
взлома 0.002268 4.60517 0.010443
видео 0.002268 0.0 0.0
видеокарты 0.002268 0.0 0.0
внедорожники 0.002268 0.0 0.0
войти 0.002268 0.0 0.0
восстанавливать 0.002268 3.218876 0.007299
востоке 0.002268 0.0 0.0
вс 0.002268 0.0 0.0
всему 0.002268 0.0 0.0
вт 0.002268 0.0 0.0
входят 0.002268 0.0 0.0
выделите 0.002268 0.0 0.0
выходит 0.002268 0.0 0.0
вычислений 0.002268 3.218876 0.007299
вычисления 0.002268 3.912023 0.008871
вычислительные 0.002268 4.60517 0.010443
главной 0.002268 3.506558 0.007951
главную 0.002268 0.0 0.0
года 0.002268 0.0 0.0
годы 0.002268 2.407946 0.00546
группа 0.002268 3.506558 0.007951
данные 0.002268 0.0 0.0
данный 0.002268 0.0 0.0
данными 0.002268 3.218876 0.007299
данных 0.002268 0.0 0.0
двигатели 0.002268 0.0 0.0
двигатель 0.002268 0.0 0.0
двух 0.002268 0.0 0.0
делая 0.002268 3.218876 0.007299
дизайн 0.002268 0.0 0.0
директор 0.002268 0.0 0.0
долларов 0.002268 0.0 0.0
дом 0.002268 0.0 0.0
доставили 0.002268 0.0 0.0
достигает 0.002268 0.0 0.0
другим 0.002268 2.813411 0.00638
других 0.002268 2.040221 0.004626
журналах 0.002268 4.60517 0.010443
завершат 0.002268 0.0 0.0
задач 0.002268 1.609438 0.00365
задачи 0.002268 2.407946 0.00546
закладывает 0.002268 4.60517 0.010443
занята 0.002268 4.60517 0.010443
запутанности 0.002268 4.60517 0.010443
запутанность 0.002268 4.60517 0.010443
защиты 0.002268 0.0 0.0
защищённой 0.002268 4.60517 0.010443
земле 0.002268 0.0 0.0
земли 0.002268 0.0 0.0
зонд 0.002268 0.0 0.0
зонда 0.002268 0.0 0.0
игры 0.002268 0.0 0.0
идут 0.002268 4.60517 0.010443
импульсов 0.002268 3.218876 0.007299
инженеры 0.002268 2.525729 0.005727
инициативы 0.002268 3.912023 0.008871
инновационный 0.002268 0.0 0.0
института 0.002268 3.506558 0.007951
интернета 0.002268 4.60517 0.010443
интернету 0.002268 3.506558 0.007951
информации 0.002268 0.0 0.0
исполнять 0.002268 3.506558 0.007951
использования 0.002268 0.0 0.0
используя 0.002268 2.995732 0.006793
исследование 0.002268 2.120264 0.004808
исследований 0.002268 0.0 0.0
исследователей 0.002268 3.912023 0.008871
источник 0.002268 0.0 0.0
июня 0.002268 2.995732 0.006793
каждого 0.002268 3.912023 0.008871
кажутся 0.002268 4.60517 0.010443
календарь 0.002268 0.0 0.0
каналов 0.002268 4.60517 0.010443
категории 0.002268 0.0 0.0
квантовая 0.002268 4.60517 0.010443
квантового 0.002268 3.912023 0.008871
квантовой 0.002268 3.912023 0.008871
квантовые 0.002268 3.218876 0.007299
квантовыми 0.002268 4.60517 0.010443
квантовых 0.002268 3.912023 0.008871
кг 0.002268 0.0 0.0
километров 0.002268 0.0 0.0
классику 0.002268 3.506558 0.007951
классическим 0.002268 0.0 0.0
классических 0.002268 3.218876 0.007299
кластеры 0.002268 4.60517 0.010443
клон 0.002268 0.0 0.0
ключ 0.002268 0.0 0.0
команда 0.002268 2.120264 0.004808
комментирования 0.002268 0.0 0.0
коммуникации 0.002268 3.912023 0.008871
компаний 0.002268 2.813411 0.00638
компьютерами 0.002268 3.912023 0.008871
комфортный 0.002268 0.0 0.0
конференция 0.002268 0.0 0.0
корее 0.002268 0.0 0.0
корпуса 0.002268 0.0 0.0
космос 0.002268 0.0 0.0
космоса 0.002268 0.0 0.0
которая 0.002268 1.560648 0.003539
которые 0.002268 1.309333 0.002969
кроссовера 0.002268 0.0 0.0
кроссоверы 0.002268 0.0 0.0
кубических 0.002268 0.0 0.0
куки 0.002268 0.0 0.0
лабораторией 0.002268 3.912023 0.008871
лаборатории 0.002268 2.995732 0.006793
лежит 0.002268 3.218876 0.007299
летать 0.002268 0.0 0.0
лету 0.002268 0.0 0.0
листа 0.002268 0.0 0.0
мае 0.002268 0.0 0.0
май 0.002268 0.0 0.0
марка 0.002268 0.0 0.0
масштабируемых 0.002268 4.60517 0.010443
материалов 0.002268 0.0 0.0
машину 0.002268 0.0 0.0
мая 0.002268 0.0 0.0
мгновенно 0.002268 3.218876 0.007299
межпланетный 0.002268 0.0 0.0
меняет 0.002268 0.0 0.0
метрового 0.002268 0.0 0.0
миллионов 0.002268 0.0 0.0
министерства 0.002268 3.912023 0.008871
миру 0.002268 0.0 0.0
множественных 0.002268 4.60517 0.010443
мобильные 0.002268 0.0 0.0
могут 0.002268 0.0 0.0
момент 0.002268 0.0 0.0
мониторы 0.002268 0.0 0.0
мотобрендов 0.002268 0.0 0.0
мотоциклов 0.002268 0.0 0.0
мощнее 0.002268 3.218876 0.007299
мс 0.002268 0.0 0.0
мультимедиа 0.002268 0.0 0.0
мультиплексированием 0.002268 4.60517 0.010443
мэн 0.002268 4.60517 0.010443
мэна 0.002268 4.60517 0.010443
нажмите 0.002268 0.0 0.0
назвал 0.002268 0.0 0.0
названием 0.002268 0.0 0.0
называемый 0.002268 4.60517 0.010443
научили 0.002268 2.995732 0.006793
национальной 0.002268 3.218876 0.007299
наша 0.002268 3.506558 0.007951
нашей 0.002268 0.0 0.0
наши 0.002268 0.0 0.0
нашла 0.002268 3.912023 0.008871
нашли 0.002268 0.0 0.0
недоступного 0.002268 4.60517 0.010443
независимо 0.002268 3.506558 0.007951
неизбежны 0.002268 4.60517 0.010443
непрерывно 0.002268 4.60517 0.010443
непригодной 0.002268 4.60517 0.010443
несколько 0.002268 2.525729 0.005727
нить 0.002268 1.514128 0.003433
новости 0.002268 0.0 0.0
новые 0.002268 0.0 0.0
новый 0.002268 0.0 0.0
новых 0.002268 1.771957 0.004018
носители 0.002268 0.0 0.0
ноутбуки 0.002268 0.0 0.0
нужны 0.002268 0.0 0.0
обеспечивает 0.002268 2.407946 0.00546
обзоры 0.002268 0.0 0.0
области 0.002268 2.120264 0.004808
обмениваться 0.002268 3.912023 0.008871
обработки 0.002268 0.0 0.0
образцы 0.002268 0.0 0.0
объединить 0.002268 3.912023 0.008871
объявлена 0.002268 0.0 0.0
объясняет 0.002268 2.995732 0.006793
объёмы 0.002268 4.60517 0.010443
огромные 0.002268 4.60517 0.010443
одна 0.002268 1.049822 0.002381
одноклассник 0.002268 0.0 0.0
опубликованная 0.002268 4.60517 0.010443
опыт 0.002268 2.207275 0.005005
орбите 0.002268 0.0 0.0
ос 0.002268 0.0 0.0
основе 0.002268 2.207275 0.005005
основой 0.002268 3.218876 0.007299
особенно 0.002268 1.609438 0.00365
отдадут 0.002268 0.0 0.0
отечественного 0.002268 0.0 0.0
отказа 0.002268 0.0 0.0
отказались 0.002268 0.0 0.0
отключили 0.002268 0.0 0.0
открывая 0.002268 3.218876 0.007299
отображения 0.002268 4.60517 0.010443
очень 0.002268 0.0 0.0
ошибку 0.002268 0.0 0.0
параллельно 0.002268 1.89712 0.004302
параллельных 0.002268 3.912023 0.008871
передавать 0.002268 3.912023 0.008871
передачи 0.002268 3.506558 0.007951
переднего 0.002268 0.0 0.0
период 0.002268 0.0 0.0
периферия 0.002268 0.0 0.0
перколяционные 0.002268 4.60517 0.010443
персональные 0.002268 0.0 0.0
персональных 0.002268 0.0 0.0
пиар 0.002268 0.0 0.0
пк 0.002268 0.0 0.0
планшеты 0.002268 0.0 0.0
платформа 0.002268 0.0 0.0
пн 0.002268 0.0 0.0
повреждена 0.002268 4.60517 0.010443
подвел 0.002268 0.0 0.0
поднял 0.002268 0.0 0.0
подробнее 0.002268 0.0 0.0
подход 0.002268 1.89712 0.004302
позволяет 0.002268 1.832581 0.004156
позволяя 0.002268 3.912023 0.008871
поиск 0.002268 0.0 0.0
пока 0.002268 0.0 0.0
полезные 0.002268 0.0 0.0
политехнического 0.002268 4.60517 0.010443
политика 0.002268 0.0 0.0
политикой 0.002268 0.0 0.0
полноприводными 0.002268 0.0 0.0
получают 0.002268 3.218876 0.007299
полётов 0.002268 0.0 0.0
помехам 0.002268 4.60517 0.010443
помощью 0.002268 2.120264 0.004808
попробовать 0.002268 0.0 0.0
популярная 0.002268 0.0 0.0
популярных 0.002268 0.0 0.0
попытки 0.002268 3.218876 0.007299
пор 0.002268 0.0 0.0
посещать 0.002268 0.0 0.0
потерь 0.002268 4.60517 0.010443
потребуются 0.002268 4.60517 0.010443
правила 0.002268 0.0 0.0
прайс 0.002268 0.0 0.0
практический 0.002268 4.60517 0.010443
предлагает 0.002268 2.120264 0.004808
предложили 0.002268 3.506558 0.007951
представлен 0.002268 0.0 0.0
прибавка 0.002268 0.0 0.0
приближает 0.002268 3.506558 0.007951
привода 0.002268 0.0 0.0
принтеры 0.002268 0.0 0.0
принцип 0.002268 2.995732 0.006793
причины 0.002268 0.0 0.0
пробизнес 0.002268 0.0 0.0
проблему 0.002268 3.218876 0.007299
проблемы 0.002268 2.813411 0.00638
проведения 0.002268 0.0 0.0
программы 0.002268 0.0 0.0
прогресс 0.002268 3.506558 0.007951
продавать 0.002268 0.0 0.0
продажи 0.002268 0.0 0.0
продлило 0.002268 3.506558 0.007951
продолжая 0.002268 0.0 0.0
проектов 0.002268 0.0 0.0
проекторы 0.002268 0.0 0.0
проекты 0.002268 0.0 0.0
пролить 0.002268 0.0 0.0
проложили 0.002268 3.506558 0.007951
прорыв 0.002268 1.714798 0.003888
процессоры 0.002268 2.525729 0.005727
процессы 0.002268 0.0 0.0
пт 0.002268 0.0 0.0
путей 0.002268 4.60517 0.010443
путь 0.002268 2.120264 0.004808
работа 0.002268 0.941609 0.002135
работает 0.002268 2.525729 0.005727
работая 0.002268 4.60517 0.010443
работы 0.002268 0.0 0.0
разработке 0.002268 2.65926 0.00603
рамках 0.002268 2.302585 0.005221
распределённые 0.002268 4.60517 0.010443
распределённых 0.002268 4.60517 0.010443
расстоянии 0.002268 2.995732 0.006793
расстояния 0.002268 2.995732 0.006793
расти 0.002268 3.912023 0.008871
рвалась 0.002268 4.60517 0.010443
реальностью 0.002268 3.912023 0.008871
реальными 0.002268 4.60517 0.010443
реальных 0.002268 0.0 0.0
резервных 0.002268 4.60517 0.010443
результаты 0.002268 0.0 0.0
реклама 0.002268 0.0 0.0
ренсселера 0.002268 4.60517 0.010443
решает 0.002268 0.0 0.0
решающих 0.002268 4.60517 0.010443
решение 0.002268 2.040221 0.004626
решений 0.002268 2.525729 0.005727
риска 0.002268 2.813411 0.00638
россии 0.002268 0.0 0.0
россияне 0.002268 0.0 0.0
рублей 0.002268 0.0 0.0
руководством 0.002268 2.813411 0.00638
рынок 0.002268 0.0 0.0
сайте 0.002268 0.0 0.0
сайты 0.002268 0.0 0.0
самая 0.002268 0.0 0.0
самовосстанавливаться 0.002268 3.506558 0.007951
самолётах 0.002268 0.0 0.0
самых 0.002268 0.0 0.0
сантиметров 0.002268 0.0 0.0
сб 0.002268 0.0 0.0
сбора 0.002268 0.0 0.0
сбоям 0.002268 4.60517 0.010443
сверхбыстрой 0.002268 4.60517 0.010443
свет 0.002268 0.0 0.0
своей 0.002268 0.0 0.0
связи 0.002268 0.0 0.0
связь 0.002268 0.0 0.0
сеанса 0.002268 4.60517 0.010443
сегодня 0.002268 0.0 0.0
секунды 0.002268 2.207275 0.005005
серверам 0.002268 4.60517 0.010443
серверы 0.002268 0.0 0.0
сервисы 0.002268 0.0 0.0
сертификацию 0.002268 0.0 0.0
сетей 0.002268 2.525729 0.005727
сети 0.002268 0.0 0.0
сеть 0.002268 2.995732 0.006793
сетям 0.002268 3.912023 0.008871
систем 0.002268 0.653926 0.001483
системах 0.002268 3.218876 0.007299
сих 0.002268 2.407946 0.00546
скоро 0.002268 0.0 0.0
сложности 0.002268 0.0 0.0
смогут 0.002268 2.65926 0.00603
снова 0.002268 0.0 0.0
совершила 0.002268 3.912023 0.008871
советский 0.002268 0.0 0.0
современным 0.002268 4.60517 0.010443
соглашаетесь 0.002268 0.0 0.0
соединяет 0.002268 4.60517 0.010443
создании 0.002268 3.912023 0.008871
созданию 0.002268 2.525729 0.005727
состояниями 0.002268 4.60517 0.010443
сотрудничают 0.002268 4.60517 0.010443
сохранить 0.002268 3.218876 0.007299
спасти 0.002268 0.0 0.0
способ 0.002268 1.427116 0.003236
способные 0.002268 3.506558 0.007951
ср 0.002268 0.0 0.0
сразу 0.002268 2.813411 0.00638
среда 0.002268 0.0 0.0
ссылки 0.002268 0.0 0.0
стабильности 0.002268 3.506558 0.007951
стал 0.002268 0.0 0.0
стали 0.002268 2.65926 0.00603
становятся 0.002268 4.60517 0.010443
стартуют 0.002268 0.0 0.0
статистика 0.002268 0.0 0.0
стать 0.002268 0.0 0.0
статьи 0.002268 0.0 0.0
стоимость 0.002268 0.0 0.0
стратегии 0.002268 3.218876 0.007299
стратегию 0.002268 3.506558 0.007951
стратегия 0.002268 3.912023 0.008871
строить 0.002268 3.912023 0.008871
студенты 0.002268 4.60517 0.010443
суперкомпьютерам 0.002268 3.912023 0.008871
суперкомпьютеры 0.002268 3.218876 0.007299
сша 0.002268 0.0 0.0
сянъи 0.002268 4.60517 0.010443
тайконавты 0.002268 0.0 0.0
такая 0.002268 3.506558 0.007951
такие 0.002268 1.714798 0.003888
тв 0.002268 0.0 0.0
теги 0.002268 0.0 0.0
текст 0.002268 0.0 0.0
теряя 0.002268 4.60517 0.010443
технический 0.002268 0.0 0.0
технологии 0.002268 1.514128 0.003433
технологий 0.002268 1.771957 0.004018
топ 0.002268 0.0 0.0
тыс 0.002268 0.0 0.0
убрали 0.002268 0.0 0.0
упасть 0.002268 0.0 0.0
условиях 0.002268 1.771957 0.004018
успехов 0.002268 4.60517 0.010443
устойчивость 0.002268 3.912023 0.008871
устойчивые 0.002268 4.60517 0.010443
устойчивых 0.002268 3.912023 0.008871
устройства 0.002268 0.0 0.0
ученым 0.002268 0.0 0.0
учёные 0.002268 1.966113 0.004458
файлы 0.002268 0.0 0.0
фантастикой 0.002268 4.60517 0.010443
феномен 0.002268 4.60517 0.010443
флагманского 0.002268 0.0 0.0
фоне 0.002268 3.218876 0.007299
фото 0.002268 0.0 0.0
фундамент 0.002268 0.0 0.0
фундаментальные 0.002268 0.0 0.0
хитом 0.002268 0.0 0.0
цены 0.002268 0.0 0.0
цикад 0.002268 3.506558 0.007951
части 0.002268 0.0 0.0
частиц 0.002268 2.525729 0.005727
частицами 0.002268 3.506558 0.007951
частицы 0.002268 3.506558 0.007951
человека 0.002268 0.0 0.0
чинить 0.002268 3.218876 0.007299
чипы 0.002268 3.506558 0.007951
чт 0.002268 0.0 0.0
чьи 0.002268 3.912023 0.008871
шифрования 0.002268 3.912023 0.008871
экспорт 0.002268 0.0 0.0
электрических 0.002268 3.506558 0.007951
эмбрионы 0.002268 0.0 0.0
энергетики 0.002268 3.218876 0.007299
эру 0.002268 2.525729 0.005727
эффективнее 0.002268 3.912023 0.008871
южной 0.002268 0.0 0.0
японские 0.002268 3.506558 0.007951
