аварии 0.002398 2.813411 0.006747
аварий 0.002398 2.813411 0.006747
аварийностью 0.002398 4.60517 0.011044
авиалайнера 0.002398 0.0 0.0
австралии 0.002398 0.0 0.0
автоваз 0.002398 0.0 0.0
автогиганта 0.002398 4.60517 0.011044
автоматическое 0.002398 4.60517 0.011044
автоматом 0.002398 0.0 0.0
автомобилей 0.002398 2.207275 0.005293
автомобили 0.002398 1.966113 0.004715
автономные 0.002398 4.60517 0.011044
автономных 0.002398 2.813411 0.006747
автопроизводителя 0.002398 0.0 0.0
автор 0.002398 0.0 0.0
авторы 0.002398 0.0 0.0
администрацией 0.002398 0.0 0.0
адрес 0.002398 0.0 0.0
америке 0.002398 0.0 0.0
аналитики 0.002398 0.0 0.0
анджелесе 0.002398 4.60517 0.011044
атланте 0.002398 4.60517 0.011044
безопасности 0.002398 1.966113 0.004715
безопасность 0.002398 2.525729 0.006057
белка 0.002398 0.0 0.0
беспилотники 0.002398 4.60517 0.011044
беспилотного 0.002398 3.912023 0.009381
беспилотные 0.002398 3.912023 0.009381
биологические 0.002398 0.0 0.0
биологических 0.002398 0.0 0.0
ближнем 0.002398 0.0 0.0
блоги 0.002398 0.0 0.0
будут 0.002398 0.0 0.0
быстро 0.002398 0.0 0.0
важность 0.002398 3.912023 0.009381
вашингтоне 0.002398 4.60517 0.011044
весом 0.002398 0.0 0.0
видео 0.002398 0.0 0.0
видеокарты 0.002398 0.0 0.0
включающем 0.002398 4.60517 0.011044
владельцев 0.002398 3.506558 0.008409
внедорожники 0.002398 0.0 0.0
внедрения 0.002398 3.506558 0.008409
водителем 0.002398 4.60517 0.011044
водителю 0.002398 4.60517 0.011044
войти 0.002398 0.0 0.0
востоке 0.002398 0.0 0.0
вс 0.002398 0.0 0.0
всему 0.002398 0.0 0.0
вт 0.002398 0.0 0.0
входят 0.002398 0.0 0.0
вывода 0.002398 3.506558 0.008409
выделите 0.002398 0.0 0.0
выходит 0.002398 0.0 0.0
гендиректор 0.002398 3.912023 0.009381
главную 0.002398 0.0 0.0
глобальные 0.002398 3.912023 0.009381
года 0.002398 0.0 0.0
данные 0.002398 0.0 0.0
данный 0.002398 0.0 0.0
данных 0.002398 0.0 0.0
двигатели 0.002398 0.0 0.0
двигатель 0.002398 0.0 0.0
движения 0.002398 2.65926 0.006377
двух 0.002398 0.0 0.0
дизайн 0.002398 0.0 0.0
директор 0.002398 0.0 0.0
директоров 0.002398 4.60517 0.011044
долларов 0.002398 0.0 0.0
дом 0.002398 0.0 0.0
дорожного 0.002398 4.60517 0.011044
дорожную 0.002398 4.60517 0.011044
доставили 0.002398 0.0 0.0
достигает 0.002398 0.0 0.0
достижения 0.002398 2.995732 0.007184
доступность 0.002398 4.60517 0.011044
доступных 0.002398 3.912023 0.009381
её 0.002398 1.203973 0.002887
завершат 0.002398 0.0 0.0
затронет 0.002398 4.60517 0.011044
защиты 0.002398 0.0 0.0
заявил 0.002398 2.207275 0.005293
заявили 0.002398 4.60517 0.011044
заявлению 0.002398 3.506558 0.008409
земле 0.002398 0.0 0.0
земли 0.002398 0.0 0.0
зонд 0.002398 0.0 0.0
зонда 0.002398 0.0 0.0
игры 0.002398 0.0 0.0
идёт 0.002398 2.995732 0.007184
ии 0.002398 0.0 0.0
импульсов 0.002398 3.218876 0.007719
инновации 0.002398 3.912023 0.009381
инновационный 0.002398 0.0 0.0
интеграции 0.002398 3.912023 0.009381
интегрировать 0.002398 2.813411 0.006747
интеллекта 0.002398 2.525729 0.006057
информации 0.002398 0.0 0.0
инфраструктуру 0.002398 4.60517 0.011044
искусственного 0.002398 2.525729 0.006057
исполнять 0.002398 3.506558 0.008409
использования 0.002398 0.0 0.0
использующая 0.002398 4.60517 0.011044
исследований 0.002398 0.0 0.0
источник 0.002398 0.0 0.0
календарь 0.002398 0.0 0.0
категории 0.002398 0.0 0.0
кг 0.002398 0.0 0.0
километров 0.002398 0.0 0.0
классику 0.002398 3.506558 0.008409
классическим 0.002398 0.0 0.0
клон 0.002398 0.0 0.0
ключевых 0.002398 2.995732 0.007184
комбинировать 0.002398 3.912023 0.009381
комментирования 0.002398 0.0 0.0
компании 0.002398 1.347074 0.00323
компаний 0.002398 2.813411 0.006747
компания 0.002398 0.820981 0.001969
комплексе 0.002398 4.60517 0.011044
комфортный 0.002398 0.0 0.0
контроль 0.002398 2.813411 0.006747
конференция 0.002398 0.0 0.0
корее 0.002398 0.0 0.0
корпуса 0.002398 0.0 0.0
космос 0.002398 0.0 0.0
космоса 0.002398 0.0 0.0
которые 0.002398 1.309333 0.00314
кроссовера 0.002398 0.0 0.0
кроссоверы 0.002398 0.0 0.0
кубических 0.002398 0.0 0.0
куки 0.002398 0.0 0.0
летать 0.002398 0.0 0.0
лету 0.002398 0.0 0.0
листа 0.002398 0.0 0.0
личного 0.002398 3.218876 0.007719
личные 0.002398 4.60517 0.011044
людей 0.002398 2.302585 0.005522
людьми 0.002398 4.60517 0.011044
мавакана 0.002398 4.60517 0.011044
мае 0.002398 0.0 0.0
май 0.002398 0.0 0.0
марка 0.002398 0.0 0.0
массовом 0.002398 4.60517 0.011044
материалов 0.002398 0.0 0.0
машину 0.002398 0.0 0.0
машины 0.002398 1.771957 0.004249
мая 0.002398 0.0 0.0
межпланетный 0.002398 0.0 0.0
меняет 0.002398 0.0 0.0
метрового 0.002398 0.0 0.0
миллионов 0.002398 0.0 0.0
мире 0.002398 1.771957 0.004249
миру 0.002398 0.0 0.0
миссия 0.002398 2.120264 0.005085
мобильности 0.002398 4.60517 0.011044
мобильные 0.002398 0.0 0.0
могут 0.002398 0.0 0.0
момент 0.002398 0.0 0.0
мониторы 0.002398 0.0 0.0
мотобрендов 0.002398 0.0 0.0
мотоциклов 0.002398 0.0 0.0
мс 0.002398 0.0 0.0
мультимедиа 0.002398 0.0 0.0
надёжность 0.002398 2.813411 0.006747
надёжным 0.002398 4.60517 0.011044
нажмите 0.002398 0.0 0.0
назвал 0.002398 0.0 0.0
названием 0.002398 0.0 0.0
накадзима 0.002398 4.60517 0.011044
намерена 0.002398 3.912023 0.009381
намерены 0.002398 4.60517 0.011044
направлений 0.002398 3.912023 0.009381
направленного 0.002398 4.60517 0.011044
наработок 0.002398 4.60517 0.011044
научили 0.002398 2.995732 0.007184
начале 0.002398 3.506558 0.008409
наш 0.002398 0.0 0.0
нашей 0.002398 0.0 0.0
наши 0.002398 0.0 0.0
нашли 0.002398 0.0 0.0
недавно 0.002398 2.813411 0.006747
неделю 0.002398 3.912023 0.009381
новой 0.002398 2.207275 0.005293
новости 0.002398 0.0 0.0
новые 0.002398 0.0 0.0
новый 0.002398 0.0 0.0
новым 0.002398 1.714798 0.004112
носители 0.002398 0.0 0.0
ноутбуки 0.002398 0.0 0.0
нужны 0.002398 0.0 0.0
нулевой 0.002398 3.912023 0.009381
нулевые 0.002398 4.60517 0.011044
обеспечении 0.002398 4.60517 0.011044
обзоры 0.002398 0.0 0.0
области 0.002398 2.120264 0.005085
обработки 0.002398 0.0 0.0
образцы 0.002398 0.0 0.0
обслуживает 0.002398 4.60517 0.011044
общей 0.002398 4.60517 0.011044
обществу 0.002398 3.912023 0.009381
объединение 0.002398 4.60517 0.011044
объединяет 0.002398 3.912023 0.009381
объявили 0.002398 2.995732 0.007184
объявлена 0.002398 0.0 0.0
одним 0.002398 2.525729 0.006057
одноклассник 0.002398 0.0 0.0
опыт 0.002398 2.207275 0.005293
орбите 0.002398 0.0 0.0
ос 0.002398 0.0 0.0
основано 0.002398 4.60517 0.011044
остине 0.002398 4.60517 0.011044
отдадут 0.002398 0.0 0.0
отечественного 0.002398 0.0 0.0
отказа 0.002398 0.0 0.0
отказались 0.002398 0.0 0.0
отключили 0.002398 0.0 0.0
отметила 0.002398 2.813411 0.006747
отрасли 0.002398 2.813411 0.006747
очень 0.002398 0.0 0.0
очередь 0.002398 3.506558 0.008409
ошибку 0.002398 0.0 0.0
парке 0.002398 3.912023 0.009381
партнёрства 0.002398 4.60517 0.011044
партнёрстве 0.002398 3.506558 0.008409
партнёрство 0.002398 3.912023 0.009381
партнёры 0.002398 3.218876 0.007719
переднего 0.002398 0.0 0.0
период 0.002398 0.0 0.0
периферия 0.002398 0.0 0.0
персональные 0.002398 0.0 0.0
персональных 0.002398 0.0 0.0
пиар 0.002398 0.0 0.0
пк 0.002398 0.0 0.0
планирует 0.002398 1.714798 0.004112
планшеты 0.002398 0.0 0.0
платформа 0.002398 0.0 0.0
платформы 0.002398 2.407946 0.005774
пн 0.002398 0.0 0.0
повысить 0.002398 2.995732 0.007184
подвел 0.002398 0.0 0.0
поднял 0.002398 0.0 0.0
подразделение 0.002398 4.60517 0.011044
подробнее 0.002398 0.0 0.0
подход 0.002398 1.89712 0.004549
подчеркнула 0.002398 2.995732 0.007184
поездок 0.002398 4.60517 0.011044
поиск 0.002398 0.0 0.0
пока 0.002398 0.0 0.0
поколения 0.002398 2.995732 0.007184
полезные 0.002398 0.0 0.0
политика 0.002398 0.0 0.0
политикой 0.002398 0.0 0.0
полноприводными 0.002398 0.0 0.0
полосы 0.002398 3.912023 0.009381
получила 0.002398 2.407946 0.005774
полётов 0.002398 0.0 0.0
помощи 0.002398 3.218876 0.007719
помощью 0.002398 2.120264 0.005085
попадают 0.002398 4.60517 0.011044
попробовать 0.002398 0.0 0.0
популярная 0.002398 0.0 0.0
популярных 0.002398 0.0 0.0
посещать 0.002398 0.0 0.0
появление 0.002398 4.60517 0.011044
правила 0.002398 0.0 0.0
прайс 0.002398 0.0 0.0
представлен 0.002398 0.0 0.0
премию 0.002398 4.60517 0.011044
прибавка 0.002398 0.0 0.0
приблизиться 0.002398 4.60517 0.011044
привода 0.002398 0.0 0.0
принтеры 0.002398 0.0 0.0
присоединится 0.002398 3.912023 0.009381
причины 0.002398 0.0 0.0
пробизнес 0.002398 0.0 0.0
проведения 0.002398 0.0 0.0
программном 0.002398 4.60517 0.011044
программы 0.002398 0.0 0.0
продавать 0.002398 0.0 0.0
продажи 0.002398 0.0 0.0
продвинутых 0.002398 4.60517 0.011044
продолжая 0.002398 0.0 0.0
продуктов 0.002398 4.60517 0.011044
проектов 0.002398 0.0 0.0
проекторы 0.002398 0.0 0.0
проекту 0.002398 4.60517 0.011044
проекты 0.002398 0.0 0.0
производстве 0.002398 4.60517 0.011044
пролить 0.002398 0.0 0.0
прорывные 0.002398 4.60517 0.011044
процессы 0.002398 0.0 0.0
пт 0.002398 0.0 0.0
работы 0.002398 0.0 0.0
развитие 0.002398 3.506558 0.008409
развития 0.002398 2.407946 0.005774
разделяют 0.002398 4.60517 0.011044
разработки 0.002398 2.65926 0.006377
расширить 0.002398 3.506558 0.008409
реальных 0.002398 0.0 0.0
реже 0.002398 2.813411 0.006747
результаты 0.002398 0.0 0.0
реклама 0.002398 0.0 0.0
ресурсов 0.002398 3.506558 0.008409
речь 0.002398 3.506558 0.008409
решает 0.002398 0.0 0.0
решений 0.002398 2.525729 0.006057
роботакси 0.002398 4.60517 0.011044
робототехнике 0.002398 3.506558 0.008409
россии 0.002398 0.0 0.0
россияне 0.002398 0.0 0.0
рублей 0.002398 0.0 0.0
рулём 0.002398 4.60517 0.011044
рынок 0.002398 0.0 0.0
сайте 0.002398 0.0 0.0
сайты 0.002398 0.0 0.0
самая 0.002398 0.0 0.0
самолётах 0.002398 0.0 0.0
самым 0.002398 3.506558 0.008409
самых 0.002398 0.0 0.0
сан 0.002398 0.0 0.0
сантиметров 0.002398 0.0 0.0
сб 0.002398 0.0 0.0
сбора 0.002398 0.0 0.0
свет 0.002398 0.0 0.0
своей 0.002398 0.0 0.0
свои 0.002398 1.89712 0.004549
своих 0.002398 3.218876 0.007719
своём 0.002398 3.912023 0.009381
связи 0.002398 0.0 0.0
связь 0.002398 0.0 0.0
сегодня 0.002398 0.0 0.0
серверы 0.002398 0.0 0.0
сервис 0.002398 0.0 0.0
сервисы 0.002398 0.0 0.0
сертификацию 0.002398 0.0 0.0
сети 0.002398 0.0 0.0
систем 0.002398 0.653926 0.001568
системе 0.002398 2.995732 0.007184
скоро 0.002398 0.0 0.0
следующего 0.002398 3.506558 0.008409
сложности 0.002398 0.0 0.0
снова 0.002398 0.0 0.0
совета 0.002398 4.60517 0.011044
советский 0.002398 0.0 0.0
соглашаетесь 0.002398 0.0 0.0
создание 0.002398 2.525729 0.006057
сократить 0.002398 2.65926 0.006377
сотрудничества 0.002398 3.506558 0.008409
сотрудничество 0.002398 2.65926 0.006377
спасти 0.002398 0.0 0.0
специализирующееся 0.002398 4.60517 0.011044
способно 0.002398 2.207275 0.005293
ср 0.002398 0.0 0.0
среда 0.002398 0.0 0.0
сроки 0.002398 2.525729 0.006057
ссылки 0.002398 0.0 0.0
стал 0.002398 0.0 0.0
станет 0.002398 1.714798 0.004112
стартуют 0.002398 0.0 0.0
статистика 0.002398 0.0 0.0
стать 0.002398 0.0 0.0
статьи 0.002398 0.0 0.0
стоимость 0.002398 0.0 0.0
стороны 0.002398 2.525729 0.006057
стратегическом 0.002398 3.506558 0.008409
сша 0.002398 0.0 0.0
тайконавты 0.002398 0.0 0.0
такие 0.002398 1.714798 0.004112
тв 0.002398 0.0 0.0
теги 0.002398 0.0 0.0
текедра 0.002398 4.60517 0.011044
текст 0.002398 0.0 0.0
тестирование 0.002398 2.995732 0.007184
тестирует 0.002398 2.65926 0.006377
технический 0.002398 0.0 0.0
технологии 0.002398 1.514128 0.003631
технологий 0.002398 1.771957 0.004249
токио 0.002398 3.912023 0.009381
топ 0.002398 0.0 0.0
торможение 0.002398 4.60517 0.011044
травмами 0.002398 4.60517 0.011044
транспорта 0.002398 4.60517 0.011044
трёхсторонний 0.002398 4.60517 0.011044
тыс 0.002398 0.0 0.0
убрали 0.002398 0.0 0.0
упасть 0.002398 0.0 0.0
ускорение 0.002398 3.912023 0.009381
ускорить 0.002398 2.995732 0.007184
устройства 0.002398 0.0 0.0
ученым 0.002398 0.0 0.0
учёные 0.002398 1.966113 0.004715
файлы 0.002398 0.0 0.0
финиксе 0.002398 4.60517 0.011044
флагманского 0.002398 0.0 0.0
фокусируется 0.002398 3.912023 0.009381
фото 0.002398 0.0 0.0
франциско 0.002398 4.60517 0.011044
фундаментальные 0.002398 0.0 0.0
хироки 0.002398 4.60517 0.011044
хитом 0.002398 0.0 0.0
цели 0.002398 2.995732 0.007184
цель 0.002398 2.65926 0.006377
ценности 0.002398 3.912023 0.009381
цены 0.002398 0.0 0.0
цикад 0.002398 3.506558 0.008409
части 0.002398 0.0 0.0
частных 0.002398 3.506558 0.008409
человека 0.002398 0.0 0.0
член 0.002398 4.60517 0.011044
чт 0.002398 0.0 0.0
экспорт 0.002398 0.0 0.0
электрических 0.002398 3.506558 0.008409
эмбрионы 0.002398 0.0 0.0
этапом 0.002398 3.506558 0.008409
южной 0.002398 0.0 0.0
японские 0.002398 3.506558 0.008409
японского 0.002398 4.60517 0.011044
