авиалайнера 0.002985 0.0 0.0
австралии 0.002985 0.0 0.0
авто 0.002985 0.0 0.0
автоваз 0.002985 0.0 0.0
автоматом 0.002985 0.0 0.0
автомобилей 0.002985 2.207275 0.006589
автомобиль 0.002985 2.525729 0.007539
автополигоне 0.002985 4.60517 0.013747
автопроизводителя 0.002985 0.0 0.0
автор 0.002985 0.0 0.0
авторы 0.002985 0.0 0.0
администрацией 0.002985 0.0 0.0
адрес 0.002985 0.0 0.0
америке 0.002985 0.0 0.0
аналитики 0.002985 0.0 0.0
апреля 0.002985 1.966113 0.005869
багажника 0.002985 3.912023 0.011678
белка 0.002985 0.0 0.0
биологические 0.002985 0.0 0.0
биологических 0.002985 0.0 0.0
ближнем 0.002985 0.0 0.0
блоги 0.002985 0.0 0.0
будут 0.002985 0.0 0.0
быстро 0.002985 0.0 0.0
варианта 0.002985 3.506558 0.010467
весом 0.002985 0.0 0.0
видео 0.002985 0.0 0.0
видеокарты 0.002985 0.0 0.0
вмещает 0.002985 3.912023 0.011678
внедорожники 0.002985 0.0 0.0
войти 0.002985 0.0 0.0
востоке 0.002985 0.0 0.0
вс 0.002985 0.0 0.0
всему 0.002985 0.0 0.0
вт 0.002985 0.0 0.0
входят 0.002985 0.0 0.0
выделите 0.002985 0.0 0.0
выпущена 0.002985 3.912023 0.011678
выходит 0.002985 0.0 0.0
главную 0.002985 0.0 0.0
года 0.002985 0.0 0.0
готов 0.002985 1.237874 0.003695
готова 0.002985 2.525729 0.007539
готовить 0.002985 4.60517 0.013747
груз 0.002985 1.966113 0.005869
грузовой 0.002985 4.60517 0.013747
данные 0.002985 0.0 0.0
данный 0.002985 0.0 0.0
данных 0.002985 0.0 0.0
двигатели 0.002985 0.0 0.0
двигатель 0.002985 0.0 0.0
движется 0.002985 3.506558 0.010467
двух 0.002985 0.0 0.0
дело 0.002985 3.218876 0.009609
дизайн 0.002985 0.0 0.0
директор 0.002985 0.0 0.0
долларов 0.002985 0.0 0.0
дом 0.002985 0.0 0.0
доставили 0.002985 0.0 0.0
достигает 0.002985 0.0 0.0
завершат 0.002985 0.0 0.0
завершила 0.002985 2.65926 0.007938
занимает 0.002985 3.912023 0.011678
запас 0.002985 2.120264 0.006329
запасом 0.002985 2.65926 0.007938
заряда 0.002985 4.60517 0.013747
заряде 0.002985 4.60517 0.013747
защиты 0.002985 0.0 0.0
земле 0.002985 0.0 0.0
земли 0.002985 0.0 0.0
зонд 0.002985 0.0 0.0
зонда 0.002985 0.0 0.0
игры 0.002985 0.0 0.0
илона 0.002985 2.207275 0.006589
инновационный 0.002985 0.0 0.0
инсайдер 0.002985 3.218876 0.009609
информации 0.002985 0.0 0.0
иска 0.002985 1.89712 0.005663
использования 0.002985 0.0 0.0
исследований 0.002985 0.0 0.0
источник 0.002985 0.0 0.0
календарь 0.002985 0.0 0.0
калифорнии 0.002985 2.65926 0.007938
категории 0.002985 0.0 0.0
квт 0.002985 2.813411 0.008398
кг 0.002985 0.0 0.0
километров 0.002985 0.0 0.0
классическим 0.002985 0.0 0.0
клон 0.002985 0.0 0.0
км 0.002985 1.309333 0.003908
количестве 0.002985 3.912023 0.011678
комментирования 0.002985 0.0 0.0
комфортный 0.002985 0.0 0.0
контролировать 0.002985 3.506558 0.010467
конференция 0.002985 0.0 0.0
корее 0.002985 0.0 0.0
корпуса 0.002985 0.0 0.0
космос 0.002985 0.0 0.0
космоса 0.002985 0.0 0.0
кроссовера 0.002985 0.0 0.0
кроссоверы 0.002985 0.0 0.0
кубических 0.002985 0.0 0.0
куки 0.002985 0.0 0.0
легендарная 0.002985 3.506558 0.010467
летать 0.002985 0.0 0.0
лету 0.002985 0.0 0.0
листа 0.002985 0.0 0.0
литров 0.002985 2.302585 0.006873
мае 0.002985 0.0 0.0
май 0.002985 0.0 0.0
максимальная 0.002985 3.506558 0.010467
марка 0.002985 0.0 0.0
маска 0.002985 2.207275 0.006589
материалов 0.002985 0.0 0.0
машина 0.002985 2.813411 0.008398
машину 0.002985 0.0 0.0
мая 0.002985 0.0 0.0
межпланетный 0.002985 0.0 0.0
меняет 0.002985 0.0 0.0
метрового 0.002985 0.0 0.0
миллионов 0.002985 0.0 0.0
миру 0.002985 0.0 0.0
млн 0.002985 1.108663 0.003309
мобильные 0.002985 0.0 0.0
могут 0.002985 0.0 0.0
модели 0.002985 1.139434 0.003401
модель 0.002985 1.469676 0.004387
момент 0.002985 0.0 0.0
мониторы 0.002985 0.0 0.0
мотобрендов 0.002985 0.0 0.0
мотора 0.002985 4.60517 0.013747
мотоциклов 0.002985 0.0 0.0
мощность 0.002985 1.560648 0.004659
мощностью 0.002985 1.832581 0.00547
мс 0.002985 0.0 0.0
мультимедиа 0.002985 0.0 0.0
нажмите 0.002985 0.0 0.0
назвал 0.002985 0.0 0.0
названием 0.002985 0.0 0.0
нашей 0.002985 0.0 0.0
наши 0.002985 0.0 0.0
нашли 0.002985 0.0 0.0
недавно 0.002985 2.813411 0.008398
никак 0.002985 4.60517 0.013747
новости 0.002985 0.0 0.0
новые 0.002985 0.0 0.0
новый 0.002985 0.0 0.0
носители 0.002985 0.0 0.0
ноутбуки 0.002985 0.0 0.0
нужны 0.002985 0.0 0.0
обзоры 0.002985 0.0 0.0
обработки 0.002985 0.0 0.0
образцы 0.002985 0.0 0.0
объем 0.002985 2.65926 0.007938
объявили 0.002985 2.995732 0.008942
объявлена 0.002985 0.0 0.0
объёмом 0.002985 4.60517 0.013747
одноклассник 0.002985 0.0 0.0
одном 0.002985 3.506558 0.010467
опубликовал 0.002985 3.506558 0.010467
орбите 0.002985 0.0 0.0
ос 0.002985 0.0 0.0
отдадут 0.002985 0.0 0.0
отечественного 0.002985 0.0 0.0
отказа 0.002985 0.0 0.0
отказались 0.002985 0.0 0.0
отклонении 0.002985 3.506558 0.010467
отклонила 0.002985 3.506558 0.010467
отключили 0.002985 0.0 0.0
отсек 0.002985 4.60517 0.013747
очень 0.002985 0.0 0.0
ошибку 0.002985 0.0 0.0
паблика 0.002985 4.60517 0.013747
панели 0.002985 2.813411 0.008398
панель 0.002985 2.995732 0.008942
партия 0.002985 4.60517 0.013747
пассажирского 0.002985 4.60517 0.013747
первая 0.002985 2.813411 0.008398
переднего 0.002985 0.0 0.0
период 0.002985 0.0 0.0
периферия 0.002985 0.0 0.0
персональные 0.002985 0.0 0.0
персональных 0.002985 0.0 0.0
пиар 0.002985 0.0 0.0
пиковая 0.002985 4.60517 0.013747
пк 0.002985 0.0 0.0
планшеты 0.002985 0.0 0.0
платформа 0.002985 0.0 0.0
пн 0.002985 0.0 0.0
подвел 0.002985 0.0 0.0
поднял 0.002985 0.0 0.0
подробнее 0.002985 0.0 0.0
подтвердив 0.002985 3.912023 0.011678
позволяющая 0.002985 4.60517 0.013747
поиск 0.002985 0.0 0.0
пока 0.002985 0.0 0.0
полезные 0.002985 0.0 0.0
политика 0.002985 0.0 0.0
политикой 0.002985 0.0 0.0
полном 0.002985 3.506558 0.010467
полноприводными 0.002985 0.0 0.0
полётов 0.002985 0.0 0.0
попробовать 0.002985 0.0 0.0
популярная 0.002985 0.0 0.0
популярных 0.002985 0.0 0.0
пор 0.002985 0.0 0.0
посещать 0.002985 0.0 0.0
поступит 0.002985 3.912023 0.011678
правила 0.002985 0.0 0.0
прайс 0.002985 0.0 0.0
представлен 0.002985 0.0 0.0
предусмотрена 0.002985 3.912023 0.011678
прибавка 0.002985 0.0 0.0
приборов 0.002985 3.912023 0.011678
привода 0.002985 0.0 0.0
принтеры 0.002985 0.0 0.0
причины 0.002985 0.0 0.0
пробизнес 0.002985 0.0 0.0
проведения 0.002985 0.0 0.0
программы 0.002985 0.0 0.0
продавать 0.002985 0.0 0.0
продаже 0.002985 3.912023 0.011678
продажи 0.002985 0.0 0.0
продажу 0.002985 3.218876 0.009609
продолжает 0.002985 2.407946 0.007188
продолжая 0.002985 0.0 0.0
проезжает 0.002985 4.60517 0.013747
проектов 0.002985 0.0 0.0
проекторы 0.002985 0.0 0.0
проекты 0.002985 0.0 0.0
производства 0.002985 2.65926 0.007938
пролить 0.002985 0.0 0.0
прохождению 0.002985 3.506558 0.010467
процессы 0.002985 0.0 0.0
прошлого 0.002985 3.218876 0.009609
пт 0.002985 0.0 0.0
работы 0.002985 0.0 0.0
равна 0.002985 4.60517 0.013747
разгон 0.002985 2.525729 0.007539
разгоном 0.002985 3.506558 0.010467
ранее 0.002985 1.771957 0.005289
реальных 0.002985 0.0 0.0
результаты 0.002985 0.0 0.0
реклама 0.002985 0.0 0.0
решает 0.002985 0.0 0.0
россии 0.002985 0.0 0.0
россияне 0.002985 0.0 0.0
рублей 0.002985 0.0 0.0
русский 0.002985 4.60517 0.013747
рынок 0.002985 0.0 0.0
сайте 0.002985 0.0 0.0
сайты 0.002985 0.0 0.0
самая 0.002985 0.0 0.0
самолётах 0.002985 0.0 0.0
самых 0.002985 0.0 0.0
сантиметров 0.002985 0.0 0.0
сб 0.002985 0.0 0.0
сбора 0.002985 0.0 0.0
свежее 0.002985 4.60517 0.013747
свет 0.002985 0.0 0.0
своей 0.002985 0.0 0.0
связи 0.002985 0.0 0.0
связь 0.002985 0.0 0.0
сегодня 0.002985 0.0 0.0
секунды 0.002985 2.207275 0.006589
сентябре 0.002985 3.912023 0.011678
серверы 0.002985 0.0 0.0
сервисы 0.002985 0.0 0.0
серийного 0.002985 4.60517 0.013747
сертификацию 0.002985 0.0 0.0
сети 0.002985 0.0 0.0
системы 0.002985 1.469676 0.004387
сих 0.002985 2.407946 0.007188
скоро 0.002985 0.0 0.0
скорость 0.002985 2.302585 0.006873
сложности 0.002985 0.0 0.0
снова 0.002985 0.0 0.0
советский 0.002985 0.0 0.0
соглашаетесь 0.002985 0.0 0.0
сообщалось 0.002985 3.912023 0.011678
сообщил 0.002985 2.525729 0.007539
сосновке 0.002985 4.60517 0.013747
составит 0.002985 3.506558 0.010467
составляет 0.002985 2.407946 0.007188
спасти 0.002985 0.0 0.0
ср 0.002985 0.0 0.0
среда 0.002985 0.0 0.0
ссылки 0.002985 0.0 0.0
стал 0.002985 0.0 0.0
старт 0.002985 0.0 0.0
стартуют 0.002985 0.0 0.0
статистика 0.002985 0.0 0.0
статьи 0.002985 0.0 0.0
стоимость 0.002985 0.0 0.0
суду 0.002985 3.506558 0.010467
судья 0.002985 3.506558 0.010467
сша 0.002985 0.0 0.0
тайконавты 0.002985 0.0 0.0
тв 0.002985 0.0 0.0
теги 0.002985 0.0 0.0
текст 0.002985 0.0 0.0
тестов 0.002985 2.65926 0.007938
технический 0.002985 0.0 0.0
топ 0.002985 0.0 0.0
тыс 0.002985 0.0 0.0
тягового 0.002985 4.60517 0.013747
убрали 0.002985 0.0 0.0
универсала 0.002985 3.912023 0.011678
упасть 0.002985 0.0 0.0
уровень 0.002985 3.506558 0.010467
устройства 0.002985 0.0 0.0
ученым 0.002985 0.0 0.0
ушла 0.002985 3.218876 0.009609
файлы 0.002985 0.0 0.0
флагманского 0.002985 0.0 0.0
формально 0.002985 3.912023 0.011678
фото 0.002985 0.0 0.0
фундаментальные 0.002985 0.0 0.0
фургон 0.002985 4.60517 0.013747
фургона 0.002985 4.60517 0.013747
хитом 0.002985 0.0 0.0
хода 0.002985 1.609438 0.004804
ходатайство 0.002985 3.506558 0.010467
цена 0.002985 1.714798 0.005119
цены 0.002985 0.0 0.0
цифровая 0.002985 3.912023 0.011678
части 0.002985 0.0 0.0
человека 0.002985 0.0 0.0
чт 0.002985 0.0 0.0
экспорт 0.002985 0.0 0.0
электрического 0.002985 3.506558 0.010467
электромобиля 0.002985 3.506558 0.010467
эмбрионы 0.002985 0.0 0.0
эру 0.002985 2.525729 0.007539
южной 0.002985 0.0 0.0
