авиалайнера 0.002387 0.0 0.0
австралии 0.002387 0.0 0.0
автоваз 0.002387 0.0 0.0
автоматической 0.002387 4.60517 0.010991
автоматом 0.002387 0.0 0.0
автономная 0.002387 3.912023 0.009337
автономной 0.002387 4.60517 0.010991
автопроизводителя 0.002387 0.0 0.0
автор 0.002387 0.0 0.0
авторы 0.002387 0.0 0.0
адаптированная 0.002387 4.60517 0.010991
администрацией 0.002387 0.0 0.0
адрес 0.002387 0.0 0.0
алгоритмами 0.002387 3.506558 0.008369
америке 0.002387 0.0 0.0
аналитики 0.002387 0.0 0.0
анонсировала 0.002387 2.813411 0.006715
батареи 0.002387 3.506558 0.008369
белка 0.002387 0.0 0.0
биологические 0.002387 0.0 0.0
биологических 0.002387 0.0 0.0
ближнем 0.002387 0.0 0.0
блоги 0.002387 0.0 0.0
будут 0.002387 0.0 0.0
бургера 0.002387 3.506558 0.008369
быстро 0.002387 0.0 0.0
весом 0.002387 0.0 0.0
видео 0.002387 0.0 0.0
видеокарты 0.002387 0.0 0.0
внедорожники 0.002387 0.0 0.0
войти 0.002387 0.0 0.0
востоке 0.002387 0.0 0.0
вс 0.002387 0.0 0.0
всему 0.002387 0.0 0.0
вт 0.002387 0.0 0.0
входят 0.002387 0.0 0.0
выделите 0.002387 0.0 0.0
выдерживает 0.002387 3.218876 0.007682
выйти 0.002387 3.218876 0.007682
выпуск 0.002387 2.207275 0.005268
высот 0.002387 2.65926 0.006347
высотой 0.002387 3.218876 0.007682
выходит 0.002387 0.0 0.0
гибкие 0.002387 4.60517 0.010991
гибридный 0.002387 3.218876 0.007682
главную 0.002387 0.0 0.0
года 0.002387 0.0 0.0
горным 0.002387 4.60517 0.010991
горячей 0.002387 4.60517 0.010991
готов 0.002387 1.237874 0.002954
градусного 0.002387 4.60517 0.010991
грузоподъёмности 0.002387 4.60517 0.010991
данные 0.002387 0.0 0.0
данный 0.002387 0.0 0.0
данных 0.002387 0.0 0.0
двигатели 0.002387 0.0 0.0
двигатель 0.002387 0.0 0.0
движении 0.002387 4.60517 0.010991
движения 0.002387 2.65926 0.006347
двух 0.002387 0.0 0.0
дизайн 0.002387 0.0 0.0
директор 0.002387 0.0 0.0
долларов 0.002387 0.0 0.0
дом 0.002387 0.0 0.0
дополнительное 0.002387 3.506558 0.008369
доставили 0.002387 0.0 0.0
достигает 0.002387 0.0 0.0
доступен 0.002387 2.65926 0.006347
её 0.002387 1.203973 0.002873
заболоченным 0.002387 4.60517 0.010991
завалам 0.002387 4.60517 0.010991
завершат 0.002387 0.0 0.0
задач 0.002387 1.609438 0.003841
заднее 0.002387 4.60517 0.010991
задними 0.002387 4.60517 0.010991
заказа 0.002387 3.912023 0.009337
заменой 0.002387 4.60517 0.010991
заменяет 0.002387 3.912023 0.009337
заменять 0.002387 4.60517 0.010991
запланированы 0.002387 4.60517 0.010991
запустил 0.002387 2.040221 0.004869
зарядкой 0.002387 4.60517 0.010991
защита 0.002387 3.218876 0.007682
защиты 0.002387 0.0 0.0
защищённости 0.002387 4.60517 0.010991
земле 0.002387 0.0 0.0
земли 0.002387 0.0 0.0
зонах 0.002387 2.995732 0.00715
зонд 0.002387 0.0 0.0
зонда 0.002387 0.0 0.0
зоны 0.002387 2.995732 0.00715
игры 0.002387 0.0 0.0
идеально 0.002387 3.218876 0.007682
изогнутыми 0.002387 4.60517 0.010991
ии 0.002387 0.0 0.0
инновационный 0.002387 0.0 0.0
инспекции 0.002387 4.60517 0.010991
интегрировать 0.002387 2.813411 0.006715
интеллекте 0.002387 4.60517 0.010991
интерфейсы 0.002387 3.912023 0.009337
информации 0.002387 0.0 0.0
искусственном 0.002387 4.60517 0.010991
использования 0.002387 0.0 0.0
исследований 0.002387 0.0 0.0
исследовать 0.002387 3.218876 0.007682
источник 0.002387 0.0 0.0
календарь 0.002387 0.0 0.0
картографирования 0.002387 4.60517 0.010991
категории 0.002387 0.0 0.0
квадропедов 0.002387 4.60517 0.010991
квантовый 0.002387 3.506558 0.008369
квартал 0.002387 2.813411 0.006715
кг 0.002387 0.0 0.0
километров 0.002387 0.0 0.0
классическим 0.002387 0.0 0.0
клон 0.002387 0.0 0.0
ключевая 0.002387 3.912023 0.009337
колено 0.002387 4.60517 0.010991
колёсно 0.002387 4.60517 0.010991
колёсное 0.002387 4.60517 0.010991
колёсных 0.002387 4.60517 0.010991
комментирования 0.002387 0.0 0.0
компания 0.002387 0.820981 0.001959
компенсируя 0.002387 4.60517 0.010991
компьютер 0.002387 2.207275 0.005268
комфортный 0.002387 0.0 0.0
конструкция 0.002387 3.912023 0.009337
конференция 0.002387 0.0 0.0
конфигурации 0.002387 3.912023 0.009337
корее 0.002387 0.0 0.0
коридоры 0.002387 4.60517 0.010991
корпуса 0.002387 0.0 0.0
корректировки 0.002387 3.912023 0.009337
космос 0.002387 0.0 0.0
космоса 0.002387 0.0 0.0
критично 0.002387 3.506558 0.008369
кроссовера 0.002387 0.0 0.0
кроссоверы 0.002387 0.0 0.0
крупных 0.002387 2.995732 0.00715
кубических 0.002387 0.0 0.0
куки 0.002387 0.0 0.0
кухню 0.002387 3.506558 0.008369
ландшафтах 0.002387 4.60517 0.010991
лестницы 0.002387 4.60517 0.010991
летать 0.002387 0.0 0.0
лету 0.002387 0.0 0.0
лидар 0.002387 3.912023 0.009337
лидара 0.002387 3.912023 0.009337
ликвидации 0.002387 4.60517 0.010991
листа 0.002387 0.0 0.0
логистики 0.002387 3.912023 0.009337
локациях 0.002387 4.60517 0.010991
локоть 0.002387 4.60517 0.010991
лучевой 0.002387 4.60517 0.010991
лэп 0.002387 4.60517 0.010991
людей 0.002387 2.302585 0.005495
мае 0.002387 0.0 0.0
май 0.002387 0.0 0.0
малых 0.002387 3.218876 0.007682
манёвренность 0.002387 3.912023 0.009337
марка 0.002387 0.0 0.0
материалов 0.002387 0.0 0.0
машину 0.002387 0.0 0.0
мая 0.002387 0.0 0.0
межпланетный 0.002387 0.0 0.0
меняет 0.002387 0.0 0.0
местности 0.002387 4.60517 0.010991
метрового 0.002387 0.0 0.0
миллионов 0.002387 0.0 0.0
мире 0.002387 1.771957 0.004229
миру 0.002387 0.0 0.0
мобильные 0.002387 0.0 0.0
могут 0.002387 0.0 0.0
моделей 0.002387 2.120264 0.00506
модель 0.002387 1.469676 0.003508
момент 0.002387 0.0 0.0
мониторы 0.002387 0.0 0.0
мотобрендов 0.002387 0.0 0.0
мотоциклов 0.002387 0.0 0.0
мс 0.002387 0.0 0.0
мультимедиа 0.002387 0.0 0.0
навигация 0.002387 4.60517 0.010991
нагрузки 0.002387 2.65926 0.006347
нагрузку 0.002387 3.218876 0.007682
нажмите 0.002387 0.0 0.0
назвал 0.002387 0.0 0.0
названием 0.002387 0.0 0.0
научных 0.002387 3.218876 0.007682
начнёт 0.002387 3.506558 0.008369
нашей 0.002387 0.0 0.0
наши 0.002387 0.0 0.0
нашли 0.002387 0.0 0.0
недостатки 0.002387 4.60517 0.010991
непрерывную 0.002387 3.912023 0.009337
новости 0.002387 0.0 0.0
новые 0.002387 0.0 0.0
новый 0.002387 0.0 0.0
ногами 0.002387 4.60517 0.010991
носители 0.002387 0.0 0.0
ноутбуки 0.002387 0.0 0.0
нужны 0.002387 0.0 0.0
обеспечивает 0.002387 2.407946 0.005747
обзора 0.002387 3.218876 0.007682
обзоры 0.002387 0.0 0.0
оборудование 0.002387 3.506558 0.008369
обработки 0.002387 0.0 0.0
образцы 0.002387 0.0 0.0
обхода 0.002387 3.506558 0.008369
объединяет 0.002387 3.912023 0.009337
объявлена 0.002387 0.0 0.0
ограничения 0.002387 3.506558 0.008369
одноклассник 0.002387 0.0 0.0
опасные 0.002387 3.506558 0.008369
опасных 0.002387 3.912023 0.009337
операций 0.002387 3.218876 0.007682
оптимизации 0.002387 2.813411 0.006715
орбите 0.002387 0.0 0.0
ориентироваться 0.002387 4.60517 0.010991
ос 0.002387 0.0 0.0
осенью 0.002387 3.506558 0.008369
оснащён 0.002387 2.813411 0.006715
особенность 0.002387 3.506558 0.008369
отдадут 0.002387 0.0 0.0
отечественного 0.002387 0.0 0.0
отказа 0.002387 0.0 0.0
отказались 0.002387 0.0 0.0
отключили 0.002387 0.0 0.0
отраслей 0.002387 4.60517 0.010991
очень 0.002387 0.0 0.0
ошибку 0.002387 0.0 0.0
первая 0.002387 2.813411 0.006715
первые 0.002387 1.560648 0.003725
переднего 0.002387 0.0 0.0
передний 0.002387 3.506558 0.008369
перепады 0.002387 4.60517 0.010991
пересечённой 0.002387 4.60517 0.010991
период 0.002387 0.0 0.0
периферия 0.002387 0.0 0.0
персональные 0.002387 0.0 0.0
персональных 0.002387 0.0 0.0
пиар 0.002387 0.0 0.0
пк 0.002387 0.0 0.0
планшеты 0.002387 0.0 0.0
платформа 0.002387 0.0 0.0
пн 0.002387 0.0 0.0
подвел 0.002387 0.0 0.0
поддерживает 0.002387 3.912023 0.009337
поднял 0.002387 0.0 0.0
подробнее 0.002387 0.0 0.0
пожаротушения 0.002387 4.60517 0.010991
позволяет 0.002387 1.832581 0.004374
позволяют 0.002387 3.218876 0.007682
позиционируется 0.002387 4.60517 0.010991
позы 0.002387 4.60517 0.010991
поиск 0.002387 0.0 0.0
пока 0.002387 0.0 0.0
полезные 0.002387 0.0 0.0
политика 0.002387 0.0 0.0
политикой 0.002387 0.0 0.0
полминуты 0.002387 3.506558 0.008369
полной 0.002387 2.65926 0.006347
полноприводными 0.002387 0.0 0.0
полный 0.002387 2.813411 0.006715
полётов 0.002387 0.0 0.0
попробовать 0.002387 0.0 0.0
популярная 0.002387 0.0 0.0
популярных 0.002387 0.0 0.0
посещать 0.002387 0.0 0.0
поставки 0.002387 2.525729 0.006028
правила 0.002387 0.0 0.0
прайс 0.002387 0.0 0.0
превзошел 0.002387 3.506558 0.008369
предназначена 0.002387 3.218876 0.007682
представлен 0.002387 0.0 0.0
преодолевает 0.002387 4.60517 0.010991
преодолевать 0.002387 4.60517 0.010991
преодолевая 0.002387 4.60517 0.010991
препятствий 0.002387 3.912023 0.009337
прибавка 0.002387 0.0 0.0
привода 0.002387 0.0 0.0
применения 0.002387 3.506558 0.008369
принтеры 0.002387 0.0 0.0
причины 0.002387 0.0 0.0
пробизнес 0.002387 0.0 0.0
проведения 0.002387 0.0 0.0
программы 0.002387 0.0 0.0
продавать 0.002387 0.0 0.0
продажи 0.002387 0.0 0.0
продолжая 0.002387 0.0 0.0
проект 0.002387 0.0 0.0
проектов 0.002387 0.0 0.0
проекторы 0.002387 0.0 0.0
проекты 0.002387 0.0 0.0
пролить 0.002387 0.0 0.0
промышленного 0.002387 4.60517 0.010991
промышленные 0.002387 3.506558 0.008369
прорыв 0.002387 1.714798 0.004093
пространствах 0.002387 4.60517 0.010991
проходит 0.002387 4.60517 0.010991
процессы 0.002387 0.0 0.0
пт 0.002387 0.0 0.0
работает 0.002387 2.525729 0.006028
работу 0.002387 2.525729 0.006028
работы 0.002387 0.0 0.0
размера 0.002387 3.506558 0.008369
разработчиков 0.002387 2.813411 0.006715
расширяемые 0.002387 4.60517 0.010991
расширяется 0.002387 4.60517 0.010991
реальных 0.002387 0.0 0.0
режиме 0.002387 2.995732 0.00715
режимы 0.002387 4.60517 0.010991
резкие 0.002387 4.60517 0.010991
результаты 0.002387 0.0 0.0
реклама 0.002387 0.0 0.0
решает 0.002387 0.0 0.0
робот 0.002387 1.966113 0.004692
робота 0.002387 2.995732 0.00715
роботов 0.002387 2.995732 0.00715
робототехника 0.002387 3.218876 0.007682
робототехнике 0.002387 3.506558 0.008369
роботы 0.002387 3.506558 0.008369
россии 0.002387 0.0 0.0
россияне 0.002387 0.0 0.0
рублей 0.002387 0.0 0.0
рынок 0.002387 0.0 0.0
сайте 0.002387 0.0 0.0
сайты 0.002387 0.0 0.0
самая 0.002387 0.0 0.0
самолётах 0.002387 0.0 0.0
самых 0.002387 0.0 0.0
сантиметров 0.002387 0.0 0.0
сб 0.002387 0.0 0.0
сбора 0.002387 0.0 0.0
сборка 0.002387 3.218876 0.007682
свет 0.002387 0.0 0.0
своей 0.002387 0.0 0.0
связи 0.002387 0.0 0.0
связь 0.002387 0.0 0.0
сегодня 0.002387 0.0 0.0
серверы 0.002387 0.0 0.0
сервисы 0.002387 0.0 0.0
сертификацию 0.002387 0.0 0.0
сети 0.002387 0.0 0.0
система 0.002387 1.514128 0.003614
скоро 0.002387 0.0 0.0
скорость 0.002387 2.302585 0.005495
словам 0.002387 2.302585 0.005495
сложности 0.002387 0.0 0.0
сложных 0.002387 2.813411 0.006715
см 0.002387 0.0 0.0
снова 0.002387 0.0 0.0
советский 0.002387 0.0 0.0
совместима 0.002387 3.912023 0.009337
соглашаетесь 0.002387 0.0 0.0
сочетающая 0.002387 4.60517 0.010991
спасательных 0.002387 4.60517 0.010991
спасать 0.002387 3.506558 0.008369
спасти 0.002387 0.0 0.0
специализирующаяся 0.002387 4.60517 0.010991
способен 0.002387 2.525729 0.006028
ср 0.002387 0.0 0.0
среда 0.002387 0.0 0.0
средах 0.002387 4.60517 0.010991
среднего 0.002387 4.60517 0.010991
ссылки 0.002387 0.0 0.0
стал 0.002387 0.0 0.0
стандарту 0.002387 4.60517 0.010991
стартуют 0.002387 0.0 0.0
статистика 0.002387 0.0 0.0
статьи 0.002387 0.0 0.0
стоимость 0.002387 0.0 0.0
ступени 0.002387 2.813411 0.006715
суперкомпьютеры 0.002387 3.218876 0.007682
сфера 0.002387 2.813411 0.006715
счёт 0.002387 2.995732 0.00715
сша 0.002387 0.0 0.0
тайконавты 0.002387 0.0 0.0
тв 0.002387 0.0 0.0
теги 0.002387 0.0 0.0
текст 0.002387 0.0 0.0
темноте 0.002387 4.60517 0.010991
температурах 0.002387 3.912023 0.009337
технический 0.002387 0.0 0.0
тоннелей 0.002387 4.60517 0.010991
топ 0.002387 0.0 0.0
точного 0.002387 3.218876 0.007682
тропам 0.002387 4.60517 0.010991
трубопроводов 0.002387 4.60517 0.010991
тушить 0.002387 3.506558 0.008369
тыс 0.002387 0.0 0.0
убрали 0.002387 0.0 0.0
удалённых 0.002387 3.506558 0.008369
узких 0.002387 3.912023 0.009337
упасть 0.002387 0.0 0.0
ускоряет 0.002387 4.60517 0.010991
условиях 0.002387 1.771957 0.004229
устройства 0.002387 0.0 0.0
участкам 0.002387 4.60517 0.010991
ученым 0.002387 0.0 0.0
файлы 0.002387 0.0 0.0
флагманского 0.002387 0.0 0.0
фото 0.002387 0.0 0.0
фундаментальные 0.002387 0.0 0.0
хитом 0.002387 0.0 0.0
цены 0.002387 0.0 0.0
цифровизацию 0.002387 4.60517 0.010991
часов 0.002387 2.525729 0.006028
части 0.002387 0.0 0.0
человека 0.002387 0.0 0.0
чт 0.002387 0.0 0.0
шагающее 0.002387 4.60517 0.010991
шагающим 0.002387 4.60517 0.010991
шагающих 0.002387 4.60517 0.010991
шасси 0.002387 3.912023 0.009337
шириной 0.002387 4.60517 0.010991
экспорт 0.002387 0.0 0.0
эмбрионы 0.002387 0.0 0.0
энергетики 0.002387 3.218876 0.007682
южной 0.002387 0.0 0.0
