авиалайнера 0.003185 0.0 0.0
австралии 0.003185 0.0 0.0
авто 0.003185 0.0 0.0
автоваз 0.003185 0.0 0.0
автоматизированной 0.003185 3.506558 0.011167
автоматом 0.003185 0.0 0.0
автомобили 0.003185 1.966113 0.006262
автоновости 0.003185 3.506558 0.011167
автопроизводителя 0.003185 0.0 0.0
автор 0.003185 0.0 0.0
авторы 0.003185 0.0 0.0
адаптивным 0.003185 4.60517 0.014666
администрацией 0.003185 0.0 0.0
адрес 0.003185 0.0 0.0
американских 0.003185 2.995732 0.009541
америке 0.003185 0.0 0.0
аналитики 0.003185 0.0 0.0
атмосферный 0.003185 4.60517 0.014666
базовой 0.003185 3.912023 0.012459
белка 0.003185 0.0 0.0
биологические 0.003185 0.0 0.0
биологических 0.003185 0.0 0.0
ближнем 0.003185 0.0 0.0
блоги 0.003185 0.0 0.0
большим 0.003185 3.912023 0.012459
будут 0.003185 0.0 0.0
быстро 0.003185 0.0 0.0
бьют 0.003185 2.302585 0.007333
бюджетности 0.003185 4.60517 0.014666
бюджетный 0.003185 3.506558 0.011167
бюджетным 0.003185 4.60517 0.014666
весом 0.003185 0.0 0.0
взлетела 0.003185 4.60517 0.014666
видео 0.003185 0.0 0.0
видеокарты 0.003185 0.0 0.0
владивостоке 0.003185 4.60517 0.014666
внедорожники 0.003185 0.0 0.0
войти 0.003185 0.0 0.0
востоке 0.003185 0.0 0.0
вс 0.003185 0.0 0.0
всему 0.003185 0.0 0.0
вт 0.003185 0.0 0.0
входят 0.003185 0.0 0.0
выделите 0.003185 0.0 0.0
выходит 0.003185 0.0 0.0
главную 0.003185 0.0 0.0
года 0.003185 0.0 0.0
границу 0.003185 4.60517 0.014666
данные 0.003185 0.0 0.0
данный 0.003185 0.0 0.0
данных 0.003185 0.0 0.0
двигатели 0.003185 0.0 0.0
двигатель 0.003185 0.0 0.0
двух 0.003185 0.0 0.0
десятки 0.003185 3.912023 0.012459
дизайн 0.003185 0.0 0.0
директор 0.003185 0.0 0.0
дня 0.003185 0.0 0.0
долларов 0.003185 0.0 0.0
дом 0.003185 0.0 0.0
доставили 0.003185 0.0 0.0
достигает 0.003185 0.0 0.0
других 0.003185 2.040221 0.006498
завершат 0.003185 0.0 0.0
заказ 0.003185 2.525729 0.008044
заказы 0.003185 3.218876 0.010251
защиты 0.003185 0.0 0.0
земле 0.003185 0.0 0.0
земли 0.003185 0.0 0.0
зонд 0.003185 0.0 0.0
зонда 0.003185 0.0 0.0
иванова 0.003185 4.60517 0.014666
игры 0.003185 0.0 0.0
инновационный 0.003185 0.0 0.0
информации 0.003185 0.0 0.0
использования 0.003185 0.0 0.0
исследований 0.003185 0.0 0.0
источник 0.003185 0.0 0.0
календарь 0.003185 0.0 0.0
категории 0.003185 0.0 0.0
кг 0.003185 0.0 0.0
километров 0.003185 0.0 0.0
китае 0.003185 2.302585 0.007333
китайских 0.003185 2.995732 0.009541
классическим 0.003185 0.0 0.0
клон 0.003185 0.0 0.0
комбинированной 0.003185 4.60517 0.014666
комментирования 0.003185 0.0 0.0
комплектации 0.003185 2.65926 0.008469
комфортный 0.003185 0.0 0.0
кондиционер 0.003185 4.60517 0.014666
контролем 0.003185 4.60517 0.014666
конференция 0.003185 0.0 0.0
корее 0.003185 0.0 0.0
коробкой 0.003185 2.813411 0.00896
корпуса 0.003185 0.0 0.0
космос 0.003185 0.0 0.0
космоса 0.003185 0.0 0.0
который 0.003185 1.386294 0.004415
краснодаре 0.003185 4.60517 0.014666
кресел 0.003185 4.60517 0.014666
кроссовера 0.003185 0.0 0.0
кроссоверы 0.003185 0.0 0.0
круиз 0.003185 3.912023 0.012459
кубических 0.003185 0.0 0.0
куки 0.003185 0.0 0.0
купить 0.003185 3.218876 0.010251
летать 0.003185 0.0 0.0
лету 0.003185 0.0 0.0
листа 0.003185 0.0 0.0
литровый 0.003185 3.506558 0.011167
магнитогорска 0.003185 4.60517 0.014666
мае 0.003185 0.0 0.0
май 0.003185 0.0 0.0
марка 0.003185 0.0 0.0
материалов 0.003185 0.0 0.0
машина 0.003185 2.813411 0.00896
машину 0.003185 0.0 0.0
машины 0.003185 1.771957 0.005643
мая 0.003185 0.0 0.0
медиасистема 0.003185 3.506558 0.011167
межпланетный 0.003185 0.0 0.0
меняет 0.003185 0.0 0.0
местная 0.003185 3.506558 0.011167
месяц 0.003185 1.832581 0.005836
метрового 0.003185 0.0 0.0
миллионов 0.003185 0.0 0.0
миру 0.003185 0.0 0.0
млн 0.003185 1.108663 0.003531
мобильные 0.003185 0.0 0.0
могут 0.003185 0.0 0.0
момент 0.003185 0.0 0.0
мониторы 0.003185 0.0 0.0
москве 0.003185 3.912023 0.012459
мотобрендов 0.003185 0.0 0.0
мотор 0.003185 2.207275 0.00703
мотоциклов 0.003185 0.0 0.0
мощностью 0.003185 1.832581 0.005836
мс 0.003185 0.0 0.0
мультимедиа 0.003185 0.0 0.0
нажмите 0.003185 0.0 0.0
назад 0.003185 2.65926 0.008469
назвал 0.003185 0.0 0.0
названием 0.003185 0.0 0.0
наличия 0.003185 3.506558 0.011167
нашей 0.003185 0.0 0.0
наши 0.003185 0.0 0.0
нашли 0.003185 0.0 0.0
новости 0.003185 0.0 0.0
новые 0.003185 0.0 0.0
новый 0.003185 0.0 0.0
носители 0.003185 0.0 0.0
ноутбуки 0.003185 0.0 0.0
нужны 0.003185 0.0 0.0
обе 0.003185 0.616186 0.001962
обзоры 0.003185 0.0 0.0
обработки 0.003185 0.0 0.0
образцы 0.003185 0.0 0.0
объявлена 0.003185 0.0 0.0
одинаковы 0.003185 4.60517 0.014666
одноклассник 0.003185 0.0 0.0
орбите 0.003185 0.0 0.0
ос 0.003185 0.0 0.0
остается 0.003185 3.912023 0.012459
отдадут 0.003185 0.0 0.0
отделкой 0.003185 4.60517 0.014666
отечественного 0.003185 0.0 0.0
отказа 0.003185 0.0 0.0
отказались 0.003185 0.0 0.0
отказаться 0.003185 3.218876 0.010251
отключили 0.003185 0.0 0.0
очень 0.003185 0.0 0.0
ошибку 0.003185 0.0 0.0
передач 0.003185 2.120264 0.006752
переднего 0.003185 0.0 0.0
пересекает 0.003185 4.60517 0.014666
период 0.003185 0.0 0.0
периферия 0.003185 0.0 0.0
персональные 0.003185 0.0 0.0
персональных 0.003185 0.0 0.0
пиар 0.003185 0.0 0.0
пк 0.003185 0.0 0.0
плане 0.003185 0.0 0.0
планшеты 0.003185 0.0 0.0
платформа 0.003185 0.0 0.0
пн 0.003185 0.0 0.0
повыше 0.003185 2.407946 0.007669
подвел 0.003185 0.0 0.0
поднял 0.003185 0.0 0.0
подорожал 0.003185 3.218876 0.010251
подробнее 0.003185 0.0 0.0
поиск 0.003185 0.0 0.0
пока 0.003185 0.0 0.0
полезные 0.003185 0.0 0.0
политика 0.003185 0.0 0.0
политикой 0.003185 0.0 0.0
полноприводными 0.003185 0.0 0.0
пользу 0.003185 1.560648 0.00497
полётов 0.003185 0.0 0.0
попробовать 0.003185 0.0 0.0
популярная 0.003185 0.0 0.0
популярных 0.003185 0.0 0.0
посещать 0.003185 0.0 0.0
правила 0.003185 0.0 0.0
прайс 0.003185 0.0 0.0
предлагаемые 0.003185 4.60517 0.014666
представлен 0.003185 0.0 0.0
прибавили 0.003185 4.60517 0.014666
прибавка 0.003185 0.0 0.0
привода 0.003185 0.0 0.0
примерно 0.003185 2.995732 0.009541
принимаются 0.003185 4.60517 0.014666
принтеры 0.003185 0.0 0.0
причины 0.003185 0.0 0.0
пробизнес 0.003185 0.0 0.0
проведения 0.003185 0.0 0.0
программы 0.003185 0.0 0.0
продавать 0.003185 0.0 0.0
продавец 0.003185 3.912023 0.012459
продавцов 0.003185 4.60517 0.014666
продажи 0.003185 0.0 0.0
продолжая 0.003185 0.0 0.0
проектов 0.003185 0.0 0.0
проекторы 0.003185 0.0 0.0
проекты 0.003185 0.0 0.0
пролить 0.003185 0.0 0.0
просит 0.003185 2.65926 0.008469
процессы 0.003185 0.0 0.0
пт 0.003185 0.0 0.0
работы 0.003185 0.0 0.0
реальных 0.003185 0.0 0.0
результаты 0.003185 0.0 0.0
реклама 0.003185 0.0 0.0
решает 0.003185 0.0 0.0
россии 0.003185 0.0 0.0
россия 0.003185 0.0 0.0
россияне 0.003185 0.0 0.0
рублей 0.003185 0.0 0.0
рынок 0.003185 0.0 0.0
сайте 0.003185 0.0 0.0
сайты 0.003185 0.0 0.0
салон 0.003185 3.218876 0.010251
самая 0.003185 0.0 0.0
самолётах 0.003185 0.0 0.0
самолётов 0.003185 3.506558 0.011167
самых 0.003185 0.0 0.0
сантиметров 0.003185 0.0 0.0
сб 0.003185 0.0 0.0
сбора 0.003185 0.0 0.0
свет 0.003185 0.0 0.0
своей 0.003185 0.0 0.0
связи 0.003185 0.0 0.0
связь 0.003185 0.0 0.0
сегодня 0.003185 0.0 0.0
седан 0.003185 2.65926 0.008469
седаном 0.003185 4.60517 0.014666
серверы 0.003185 0.0 0.0
сервисы 0.003185 0.0 0.0
сертификацию 0.003185 0.0 0.0
сети 0.003185 0.0 0.0
скоро 0.003185 0.0 0.0
следа 0.003185 4.60517 0.014666
сложности 0.003185 0.0 0.0
снова 0.003185 0.0 0.0
советский 0.003185 0.0 0.0
соглашаетесь 0.003185 0.0 0.0
сотни 0.003185 3.218876 0.010251
сочетается 0.003185 4.60517 0.014666
спасти 0.003185 0.0 0.0
ср 0.003185 0.0 0.0
среда 0.003185 0.0 0.0
ссылки 0.003185 0.0 0.0
стал 0.003185 0.0 0.0
стартуют 0.003185 0.0 0.0
статистика 0.003185 0.0 0.0
статьи 0.003185 0.0 0.0
стоимость 0.003185 0.0 0.0
стоит 0.003185 1.966113 0.006262
столько 0.003185 2.407946 0.007669
ступенчатым 0.003185 2.995732 0.009541
сша 0.003185 0.0 0.0
тайконавты 0.003185 0.0 0.0
тарифы 0.003185 3.506558 0.011167
тв 0.003185 0.0 0.0
теги 0.003185 0.0 0.0
текст 0.003185 0.0 0.0
технический 0.003185 0.0 0.0
техническом 0.003185 4.60517 0.014666
тканевый 0.003185 4.60517 0.014666
топ 0.003185 0.0 0.0
топовой 0.003185 3.218876 0.010251
трампа 0.003185 2.995732 0.009541
тыс 0.003185 0.0 0.0
тысяч 0.003185 2.407946 0.007669
убрали 0.003185 0.0 0.0
упасть 0.003185 0.0 0.0
устройства 0.003185 0.0 0.0
ученым 0.003185 0.0 0.0
файлы 0.003185 0.0 0.0
флагманского 0.003185 0.0 0.0
фото 0.003185 0.0 0.0
фундаментальные 0.003185 0.0 0.0
хитом 0.003185 0.0 0.0
цена 0.003185 1.714798 0.005461
цены 0.003185 0.0 0.0
части 0.003185 0.0 0.0
человека 0.003185 0.0 0.0
чт 0.003185 0.0 0.0
экраном 0.003185 3.506558 0.011167
экспорт 0.003185 0.0 0.0
эмбрионы 0.003185 0.0 0.0
юаней 0.003185 4.60517 0.014666
южной 0.003185 0.0 0.0
является 0.003185 3.218876 0.010251
