абсолютно 0.003226 2.407946 0.007768
авиалайнера 0.003226 0.0 0.0
австралии 0.003226 0.0 0.0
автоваз 0.003226 0.0 0.0
автоматом 0.003226 0.0 0.0
автомобилем 0.003226 4.60517 0.014855
автопроизводитель 0.003226 3.912023 0.012619
автопроизводителя 0.003226 0.0 0.0
автор 0.003226 0.0 0.0
авторы 0.003226 0.0 0.0
адаптированную 0.003226 4.60517 0.014855
администрацией 0.003226 0.0 0.0
адрес 0.003226 0.0 0.0
америке 0.003226 0.0 0.0
аналитики 0.003226 0.0 0.0
аудиторию 0.003226 4.60517 0.014855
белка 0.003226 0.0 0.0
биологические 0.003226 0.0 0.0
биологических 0.003226 0.0 0.0
ближайшие 0.003226 2.813411 0.009076
ближнем 0.003226 0.0 0.0
блоги 0.003226 0.0 0.0
бразилии 0.003226 4.60517 0.014855
бразильского 0.003226 4.60517 0.014855
будут 0.003226 0.0 0.0
быстро 0.003226 0.0 0.0
версией 0.003226 3.506558 0.011311
версию 0.003226 2.813411 0.009076
весом 0.003226 0.0 0.0
видео 0.003226 0.0 0.0
видеокарты 0.003226 0.0 0.0
внедорожники 0.003226 0.0 0.0
внутреннее 0.003226 4.60517 0.014855
войти 0.003226 0.0 0.0
востоке 0.003226 0.0 0.0
вс 0.003226 0.0 0.0
всему 0.003226 0.0 0.0
вт 0.003226 0.0 0.0
входят 0.003226 0.0 0.0
выделите 0.003226 0.0 0.0
выпускался 0.003226 4.60517 0.014855
выраженным 0.003226 4.60517 0.014855
высокой 0.003226 2.813411 0.009076
высокую 0.003226 3.218876 0.010383
выходит 0.003226 0.0 0.0
главную 0.003226 0.0 0.0
года 0.003226 0.0 0.0
городских 0.003226 3.218876 0.010383
данные 0.003226 0.0 0.0
данный 0.003226 0.0 0.0
данных 0.003226 0.0 0.0
двигатели 0.003226 0.0 0.0
двигатель 0.003226 0.0 0.0
двух 0.003226 0.0 0.0
дешевле 0.003226 2.525729 0.008148
дизайн 0.003226 0.0 0.0
дилерские 0.003226 4.60517 0.014855
директор 0.003226 0.0 0.0
долларов 0.003226 0.0 0.0
дом 0.003226 0.0 0.0
дополнительно 0.003226 2.813411 0.009076
доставили 0.003226 0.0 0.0
достигает 0.003226 0.0 0.0
единственной 0.003226 4.60517 0.014855
завершат 0.003226 0.0 0.0
заменило 0.003226 3.506558 0.011311
защиты 0.003226 0.0 0.0
земле 0.003226 0.0 0.0
земли 0.003226 0.0 0.0
зонд 0.003226 0.0 0.0
зонда 0.003226 0.0 0.0
игры 0.003226 0.0 0.0
имеет 0.003226 2.65926 0.008578
инновационный 0.003226 0.0 0.0
информации 0.003226 0.0 0.0
использования 0.003226 0.0 0.0
исследований 0.003226 0.0 0.0
источник 0.003226 0.0 0.0
календарь 0.003226 0.0 0.0
категории 0.003226 0.0 0.0
кг 0.003226 0.0 0.0
километров 0.003226 0.0 0.0
классическим 0.003226 0.0 0.0
клон 0.003226 0.0 0.0
км 0.003226 1.309333 0.004224
комментирования 0.003226 0.0 0.0
компания 0.003226 0.820981 0.002648
комплектация 0.003226 2.995732 0.009664
комфортный 0.003226 0.0 0.0
конференция 0.003226 0.0 0.0
корее 0.003226 0.0 0.0
коробочный 0.003226 4.60517 0.014855
корпуса 0.003226 0.0 0.0
космос 0.003226 0.0 0.0
космоса 0.003226 0.0 0.0
который 0.003226 1.386294 0.004472
кроссовер 0.003226 0.0 0.0
кроссовера 0.003226 0.0 0.0
кроссоверы 0.003226 0.0 0.0
крышей 0.003226 4.60517 0.014855
кубических 0.003226 0.0 0.0
куки 0.003226 0.0 0.0
летать 0.003226 0.0 0.0
лету 0.003226 0.0 0.0
линией 0.003226 4.60517 0.014855
листа 0.003226 0.0 0.0
лунной 0.003226 2.995732 0.009664
мае 0.003226 0.0 0.0
май 0.003226 0.0 0.0
манёвренность 0.003226 3.912023 0.012619
марка 0.003226 0.0 0.0
материалов 0.003226 0.0 0.0
машину 0.003226 0.0 0.0
мая 0.003226 0.0 0.0
межпланетный 0.003226 0.0 0.0
меняет 0.003226 0.0 0.0
месяцы 0.003226 3.218876 0.010383
метрового 0.003226 0.0 0.0
миллионов 0.003226 0.0 0.0
миру 0.003226 0.0 0.0
миссии 0.003226 1.514128 0.004884
мобильные 0.003226 0.0 0.0
могут 0.003226 0.0 0.0
модели 0.003226 1.139434 0.003676
модель 0.003226 1.469676 0.004741
модельного 0.003226 3.912023 0.012619
молодёжную 0.003226 4.60517 0.014855
момент 0.003226 0.0 0.0
мониторы 0.003226 0.0 0.0
мотобрендов 0.003226 0.0 0.0
мотоциклов 0.003226 0.0 0.0
мс 0.003226 0.0 0.0
мультимедиа 0.003226 0.0 0.0
нажмите 0.003226 0.0 0.0
назвал 0.003226 0.0 0.0
названием 0.003226 0.0 0.0
начнутся 0.003226 3.912023 0.012619
нашей 0.003226 0.0 0.0
наши 0.003226 0.0 0.0
нашли 0.003226 0.0 0.0
новейший 0.003226 2.995732 0.009664
новинки 0.003226 4.60517 0.014855
новости 0.003226 0.0 0.0
новые 0.003226 0.0 0.0
новый 0.003226 0.0 0.0
носители 0.003226 0.0 0.0
ноутбуки 0.003226 0.0 0.0
нужны 0.003226 0.0 0.0
нуля 0.003226 3.506558 0.011311
обеспечить 0.003226 3.218876 0.010383
обзоры 0.003226 0.0 0.0
обновлённую 0.003226 4.60517 0.014855
обработки 0.003226 0.0 0.0
образцы 0.003226 0.0 0.0
общего 0.003226 3.506558 0.011311
объявлена 0.003226 0.0 0.0
объявлены 0.003226 4.60517 0.014855
одноименным 0.003226 4.60517 0.014855
одноклассник 0.003226 0.0 0.0
оптимизировать 0.003226 3.218876 0.010383
орбите 0.003226 0.0 0.0
ориентированным 0.003226 4.60517 0.014855
ос 0.003226 0.0 0.0
оснащением 0.003226 3.506558 0.011311
остекления 0.003226 4.60517 0.014855
отдадут 0.003226 0.0 0.0
отечественного 0.003226 0.0 0.0
отказа 0.003226 0.0 0.0
отказались 0.003226 0.0 0.0
отключили 0.003226 0.0 0.0
отличным 0.003226 3.506558 0.011311
официально 0.003226 1.966113 0.006342
очень 0.003226 0.0 0.0
ошибку 0.003226 0.0 0.0
переднего 0.003226 0.0 0.0
период 0.003226 0.0 0.0
периферия 0.003226 0.0 0.0
персональные 0.003226 0.0 0.0
персональных 0.003226 0.0 0.0
пиар 0.003226 0.0 0.0
пк 0.003226 0.0 0.0
планшеты 0.003226 0.0 0.0
платформа 0.003226 0.0 0.0
пн 0.003226 0.0 0.0
подвел 0.003226 0.0 0.0
поднял 0.003226 0.0 0.0
подробнее 0.003226 0.0 0.0
подтвердил 0.003226 2.525729 0.008148
позволило 0.003226 3.506558 0.011311
поиск 0.003226 0.0 0.0
пока 0.003226 0.0 0.0
полезные 0.003226 0.0 0.0
политика 0.003226 0.0 0.0
политикой 0.003226 0.0 0.0
полноприводными 0.003226 0.0 0.0
полностью 0.003226 2.207275 0.00712
получил 0.003226 1.514128 0.004884
полётов 0.003226 0.0 0.0
попробовать 0.003226 0.0 0.0
популярная 0.003226 0.0 0.0
популярных 0.003226 0.0 0.0
посадку 0.003226 3.912023 0.012619
посещать 0.003226 0.0 0.0
поставки 0.003226 2.525729 0.008148
правила 0.003226 0.0 0.0
прайс 0.003226 0.0 0.0
представила 0.003226 1.832581 0.005912
представлен 0.003226 0.0 0.0
прибавка 0.003226 0.0 0.0
привода 0.003226 0.0 0.0
принтеры 0.003226 0.0 0.0
приподнятой 0.003226 4.60517 0.014855
причины 0.003226 0.0 0.0
пробизнес 0.003226 0.0 0.0
проведения 0.003226 0.0 0.0
программы 0.003226 0.0 0.0
продавать 0.003226 0.0 0.0
продажи 0.003226 0.0 0.0
продолжая 0.003226 0.0 0.0
проектов 0.003226 0.0 0.0
проекторы 0.003226 0.0 0.0
проекты 0.003226 0.0 0.0
пролить 0.003226 0.0 0.0
пространство 0.003226 4.60517 0.014855
процессы 0.003226 0.0 0.0
пт 0.003226 0.0 0.0
работы 0.003226 0.0 0.0
ракете 0.003226 2.995732 0.009664
ранее 0.003226 1.771957 0.005716
расходом 0.003226 3.506558 0.011311
реальных 0.003226 0.0 0.0
результаты 0.003226 0.0 0.0
реклама 0.003226 0.0 0.0
решает 0.003226 0.0 0.0
россии 0.003226 0.0 0.0
россияне 0.003226 0.0 0.0
рублей 0.003226 0.0 0.0
рынка 0.003226 2.525729 0.008148
рынок 0.003226 0.0 0.0
сайте 0.003226 0.0 0.0
сайты 0.003226 0.0 0.0
самая 0.003226 0.0 0.0
самолётах 0.003226 0.0 0.0
самых 0.003226 0.0 0.0
сантиметров 0.003226 0.0 0.0
сб 0.003226 0.0 0.0
сбора 0.003226 0.0 0.0
свет 0.003226 0.0 0.0
своей 0.003226 0.0 0.0
связи 0.003226 0.0 0.0
связь 0.003226 0.0 0.0
сегодня 0.003226 0.0 0.0
серверы 0.003226 0.0 0.0
сервисы 0.003226 0.0 0.0
сертификацию 0.003226 0.0 0.0
сети 0.003226 0.0 0.0
скоро 0.003226 0.0 0.0
сложности 0.003226 0.0 0.0
снова 0.003226 0.0 0.0
советский 0.003226 0.0 0.0
соглашаетесь 0.003226 0.0 0.0
создана 0.003226 4.60517 0.014855
спасти 0.003226 0.0 0.0
специально 0.003226 3.506558 0.011311
ср 0.003226 0.0 0.0
среда 0.003226 0.0 0.0
ссылки 0.003226 0.0 0.0
стал 0.003226 0.0 0.0
станет 0.003226 1.714798 0.005532
стартуют 0.003226 0.0 0.0
статистика 0.003226 0.0 0.0
статьи 0.003226 0.0 0.0
стилем 0.003226 4.60517 0.014855
стоимость 0.003226 0.0 0.0
сша 0.003226 0.0 0.0
тайконавты 0.003226 0.0 0.0
тв 0.003226 0.0 0.0
теги 0.003226 0.0 0.0
текст 0.003226 0.0 0.0
технический 0.003226 0.0 0.0
технологии 0.003226 1.514128 0.004884
топ 0.003226 0.0 0.0
тыс 0.003226 0.0 0.0
убрали 0.003226 0.0 0.0
удобную 0.003226 4.60517 0.014855
упасть 0.003226 0.0 0.0
условиях 0.003226 1.771957 0.005716
устройства 0.003226 0.0 0.0
утечек 0.003226 3.506558 0.011311
ученым 0.003226 0.0 0.0
файлы 0.003226 0.0 0.0
флагманского 0.003226 0.0 0.0
фото 0.003226 0.0 0.0
фундаментальные 0.003226 0.0 0.0
характеристики 0.003226 2.995732 0.009664
хитом 0.003226 0.0 0.0
центры 0.003226 2.995732 0.009664
цены 0.003226 0.0 0.0
части 0.003226 0.0 0.0
человека 0.003226 0.0 0.0
чт 0.003226 0.0 0.0
шаттлов 0.003226 3.506558 0.011311
экспорт 0.003226 0.0 0.0
экстренно 0.003226 3.506558 0.011311
электрическая 0.003226 3.912023 0.012619
электромобиль 0.003226 4.60517 0.014855
электромобиля 0.003226 3.506558 0.011311
эмбрионы 0.003226 0.0 0.0
южной 0.003226 0.0 0.0
ярко 0.003226 3.912023 0.012619
