авиакомпаниям 0.003106 4.60517 0.014302
авиалайнер 0.003106 0.0 0.0
авиалайнера 0.003106 0.0 0.0
авиация 0.003106 3.506558 0.01089
австралии 0.003106 0.0 0.0
автоваз 0.003106 0.0 0.0
автоматом 0.003106 0.0 0.0
автопроизводителя 0.003106 0.0 0.0
автор 0.003106 0.0 0.0
авторы 0.003106 0.0 0.0
агрегатами 0.003106 4.60517 0.014302
администрацией 0.003106 0.0 0.0
адрес 0.003106 0.0 0.0
америке 0.003106 0.0 0.0
аналитики 0.003106 0.0 0.0
анатолий 0.003106 4.60517 0.014302
апреля 0.003106 1.966113 0.006106
аэродинамическая 0.003106 4.60517 0.014302
белка 0.003106 0.0 0.0
биологические 0.003106 0.0 0.0
биологических 0.003106 0.0 0.0
ближнем 0.003106 0.0 0.0
блоги 0.003106 0.0 0.0
борт 0.003106 3.506558 0.01089
будут 0.003106 0.0 0.0
быстро 0.003106 0.0 0.0
весом 0.003106 0.0 0.0
видео 0.003106 0.0 0.0
видеокарты 0.003106 0.0 0.0
внедорожники 0.003106 0.0 0.0
воздухе 0.003106 4.60517 0.014302
войти 0.003106 0.0 0.0
востоке 0.003106 0.0 0.0
впервые 0.003106 2.120264 0.006585
вс 0.003106 0.0 0.0
всему 0.003106 0.0 0.0
вт 0.003106 0.0 0.0
входят 0.003106 0.0 0.0
выделите 0.003106 0.0 0.0
выполненное 0.003106 4.60517 0.014302
выходит 0.003106 0.0 0.0
гайданский 0.003106 4.60517 0.014302
гайданского 0.003106 4.60517 0.014302
генерального 0.003106 4.60517 0.014302
главная 0.003106 4.60517 0.014302
главную 0.003106 0.0 0.0
год 0.003106 0.0 0.0
года 0.003106 0.0 0.0
данные 0.003106 0.0 0.0
данный 0.003106 0.0 0.0
данных 0.003106 0.0 0.0
даёт 0.003106 2.995732 0.009304
двигатели 0.003106 0.0 0.0
двигатель 0.003106 0.0 0.0
двигателями 0.003106 2.65926 0.008259
двух 0.003106 0.0 0.0
дизайн 0.003106 0.0 0.0
директор 0.003106 0.0 0.0
директора 0.003106 4.60517 0.014302
должны 0.003106 2.813411 0.008737
долларов 0.003106 0.0 0.0
дом 0.003106 0.0 0.0
доставили 0.003106 0.0 0.0
достигает 0.003106 0.0 0.0
завершат 0.003106 0.0 0.0
завершающей 0.003106 4.60517 0.014302
завершить 0.003106 3.912023 0.012149
завершиться 0.003106 4.60517 0.014302
заводским 0.003106 4.60517 0.014302
заместитель 0.003106 4.60517 0.014302
затем 0.003106 2.813411 0.008737
защиты 0.003106 0.0 0.0
земле 0.003106 0.0 0.0
земли 0.003106 0.0 0.0
зонд 0.003106 0.0 0.0
зонда 0.003106 0.0 0.0
игры 0.003106 0.0 0.0
имеет 0.003106 2.65926 0.008259
импортозамещённые 0.003106 4.60517 0.014302
импортозамещённый 0.003106 4.60517 0.014302
инновационный 0.003106 0.0 0.0
информации 0.003106 0.0 0.0
использования 0.003106 0.0 0.0
испытания 0.003106 2.302585 0.007151
испытаниях 0.003106 4.60517 0.014302
исследований 0.003106 0.0 0.0
источник 0.003106 0.0 0.0
календарь 0.003106 0.0 0.0
категории 0.003106 0.0 0.0
кг 0.003106 0.0 0.0
километров 0.003106 0.0 0.0
классическим 0.003106 0.0 0.0
клон 0.003106 0.0 0.0
комментирования 0.003106 0.0 0.0
композит 0.003106 4.60517 0.014302
композитных 0.003106 4.60517 0.014302
комфортный 0.003106 0.0 0.0
конференция 0.003106 0.0 0.0
корее 0.003106 0.0 0.0
корпуса 0.003106 0.0 0.0
коррозии 0.003106 4.60517 0.014302
космос 0.003106 0.0 0.0
космоса 0.003106 0.0 0.0
которые 0.003106 1.309333 0.004066
кроссовера 0.003106 0.0 0.0
кроссоверы 0.003106 0.0 0.0
крыла 0.003106 4.60517 0.014302
крыло 0.003106 3.218876 0.009997
кубических 0.003106 0.0 0.0
куки 0.003106 0.0 0.0
лайнер 0.003106 0.0 0.0
лета 0.003106 0.0 0.0
летать 0.003106 0.0 0.0
летом 0.003106 3.506558 0.01089
лету 0.003106 0.0 0.0
листа 0.003106 0.0 0.0
мае 0.003106 0.0 0.0
май 0.003106 0.0 0.0
марка 0.003106 0.0 0.0
материалов 0.003106 0.0 0.0
машину 0.003106 0.0 0.0
мая 0.003106 0.0 0.0
межпланетный 0.003106 0.0 0.0
меняет 0.003106 0.0 0.0
металла 0.003106 4.60517 0.014302
метрового 0.003106 0.0 0.0
миллионов 0.003106 0.0 0.0
минут 0.003106 2.65926 0.008259
миру 0.003106 0.0 0.0
мобильные 0.003106 0.0 0.0
могут 0.003106 0.0 0.0
момент 0.003106 0.0 0.0
мониторы 0.003106 0.0 0.0
мотобрендов 0.003106 0.0 0.0
мотоциклов 0.003106 0.0 0.0
мс 0.003106 0.0 0.0
мультимедиа 0.003106 0.0 0.0
нажмите 0.003106 0.0 0.0
назвал 0.003106 0.0 0.0
названием 0.003106 0.0 0.0
находился 0.003106 4.60517 0.014302
находится 0.003106 3.506558 0.01089
начать 0.003106 3.912023 0.012149
начнут 0.003106 2.995732 0.009304
нашей 0.003106 0.0 0.0
наши 0.003106 0.0 0.0
нашли 0.003106 0.0 0.0
небо 0.003106 2.813411 0.008737
новости 0.003106 0.0 0.0
новые 0.003106 0.0 0.0
новый 0.003106 0.0 0.0
новыми 0.003106 2.65926 0.008259
номером 0.003106 3.912023 0.012149
носители 0.003106 0.0 0.0
ноутбуки 0.003106 0.0 0.0
нужны 0.003106 0.0 0.0
нём 0.003106 4.60517 0.014302
обзоры 0.003106 0.0 0.0
обработки 0.003106 0.0 0.0
образцы 0.003106 0.0 0.0
объявлена 0.003106 0.0 0.0
одноклассник 0.003106 0.0 0.0
орбите 0.003106 0.0 0.0
ос 0.003106 0.0 0.0
оснащён 0.003106 2.813411 0.008737
особенность 0.003106 3.506558 0.01089
отдадут 0.003106 0.0 0.0
отечественного 0.003106 0.0 0.0
отечественный 0.003106 4.60517 0.014302
отказа 0.003106 0.0 0.0
отказались 0.003106 0.0 0.0
отключили 0.003106 0.0 0.0
отличие 0.003106 2.207275 0.006855
очень 0.003106 0.0 0.0
ошибку 0.003106 0.0 0.0
переднего 0.003106 0.0 0.0
период 0.003106 0.0 0.0
периферия 0.003106 0.0 0.0
персональные 0.003106 0.0 0.0
персональных 0.003106 0.0 0.0
пиар 0.003106 0.0 0.0
пк 0.003106 0.0 0.0
планируют 0.003106 2.813411 0.008737
планшеты 0.003106 0.0 0.0
платформа 0.003106 0.0 0.0
пн 0.003106 0.0 0.0
подвел 0.003106 0.0 0.0
подвержен 0.003106 4.60517 0.014302
поднял 0.003106 0.0 0.0
поднялся 0.003106 4.60517 0.014302
подробнее 0.003106 0.0 0.0
поиск 0.003106 0.0 0.0
пока 0.003106 0.0 0.0
полезные 0.003106 0.0 0.0
полетов 0.003106 4.60517 0.014302
полимерных 0.003106 4.60517 0.014302
политика 0.003106 0.0 0.0
политикой 0.003106 0.0 0.0
полноприводными 0.003106 0.0 0.0
полностью 0.003106 2.207275 0.006855
полётов 0.003106 0.0 0.0
полёты 0.003106 2.525729 0.007844
попробовать 0.003106 0.0 0.0
популярная 0.003106 0.0 0.0
популярных 0.003106 0.0 0.0
порядка 0.003106 4.60517 0.014302
посещать 0.003106 0.0 0.0
поступать 0.003106 4.60517 0.014302
правила 0.003106 0.0 0.0
прайс 0.003106 0.0 0.0
представлен 0.003106 0.0 0.0
преимущества 0.003106 3.912023 0.012149
прибавка 0.003106 0.0 0.0
привода 0.003106 0.0 0.0
примерно 0.003106 2.995732 0.009304
примут 0.003106 4.60517 0.014302
принтеры 0.003106 0.0 0.0
причины 0.003106 0.0 0.0
пробизнес 0.003106 0.0 0.0
проведения 0.003106 0.0 0.0
проведено 0.003106 4.60517 0.014302
программы 0.003106 0.0 0.0
продавать 0.003106 0.0 0.0
продажи 0.003106 0.0 0.0
продолжая 0.003106 0.0 0.0
проектов 0.003106 0.0 0.0
проекторы 0.003106 0.0 0.0
проекты 0.003106 0.0 0.0
производства 0.003106 2.65926 0.008259
пролить 0.003106 0.0 0.0
процессы 0.003106 0.0 0.0
пт 0.003106 0.0 0.0
работы 0.003106 0.0 0.0
разрушений 0.003106 3.912023 0.012149
рассказал 0.003106 3.506558 0.01089
реальных 0.003106 0.0 0.0
результаты 0.003106 0.0 0.0
реклама 0.003106 0.0 0.0
решает 0.003106 0.0 0.0
россии 0.003106 0.0 0.0
российскими 0.003106 4.60517 0.014302
российского 0.003106 4.60517 0.014302
россия 0.003106 0.0 0.0
россияне 0.003106 0.0 0.0
рублей 0.003106 0.0 0.0
рынок 0.003106 0.0 0.0
сайте 0.003106 0.0 0.0
сайты 0.003106 0.0 0.0
самая 0.003106 0.0 0.0
самолёт 0.003106 0.0 0.0
самолёта 0.003106 0.0 0.0
самолётах 0.003106 0.0 0.0
самых 0.003106 0.0 0.0
сантиметров 0.003106 0.0 0.0
сб 0.003106 0.0 0.0
сбора 0.003106 0.0 0.0
сборки 0.003106 2.813411 0.008737
свет 0.003106 0.0 0.0
своей 0.003106 0.0 0.0
связи 0.003106 0.0 0.0
связь 0.003106 0.0 0.0
сегодня 0.003106 0.0 0.0
серверы 0.003106 0.0 0.0
сервисы 0.003106 0.0 0.0
середине 0.003106 3.506558 0.01089
сертификационные 0.003106 3.912023 0.012149
сертификационных 0.003106 4.60517 0.014302
сертификацию 0.003106 0.0 0.0
сети 0.003106 0.0 0.0
системами 0.003106 2.813411 0.008737
скоро 0.003106 0.0 0.0
словам 0.003106 2.302585 0.007151
сложности 0.003106 0.0 0.0
снова 0.003106 0.0 0.0
совершенная 0.003106 4.60517 0.014302
советский 0.003106 0.0 0.0
соглашаетесь 0.003106 0.0 0.0
спасти 0.003106 0.0 0.0
ср 0.003106 0.0 0.0
среда 0.003106 0.0 0.0
ссылки 0.003106 0.0 0.0
стадии 0.003106 3.218876 0.009997
стал 0.003106 0.0 0.0
стартуют 0.003106 0.0 0.0
статистика 0.003106 0.0 0.0
статьи 0.003106 0.0 0.0
стоимость 0.003106 0.0 0.0
сша 0.003106 0.0 0.0
тайконавты 0.003106 0.0 0.0
тасс 0.003106 3.506558 0.01089
тв 0.003106 0.0 0.0
теги 0.003106 0.0 0.0
текст 0.003106 0.0 0.0
технический 0.003106 0.0 0.0
топ 0.003106 0.0 0.0
топливной 0.003106 4.60517 0.014302
тыс 0.003106 0.0 0.0
убрали 0.003106 0.0 0.0
упасть 0.003106 0.0 0.0
усталостных 0.003106 4.60517 0.014302
устройства 0.003106 0.0 0.0
участвовать 0.003106 4.60517 0.014302
участие 0.003106 3.506558 0.01089
ученым 0.003106 0.0 0.0
файлы 0.003106 0.0 0.0
флагманского 0.003106 0.0 0.0
форма 0.003106 0.0 0.0
фото 0.003106 0.0 0.0
фундаментальные 0.003106 0.0 0.0
хитом 0.003106 0.0 0.0
цены 0.003106 0.0 0.0
час 0.003106 0.0 0.0
части 0.003106 0.0 0.0
частично 0.003106 3.506558 0.01089
человека 0.003106 0.0 0.0
числе 0.003106 2.525729 0.007844
чт 0.003106 0.0 0.0
экспорт 0.003106 0.0 0.0
эмбрионы 0.003106 0.0 0.0
эффективности 0.003106 3.218876 0.009997
южной 0.003106 0.0 0.0
яковлев 0.003106 4.60517 0.014302
