авиалайнера 0.003185 0.0 0.0
австралии 0.003185 0.0 0.0
автоваз 0.003185 0.0 0.0
автоматом 0.003185 0.0 0.0
автопроизводителя 0.003185 0.0 0.0
автор 0.003185 0.0 0.0
авторы 0.003185 0.0 0.0
администрацией 0.003185 0.0 0.0
адрес 0.003185 0.0 0.0
америке 0.003185 0.0 0.0
амиотрофическим 0.003185 4.60517 0.014666
аналитики 0.003185 0.0 0.0
бас 0.003185 4.60517 0.014666
белка 0.003185 0.0 0.0
бестселлеры 0.003185 3.506558 0.011167
биологические 0.003185 0.0 0.0
биологических 0.003185 0.0 0.0
ближнем 0.003185 0.0 0.0
блоги 0.003185 0.0 0.0
боковым 0.003185 4.60517 0.014666
будут 0.003185 0.0 0.0
быстро 0.003185 0.0 0.0
веб 0.003185 4.60517 0.014666
весом 0.003185 0.0 0.0
видео 0.003185 0.0 0.0
видеокарты 0.003185 0.0 0.0
внедорожники 0.003185 0.0 0.0
войти 0.003185 0.0 0.0
вопросы 0.003185 2.525729 0.008044
восстановить 0.003185 3.506558 0.011167
восстановления 0.003185 4.60517 0.014666
востоке 0.003185 0.0 0.0
вс 0.003185 0.0 0.0
всему 0.003185 0.0 0.0
вт 0.003185 0.0 0.0
входят 0.003185 0.0 0.0
выделите 0.003185 0.0 0.0
выходит 0.003185 0.0 0.0
гарантией 0.003185 3.506558 0.011167
главную 0.003185 0.0 0.0
года 0.003185 0.0 0.0
данные 0.003185 0.0 0.0
данный 0.003185 0.0 0.0
данных 0.003185 0.0 0.0
двигатели 0.003185 0.0 0.0
двигатель 0.003185 0.0 0.0
двух 0.003185 0.0 0.0
дизайн 0.003185 0.0 0.0
директор 0.003185 0.0 0.0
долларов 0.003185 0.0 0.0
дом 0.003185 0.0 0.0
доставили 0.003185 0.0 0.0
достигает 0.003185 0.0 0.0
доступа 0.003185 3.912023 0.012459
другими 0.003185 3.506558 0.011167
заболеваниями 0.003185 4.60517 0.014666
завершат 0.003185 0.0 0.0
занимающаяся 0.003185 4.60517 0.014666
защиты 0.003185 0.0 0.0
заявила 0.003185 3.218876 0.010251
здравоохранения 0.003185 4.60517 0.014666
земле 0.003185 0.0 0.0
земли 0.003185 0.0 0.0
зонд 0.003185 0.0 0.0
зонда 0.003185 0.0 0.0
игры 0.003185 0.0 0.0
илона 0.003185 2.207275 0.00703
инновационный 0.003185 0.0 0.0
инновационных 0.003185 4.60517 0.014666
инсультом 0.003185 3.506558 0.011167
информации 0.003185 0.0 0.0
использования 0.003185 0.0 0.0
исследований 0.003185 0.0 0.0
источник 0.003185 0.0 0.0
календарь 0.003185 0.0 0.0
категории 0.003185 0.0 0.0
кг 0.003185 0.0 0.0
километров 0.003185 0.0 0.0
китае 0.003185 2.302585 0.007333
классическим 0.003185 0.0 0.0
клон 0.003185 0.0 0.0
комментирования 0.003185 0.0 0.0
коммуникации 0.003185 3.912023 0.012459
коммуникацию 0.003185 4.60517 0.014666
компания 0.003185 0.820981 0.002615
комфортный 0.003185 0.0 0.0
контролю 0.003185 4.60517 0.014666
конференция 0.003185 0.0 0.0
корее 0.003185 0.0 0.0
корпуса 0.003185 0.0 0.0
космос 0.003185 0.0 0.0
космоса 0.003185 0.0 0.0
которая 0.003185 1.560648 0.00497
которое 0.003185 2.525729 0.008044
кроссовера 0.003185 0.0 0.0
кроссоверы 0.003185 0.0 0.0
кубических 0.003185 0.0 0.0
куки 0.003185 0.0 0.0
лекарствами 0.003185 4.60517 0.014666
лет 0.003185 0.0 0.0
летать 0.003185 0.0 0.0
лету 0.003185 0.0 0.0
листа 0.003185 0.0 0.0
людей 0.003185 2.302585 0.007333
людям 0.003185 3.506558 0.011167
мае 0.003185 0.0 0.0
май 0.003185 0.0 0.0
марка 0.003185 0.0 0.0
маска 0.003185 2.207275 0.00703
материалов 0.003185 0.0 0.0
машину 0.003185 0.0 0.0
мая 0.003185 0.0 0.0
медицинским 0.003185 4.60517 0.014666
медицинских 0.003185 4.60517 0.014666
межпланетный 0.003185 0.0 0.0
меняет 0.003185 0.0 0.0
метрового 0.003185 0.0 0.0
миллионов 0.003185 0.0 0.0
миру 0.003185 0.0 0.0
мобильные 0.003185 0.0 0.0
могут 0.003185 0.0 0.0
мозга 0.003185 3.218876 0.010251
момент 0.003185 0.0 0.0
мониторы 0.003185 0.0 0.0
мотобрендов 0.003185 0.0 0.0
мотоциклов 0.003185 0.0 0.0
мс 0.003185 0.0 0.0
мультимедиа 0.003185 0.0 0.0
нажмите 0.003185 0.0 0.0
назвал 0.003185 0.0 0.0
названием 0.003185 0.0 0.0
направлена 0.003185 3.912023 0.012459
нарушениями 0.003185 4.60517 0.014666
нашей 0.003185 0.0 0.0
наши 0.003185 0.0 0.0
нашли 0.003185 0.0 0.0
неврологическими 0.003185 4.60517 0.014666
новости 0.003185 0.0 0.0
новые 0.003185 0.0 0.0
новый 0.003185 0.0 0.0
носители 0.003185 0.0 0.0
ноутбуки 0.003185 0.0 0.0
нужны 0.003185 0.0 0.0
обзора 0.003185 3.218876 0.010251
обзоры 0.003185 0.0 0.0
обработки 0.003185 0.0 0.0
образцы 0.003185 0.0 0.0
объявлена 0.003185 0.0 0.0
огневой 0.003185 3.218876 0.010251
одноклассник 0.003185 0.0 0.0
орбите 0.003185 0.0 0.0
ос 0.003185 0.0 0.0
оставил 0.003185 0.0 0.0
отдадут 0.003185 0.0 0.0
отечественного 0.003185 0.0 0.0
отказа 0.003185 0.0 0.0
отказались 0.003185 0.0 0.0
отключили 0.003185 0.0 0.0
официально 0.003185 1.966113 0.006262
оценки 0.003185 3.218876 0.010251
очень 0.003185 0.0 0.0
ошибку 0.003185 0.0 0.0
параличом 0.003185 3.218876 0.010251
пациентам 0.003185 4.60517 0.014666
переднего 0.003185 0.0 0.0
период 0.003185 0.0 0.0
периферия 0.003185 0.0 0.0
персональные 0.003185 0.0 0.0
персональных 0.003185 0.0 0.0
пиар 0.003185 0.0 0.0
пк 0.003185 0.0 0.0
планшеты 0.003185 0.0 0.0
платформа 0.003185 0.0 0.0
платформе 0.003185 2.65926 0.008469
пн 0.003185 0.0 0.0
повреждением 0.003185 2.995732 0.009541
подвел 0.003185 0.0 0.0
поднял 0.003185 0.0 0.0
подробнее 0.003185 0.0 0.0
подробности 0.003185 2.65926 0.008469
поиск 0.003185 0.0 0.0
пока 0.003185 0.0 0.0
полезные 0.003185 0.0 0.0
политика 0.003185 0.0 0.0
политикой 0.003185 0.0 0.0
полноприводными 0.003185 0.0 0.0
получил 0.003185 1.514128 0.004822
получили 0.003185 3.218876 0.010251
получило 0.003185 4.60517 0.014666
полётов 0.003185 0.0 0.0
помогающего 0.003185 4.60517 0.014666
поможет 0.003185 2.995732 0.009541
попробовать 0.003185 0.0 0.0
популярная 0.003185 0.0 0.0
популярных 0.003185 0.0 0.0
посещать 0.003185 0.0 0.0
поставщикам 0.003185 4.60517 0.014666
появились 0.003185 2.813411 0.00896
правила 0.003185 0.0 0.0
прайс 0.003185 0.0 0.0
предназначенное 0.003185 4.60517 0.014666
предоставление 0.003185 4.60517 0.014666
представлен 0.003185 0.0 0.0
прибавка 0.003185 0.0 0.0
привода 0.003185 0.0 0.0
принтеры 0.003185 0.0 0.0
причины 0.003185 0.0 0.0
пробизнес 0.003185 0.0 0.0
проведения 0.003185 0.0 0.0
программа 0.003185 3.506558 0.011167
программы 0.003185 0.0 0.0
продавать 0.003185 0.0 0.0
продажи 0.003185 0.0 0.0
продолжая 0.003185 0.0 0.0
продуктами 0.003185 4.60517 0.014666
проектов 0.003185 0.0 0.0
проекторы 0.003185 0.0 0.0
проекты 0.003185 0.0 0.0
прожиге 0.003185 3.506558 0.011167
пролить 0.003185 0.0 0.0
процессы 0.003185 0.0 0.0
пт 0.003185 0.0 0.0
работы 0.003185 0.0 0.0
разработки 0.003185 2.65926 0.008469
распродает 0.003185 3.506558 0.011167
рассеянным 0.003185 4.60517 0.014666
реальных 0.003185 0.0 0.0
революционного 0.003185 3.506558 0.011167
регулятора 0.003185 4.60517 0.014666
результаты 0.003185 0.0 0.0
реклама 0.003185 0.0 0.0
речи 0.003185 2.995732 0.009541
решает 0.003185 0.0 0.0
россии 0.003185 0.0 0.0
россияне 0.003185 0.0 0.0
рублей 0.003185 0.0 0.0
рынок 0.003185 0.0 0.0
сайте 0.003185 0.0 0.0
сайты 0.003185 0.0 0.0
самая 0.003185 0.0 0.0
самолётах 0.003185 0.0 0.0
самых 0.003185 0.0 0.0
сантиметров 0.003185 0.0 0.0
сб 0.003185 0.0 0.0
сбора 0.003185 0.0 0.0
свет 0.003185 0.0 0.0
своевременного 0.003185 4.60517 0.014666
своей 0.003185 0.0 0.0
связи 0.003185 0.0 0.0
связь 0.003185 0.0 0.0
сегодня 0.003185 0.0 0.0
серверы 0.003185 0.0 0.0
сервисы 0.003185 0.0 0.0
сертификацию 0.003185 0.0 0.0
серьезными 0.003185 4.60517 0.014666
сети 0.003185 0.0 0.0
скидками 0.003185 2.813411 0.00896
склерозом 0.003185 4.60517 0.014666
скоро 0.003185 0.0 0.0
сложности 0.003185 0.0 0.0
снова 0.003185 0.0 0.0
советский 0.003185 0.0 0.0
соглашаетесь 0.003185 0.0 0.0
созданием 0.003185 3.912023 0.012459
сообщила 0.003185 3.506558 0.011167
спасти 0.003185 0.0 0.0
спинного 0.003185 3.218876 0.010251
ср 0.003185 0.0 0.0
среда 0.003185 0.0 0.0
ссылки 0.003185 0.0 0.0
стал 0.003185 0.0 0.0
стартуют 0.003185 0.0 0.0
статистика 0.003185 0.0 0.0
статус 0.003185 2.995732 0.009541
статьи 0.003185 0.0 0.0
стоимость 0.003185 0.0 0.0
страдающим 0.003185 4.60517 0.014666
счет 0.003185 3.912023 0.012459
сша 0.003185 0.0 0.0
тайконавты 0.003185 0.0 0.0
тв 0.003185 0.0 0.0
теги 0.003185 0.0 0.0
текст 0.003185 0.0 0.0
тест 0.003185 1.171183 0.00373
технический 0.003185 0.0 0.0
топ 0.003185 0.0 0.0
троим 0.003185 4.60517 0.014666
тыс 0.003185 0.0 0.0
убрали 0.003185 0.0 0.0
упасть 0.003185 0.0 0.0
управления 0.003185 2.040221 0.006498
ускорения 0.003185 4.60517 0.014666
услуг 0.003185 3.912023 0.012459
установили 0.003185 2.65926 0.008469
устройств 0.003185 0.0 0.0
устройства 0.003185 0.0 0.0
устройствам 0.003185 3.912023 0.012459
устройство 0.003185 2.65926 0.008469
ученым 0.003185 0.0 0.0
файлы 0.003185 0.0 0.0
флагманского 0.003185 0.0 0.0
фото 0.003185 0.0 0.0
фундаментальные 0.003185 0.0 0.0
хитом 0.003185 0.0 0.0
цены 0.003185 0.0 0.0
церебральным 0.003185 3.506558 0.011167
части 0.003185 0.0 0.0
человека 0.003185 0.0 0.0
чип 0.003185 1.966113 0.006262
чипов 0.003185 2.525729 0.008044
чт 0.003185 0.0 0.0
экспорт 0.003185 0.0 0.0
эмбрионы 0.003185 0.0 0.0
южной 0.003185 0.0 0.0
