авиалайнера 0.00241 0.0 0.0
австралии 0.00241 0.0 0.0
автоваз 0.00241 0.0 0.0
автоматом 0.00241 0.0 0.0
автопроизводителя 0.00241 0.0 0.0
автор 0.00241 0.0 0.0
авторы 0.00241 0.0 0.0
администрацией 0.00241 0.0 0.0
адрес 0.00241 0.0 0.0
альтернативные 0.00241 3.218876 0.007756
американский 0.00241 2.813411 0.006779
америке 0.00241 0.0 0.0
анализа 0.00241 2.65926 0.006408
аналитики 0.00241 0.0 0.0
аномалии 0.00241 4.60517 0.011097
аспирантка 0.00241 4.60517 0.011097
астероида 0.00241 3.912023 0.009427
астероидов 0.00241 3.506558 0.00845
астероиды 0.00241 4.60517 0.011097
астроиды 0.00241 4.60517 0.011097
белка 0.00241 0.0 0.0
биологические 0.00241 0.0 0.0
биологических 0.00241 0.0 0.0
ближнем 0.00241 0.0 0.0
блоги 0.00241 0.0 0.0
будут 0.00241 0.0 0.0
быстро 0.00241 0.0 0.0
весом 0.00241 0.0 0.0
веста 0.00241 4.60517 0.011097
вестой 0.00241 4.60517 0.011097
весты 0.00241 4.60517 0.011097
видео 0.00241 0.0 0.0
видеокарты 0.00241 0.0 0.0
влияли 0.00241 4.60517 0.011097
внедорожники 0.00241 0.0 0.0
внутреннего 0.00241 3.912023 0.009427
войти 0.00241 0.0 0.0
вопрос 0.00241 1.660731 0.004002
востоке 0.00241 0.0 0.0
вращение 0.00241 2.65926 0.006408
вс 0.00241 0.0 0.0
всему 0.00241 0.0 0.0
вт 0.00241 0.0 0.0
вторая 0.00241 3.912023 0.009427
второй 0.00241 3.218876 0.007756
входят 0.00241 0.0 0.0
выделите 0.00241 0.0 0.0
выходит 0.00241 0.0 0.0
гипотеза 0.00241 4.60517 0.011097
гипотезы 0.00241 4.60517 0.011097
главную 0.00241 0.0 0.0
гласит 0.00241 4.60517 0.011097
года 0.00241 0.0 0.0
годах 0.00241 2.995732 0.007219
годы 0.00241 2.407946 0.005802
гонке 0.00241 2.65926 0.006408
государственного 0.00241 4.60517 0.011097
гравитационное 0.00241 4.60517 0.011097
гравитационные 0.00241 3.506558 0.00845
данные 0.00241 0.0 0.0
данный 0.00241 0.0 0.0
данных 0.00241 0.0 0.0
две 0.00241 0.0 0.0
двигатели 0.00241 0.0 0.0
двигатель 0.00241 0.0 0.0
двух 0.00241 0.0 0.0
демонстрируют 0.00241 4.60517 0.011097
детальную 0.00241 3.912023 0.009427
джекобсон 0.00241 4.60517 0.011097
дизайн 0.00241 0.0 0.0
директор 0.00241 0.0 0.0
дифференциации 0.00241 4.60517 0.011097
дифференциация 0.00241 4.60517 0.011097
долларов 0.00241 0.0 0.0
дом 0.00241 0.0 0.0
доставили 0.00241 0.0 0.0
достигает 0.00241 0.0 0.0
древнего 0.00241 4.60517 0.011097
древней 0.00241 4.60517 0.011097
её 0.00241 1.203973 0.002901
завершат 0.00241 0.0 0.0
завершил 0.00241 2.525729 0.006086
завершилась 0.00241 3.912023 0.009427
загадку 0.00241 4.60517 0.011097
записями 0.00241 4.60517 0.011097
зародышей 0.00241 4.60517 0.011097
заставляет 0.00241 2.813411 0.006779
защиты 0.00241 0.0 0.0
земле 0.00241 0.0 0.0
земли 0.00241 0.0 0.0
зонд 0.00241 0.0 0.0
зонда 0.00241 0.0 0.0
игры 0.00241 0.0 0.0
идентифицировали 0.00241 3.912023 0.009427
измерений 0.00241 3.912023 0.009427
измерил 0.00241 3.218876 0.007756
изображение 0.00241 1.514128 0.003649
изучают 0.00241 3.912023 0.009427
изучению 0.00241 4.60517 0.011097
инновационный 0.00241 0.0 0.0
информации 0.00241 0.0 0.0
иными 0.00241 4.60517 0.011097
искать 0.00241 3.912023 0.009427
использования 0.00241 0.0 0.0
исследований 0.00241 0.0 0.0
исследования 0.00241 2.120264 0.005109
исследовательский 0.00241 3.506558 0.00845
историю 0.00241 3.218876 0.007756
источник 0.00241 0.0 0.0
календарь 0.00241 0.0 0.0
категории 0.00241 0.0 0.0
кг 0.00241 0.0 0.0
километров 0.00241 0.0 0.0
китайские 0.00241 2.525729 0.006086
китайский 0.00241 2.813411 0.006779
классическим 0.00241 0.0 0.0
клон 0.00241 0.0 0.0
кнр 0.00241 3.218876 0.007756
команда 0.00241 2.120264 0.005109
комментирования 0.00241 0.0 0.0
комплекс 0.00241 2.65926 0.006408
комфортный 0.00241 0.0 0.0
конференция 0.00241 0.0 0.0
корее 0.00241 0.0 0.0
корпуса 0.00241 0.0 0.0
кору 0.00241 4.60517 0.011097
космический 0.00241 2.302585 0.005548
космического 0.00241 2.302585 0.005548
космос 0.00241 0.0 0.0
космоса 0.00241 0.0 0.0
которое 0.00241 2.525729 0.006086
которой 0.00241 2.65926 0.006408
кроссовера 0.00241 0.0 0.0
кроссоверы 0.00241 0.0 0.0
крупного 0.00241 3.912023 0.009427
кубических 0.00241 0.0 0.0
куки 0.00241 0.0 0.0
летать 0.00241 0.0 0.0
лету 0.00241 0.0 0.0
листа 0.00241 0.0 0.0
мае 0.00241 0.0 0.0
май 0.00241 0.0 0.0
мантию 0.00241 4.60517 0.011097
марка 0.00241 0.0 0.0
массы 0.00241 4.60517 0.011097
материалов 0.00241 0.0 0.0
машину 0.00241 0.0 0.0
мая 0.00241 0.0 0.0
мегагруппировки 0.00241 3.506558 0.00845
межпланетный 0.00241 0.0 0.0
меняет 0.00241 0.0 0.0
металлическое 0.00241 4.60517 0.011097
метеоритными 0.00241 4.60517 0.011097
метрового 0.00241 0.0 0.0
миллионов 0.00241 0.0 0.0
миру 0.00241 0.0 0.0
миссии 0.00241 1.514128 0.003649
миссию 0.00241 2.813411 0.006779
миссия 0.00241 2.120264 0.005109
мичиганского 0.00241 4.60517 0.011097
мкс 0.00241 2.813411 0.006779
мобильные 0.00241 0.0 0.0
могли 0.00241 2.813411 0.006779
могут 0.00241 0.0 0.0
модели 0.00241 1.139434 0.002746
моделирование 0.00241 3.218876 0.007756
момент 0.00241 0.0 0.0
мониторы 0.00241 0.0 0.0
мотобрендов 0.00241 0.0 0.0
мотоциклов 0.00241 0.0 0.0
мс 0.00241 0.0 0.0
мультимедиа 0.00241 0.0 0.0
мусор 0.00241 2.813411 0.006779
мусором 0.00241 3.912023 0.009427
нагрева 0.00241 3.912023 0.009427
нажмите 0.00241 0.0 0.0
назвал 0.00241 0.0 0.0
названием 0.00241 0.0 0.0
начала 0.00241 2.302585 0.005548
нашей 0.00241 0.0 0.0
наши 0.00241 0.0 0.0
нашли 0.00241 0.0 0.0
небесного 0.00241 4.60517 0.011097
небесных 0.00241 4.60517 0.011097
незавершённой 0.00241 4.60517 0.011097
неудавшаяся 0.00241 4.60517 0.011097
новости 0.00241 0.0 0.0
новые 0.00241 0.0 0.0
новый 0.00241 0.0 0.0
новым 0.00241 1.714798 0.004132
носители 0.00241 0.0 0.0
ноутбуки 0.00241 0.0 0.0
нужны 0.00241 0.0 0.0
обзоры 0.00241 0.0 0.0
обломок 0.00241 4.60517 0.011097
обнаружила 0.00241 3.912023 0.009427
обработки 0.00241 0.0 0.0
образный 0.00241 3.506558 0.00845
образцы 0.00241 0.0 0.0
объекта 0.00241 3.506558 0.00845
объектов 0.00241 2.813411 0.006779
объявлена 0.00241 0.0 0.0
объяснения 0.00241 4.60517 0.011097
одноклассник 0.00241 0.0 0.0
оказалось 0.00241 2.995732 0.007219
оказаться 0.00241 3.218876 0.007756
опережающий 0.00241 3.506558 0.00845
орбите 0.00241 0.0 0.0
ос 0.00241 0.0 0.0
осколок 0.00241 2.813411 0.006779
осложнено 0.00241 4.60517 0.011097
остановки 0.00241 4.60517 0.011097
отдадут 0.00241 0.0 0.0
отечественного 0.00241 0.0 0.0
отказа 0.00241 0.0 0.0
отказались 0.00241 0.0 0.0
отключили 0.00241 0.0 0.0
открывают 0.00241 3.912023 0.009427
открытие 0.00241 2.525729 0.006086
отметил 0.00241 1.469676 0.003541
отсутствует 0.00241 4.60517 0.011097
очень 0.00241 0.0 0.0
ошибку 0.00241 0.0 0.0
парк 0.00241 3.218876 0.007756
парка 0.00241 4.60517 0.011097
первая 0.00241 2.813411 0.006779
переднего 0.00241 0.0 0.0
перекалибровку 0.00241 4.60517 0.011097
переосмыслить 0.00241 4.60517 0.011097
пересмотрели 0.00241 3.912023 0.009427
период 0.00241 0.0 0.0
периферия 0.00241 0.0 0.0
персональные 0.00241 0.0 0.0
персональных 0.00241 0.0 0.0
пиар 0.00241 0.0 0.0
пк 0.00241 0.0 0.0
планет 0.00241 0.0 0.0
планета 0.00241 2.995732 0.007219
планеты 0.00241 2.302585 0.005548
планшеты 0.00241 0.0 0.0
платформа 0.00241 0.0 0.0
плотное 0.00241 4.60517 0.011097
пн 0.00241 0.0 0.0
поверхности 0.00241 3.218876 0.007756
подвел 0.00241 0.0 0.0
поднял 0.00241 0.0 0.0
подробнее 0.00241 0.0 0.0
подтвердится 0.00241 4.60517 0.011097
подтверждение 0.00241 4.60517 0.011097
подход 0.00241 1.89712 0.004571
подчеркнул 0.00241 2.040221 0.004916
поиск 0.00241 0.0 0.0
пока 0.00241 0.0 0.0
показали 0.00241 2.813411 0.006779
поле 0.00241 0.0 0.0
полезные 0.00241 0.0 0.0
политика 0.00241 0.0 0.0
политикой 0.00241 0.0 0.0
полноприводными 0.00241 0.0 0.0
полётов 0.00241 0.0 0.0
попробовать 0.00241 0.0 0.0
популярная 0.00241 0.0 0.0
популярных 0.00241 0.0 0.0
пор 0.00241 0.0 0.0
посещать 0.00241 0.0 0.0
поясе 0.00241 4.60517 0.011097
правила 0.00241 0.0 0.0
прайс 0.00241 0.0 0.0
предполагает 0.00241 3.218876 0.007756
представлен 0.00241 0.0 0.0
прежние 0.00241 4.60517 0.011097
прецессия 0.00241 4.60517 0.011097
прибавка 0.00241 0.0 0.0
привода 0.00241 0.0 0.0
признаков 0.00241 4.60517 0.011097
принтеры 0.00241 0.0 0.0
природу 0.00241 3.218876 0.007756
причины 0.00241 0.0 0.0
пробизнес 0.00241 0.0 0.0
проведения 0.00241 0.0 0.0
проверит 0.00241 3.912023 0.009427
провёл 0.00241 4.60517 0.011097
программы 0.00241 0.0 0.0
продавать 0.00241 0.0 0.0
продажи 0.00241 0.0 0.0
продолжая 0.00241 0.0 0.0
проектов 0.00241 0.0 0.0
проекторы 0.00241 0.0 0.0
проекты 0.00241 0.0 0.0
пролить 0.00241 0.0 0.0
прорыв 0.00241 1.714798 0.004132
протопланетой 0.00241 4.60517 0.011097
протопланеты 0.00241 3.912023 0.009427
профессор 0.00241 3.218876 0.007756
процесс 0.00241 0.0 0.0
процессы 0.00241 0.0 0.0
пт 0.00241 0.0 0.0
работы 0.00241 0.0 0.0
радикальная 0.00241 4.60517 0.011097
разделения 0.00241 3.506558 0.00845
разрушенного 0.00241 4.60517 0.011097
райана 0.00241 4.60517 0.011097
ранней 0.00241 2.995732 0.007219
раскрыли 0.00241 4.60517 0.011097
распределение 0.00241 3.506558 0.00845
рассматриваются 0.00241 4.60517 0.011097
реальных 0.00241 0.0 0.0
результаты 0.00241 0.0 0.0
реклама 0.00241 0.0 0.0
решает 0.00241 0.0 0.0
россии 0.00241 0.0 0.0
россияне 0.00241 0.0 0.0
рублей 0.00241 0.0 0.0
руководством 0.00241 2.813411 0.006779
рынок 0.00241 0.0 0.0
сайте 0.00241 0.0 0.0
сайты 0.00241 0.0 0.0
самая 0.00241 0.0 0.0
самолётах 0.00241 0.0 0.0
самых 0.00241 0.0 0.0
сантиметров 0.00241 0.0 0.0
сб 0.00241 0.0 0.0
сбора 0.00241 0.0 0.0
свет 0.00241 0.0 0.0
своей 0.00241 0.0 0.0
связанные 0.00241 4.60517 0.011097
связи 0.00241 0.0 0.0
связь 0.00241 0.0 0.0
сегодня 0.00241 0.0 0.0
серверы 0.00241 0.0 0.0
сервисы 0.00241 0.0 0.0
сертификацию 0.00241 0.0 0.0
сет 0.00241 0.0 0.0
сети 0.00241 0.0 0.0
системе 0.00241 2.995732 0.007219
системы 0.00241 1.469676 0.003541
сих 0.00241 2.407946 0.005802
скоро 0.00241 0.0 0.0
следующим 0.00241 3.506558 0.00845
сложности 0.00241 0.0 0.0
смену 0.00241 2.995732 0.007219
снова 0.00241 0.0 0.0
советский 0.00241 0.0 0.0
соглашаетесь 0.00241 0.0 0.0
создавая 0.00241 3.912023 0.009427
солнечной 0.00241 3.218876 0.007756
сомнение 0.00241 4.60517 0.011097
соответствует 0.00241 4.60517 0.011097
сорвать 0.00241 4.60517 0.011097
сохранившимися 0.00241 4.60517 0.011097
спасти 0.00241 0.0 0.0
ср 0.00241 0.0 0.0
среда 0.00241 0.0 0.0
ссылки 0.00241 0.0 0.0
ставит 0.00241 2.040221 0.004916
ставят 0.00241 2.813411 0.006779
стал 0.00241 0.0 0.0
станет 0.00241 1.714798 0.004132
станциям 0.00241 3.506558 0.00845
стартуют 0.00241 0.0 0.0
статистика 0.00241 0.0 0.0
статьи 0.00241 0.0 0.0
стоимость 0.00241 0.0 0.0
столкновения 0.00241 3.218876 0.007756
строит 0.00241 2.813411 0.006779
строительным 0.00241 4.60517 0.011097
ступени 0.00241 2.813411 0.006779
считавшегося 0.00241 4.60517 0.011097
считалось 0.00241 4.60517 0.011097
сша 0.00241 0.0 0.0
съёмку 0.00241 4.60517 0.011097
тайконавты 0.00241 0.0 0.0
тайны 0.00241 3.912023 0.009427
тв 0.00241 0.0 0.0
теги 0.00241 0.0 0.0
текст 0.00241 0.0 0.0
тел 0.00241 0.0 0.0
тела 0.00241 3.506558 0.00845
теории 0.00241 3.912023 0.009427
термоядерной 0.00241 3.218876 0.007756
термоядерный 0.00241 3.218876 0.007756
технический 0.00241 0.0 0.0
топ 0.00241 0.0 0.0
тыс 0.00241 0.0 0.0
убрали 0.00241 0.0 0.0
угрожает 0.00241 3.506558 0.00845
университета 0.00241 2.120264 0.005109
упасть 0.00241 0.0 0.0
устройства 0.00241 0.0 0.0
ученым 0.00241 0.0 0.0
учёные 0.00241 1.966113 0.004738
файлы 0.00241 0.0 0.0
флагманского 0.00241 0.0 0.0
формирование 0.00241 4.60517 0.011097
формирования 0.00241 4.60517 0.011097
формирующихся 0.00241 4.60517 0.011097
фото 0.00241 0.0 0.0
фрагмент 0.00241 3.218876 0.007756
фрагменты 0.00241 4.60517 0.011097
фундаментальные 0.00241 0.0 0.0
хитом 0.00241 0.0 0.0
цены 0.00241 0.0 0.0
части 0.00241 0.0 0.0
частями 0.00241 4.60517 0.011097
человека 0.00241 0.0 0.0
чт 0.00241 0.0 0.0
шагом 0.00241 3.218876 0.007756
экспорт 0.00241 0.0 0.0
элизондо 0.00241 4.60517 0.011097
эмбрионы 0.00241 0.0 0.0
эмили 0.00241 3.912023 0.009427
эпоху 0.00241 4.60517 0.011097
южной 0.00241 0.0 0.0
ядро 0.00241 3.218876 0.007756
ядром 0.00241 3.506558 0.00845
