авиалайнера 0.002217 0.0 0.0
австралии 0.002217 0.0 0.0
автоваз 0.002217 0.0 0.0
автоматом 0.002217 0.0 0.0
автономную 0.002217 4.60517 0.010211
автопроизводителя 0.002217 0.0 0.0
автор 0.002217 0.0 0.0
авторы 0.002217 0.0 0.0
администрацией 0.002217 0.0 0.0
адрес 0.002217 0.0 0.0
академии 0.002217 4.60517 0.010211
альтернативные 0.002217 3.218876 0.007137
америке 0.002217 0.0 0.0
аналитики 0.002217 0.0 0.0
апреля 0.002217 1.966113 0.004359
асимметричной 0.002217 3.506558 0.007775
астронавтов 0.002217 2.995732 0.006642
белка 0.002217 0.0 0.0
биологические 0.002217 0.0 0.0
биологических 0.002217 0.0 0.0
ближнем 0.002217 0.0 0.0
блоги 0.002217 0.0 0.0
богатую 0.002217 3.506558 0.007775
будут 0.002217 0.0 0.0
будущих 0.002217 2.65926 0.005896
быстро 0.002217 0.0 0.0
вернулся 0.002217 4.60517 0.010211
весом 0.002217 0.0 0.0
видео 0.002217 0.0 0.0
видеокарты 0.002217 0.0 0.0
вместе 0.002217 2.65926 0.005896
внедорожники 0.002217 0.0 0.0
водяного 0.002217 4.60517 0.010211
возможен 0.002217 4.60517 0.010211
войти 0.002217 0.0 0.0
волос 0.002217 3.218876 0.007137
востоке 0.002217 0.0 0.0
впервые 0.002217 2.120264 0.004701
временем 0.002217 3.506558 0.007775
времени 0.002217 1.89712 0.004206
время 0.002217 1.427116 0.003164
вс 0.002217 0.0 0.0
всему 0.002217 0.0 0.0
вт 0.002217 0.0 0.0
входят 0.002217 0.0 0.0
выделите 0.002217 0.0 0.0
высадку 0.002217 4.60517 0.010211
высокой 0.002217 2.813411 0.006238
высокоскоростного 0.002217 3.506558 0.007775
высокоточную 0.002217 4.60517 0.010211
высокоточный 0.002217 4.60517 0.010211
выходит 0.002217 0.0 0.0
галактику 0.002217 3.506558 0.007775
главную 0.002217 0.0 0.0
глубокого 0.002217 3.912023 0.008674
год 0.002217 0.0 0.0
года 0.002217 0.0 0.0
году 0.002217 1.272966 0.002823
дальнометрию 0.002217 4.60517 0.010211
дальнометрия 0.002217 4.60517 0.010211
дальность 0.002217 3.912023 0.008674
данные 0.002217 0.0 0.0
данный 0.002217 0.0 0.0
данных 0.002217 0.0 0.0
двигатели 0.002217 0.0 0.0
двигатель 0.002217 0.0 0.0
движением 0.002217 3.912023 0.008674
двух 0.002217 0.0 0.0
двухдневного 0.002217 4.60517 0.010211
действует 0.002217 2.813411 0.006238
десятилетия 0.002217 2.65926 0.005896
дизайн 0.002217 0.0 0.0
директор 0.002217 0.0 0.0
дневного 0.002217 3.912023 0.008674
дневное 0.002217 3.506558 0.007775
дневные 0.002217 4.60517 0.010211
днем 0.002217 3.506558 0.007775
долларов 0.002217 0.0 0.0
дом 0.002217 0.0 0.0
доставили 0.002217 0.0 0.0
достигает 0.002217 0.0 0.0
завершат 0.002217 0.0 0.0
задачи 0.002217 2.407946 0.005339
залечивая 0.002217 3.506558 0.007775
запасами 0.002217 3.912023 0.008674
запечатлел 0.002217 3.506558 0.007775
запланированной 0.002217 3.912023 0.008674
запущен 0.002217 2.407946 0.005339
запущенного 0.002217 4.60517 0.010211
зафиксировали 0.002217 4.60517 0.010211
защиты 0.002217 0.0 0.0
земле 0.002217 0.0 0.0
земли 0.002217 0.0 0.0
земля 0.002217 4.60517 0.010211
значительно 0.002217 3.218876 0.007137
зонд 0.002217 0.0 0.0
зонда 0.002217 0.0 0.0
игры 0.002217 0.0 0.0
измерений 0.002217 3.912023 0.008674
измерения 0.002217 3.912023 0.008674
измерил 0.002217 3.218876 0.007137
измерить 0.002217 4.60517 0.010211
изображение 0.002217 1.514128 0.003357
импульсов 0.002217 3.218876 0.007137
импульсы 0.002217 3.912023 0.008674
инновационный 0.002217 0.0 0.0
интегрировать 0.002217 2.813411 0.006238
информации 0.002217 0.0 0.0
использованием 0.002217 2.813411 0.006238
использования 0.002217 0.0 0.0
испытания 0.002217 2.302585 0.005106
исследований 0.002217 0.0 0.0
исследовательской 0.002217 3.506558 0.007775
исследовать 0.002217 3.218876 0.007137
источник 0.002217 0.0 0.0
источники 0.002217 3.218876 0.007137
календарь 0.002217 0.0 0.0
категории 0.002217 0.0 0.0
кг 0.002217 0.0 0.0
километров 0.002217 0.0 0.0
китай 0.002217 1.171183 0.002597
китайская 0.002217 3.506558 0.007775
китайской 0.002217 3.506558 0.007775
классическим 0.002217 0.0 0.0
клон 0.002217 0.0 0.0
км 0.002217 1.309333 0.002903
комментирования 0.002217 0.0 0.0
комфортный 0.002217 0.0 0.0
конференция 0.002217 0.0 0.0
концу 0.002217 3.218876 0.007137
координации 0.002217 3.912023 0.008674
координацию 0.002217 4.60517 0.010211
корее 0.002217 0.0 0.0
корпуса 0.002217 0.0 0.0
космическим 0.002217 2.995732 0.006642
космического 0.002217 2.302585 0.005106
космос 0.002217 0.0 0.0
космоса 0.002217 0.0 0.0
которая 0.002217 1.560648 0.00346
котором 0.002217 3.218876 0.007137
который 0.002217 1.386294 0.003074
кратеры 0.002217 4.60517 0.010211
кроссовера 0.002217 0.0 0.0
кроссоверы 0.002217 0.0 0.0
кубических 0.002217 0.0 0.0
куки 0.002217 0.0 0.0
лаборатории 0.002217 2.995732 0.006642
лаборатория 0.002217 3.912023 0.008674
лазера 0.002217 3.506558 0.007775
лазерная 0.002217 4.60517 0.010211
лазерного 0.002217 3.912023 0.008674
лазерную 0.002217 4.60517 0.010211
лазерный 0.002217 3.912023 0.008674
лазерных 0.002217 4.60517 0.010211
летать 0.002217 0.0 0.0
лету 0.002217 0.0 0.0
листа 0.002217 0.0 0.0
луна 0.002217 3.912023 0.008674
луне 0.002217 2.813411 0.006238
лунной 0.002217 2.995732 0.006642
лунных 0.002217 4.60517 0.010211
луну 0.002217 3.218876 0.007137
луны 0.002217 3.218876 0.007137
луч 0.002217 0.579818 0.001286
льда 0.002217 3.506558 0.007775
любое 0.002217 4.60517 0.010211
мае 0.002217 0.0 0.0
май 0.002217 0.0 0.0
марка 0.002217 0.0 0.0
марте 0.002217 2.813411 0.006238
материалов 0.002217 0.0 0.0
машину 0.002217 0.0 0.0
мая 0.002217 0.0 0.0
мгновенно 0.002217 3.218876 0.007137
международной 0.002217 4.60517 0.010211
межпланетный 0.002217 0.0 0.0
меняет 0.002217 0.0 0.0
метод 0.002217 1.714798 0.003802
метрового 0.002217 0.0 0.0
миллионов 0.002217 0.0 0.0
мире 0.002217 1.771957 0.003929
миру 0.002217 0.0 0.0
миссии 0.002217 1.514128 0.003357
мобильные 0.002217 0.0 0.0
могут 0.002217 0.0 0.0
модулей 0.002217 4.60517 0.010211
момент 0.002217 0.0 0.0
мониторы 0.002217 0.0 0.0
мотобрендов 0.002217 0.0 0.0
мотоциклов 0.002217 0.0 0.0
мс 0.002217 0.0 0.0
мультимедиа 0.002217 0.0 0.0
мусора 0.002217 3.218876 0.007137
навигации 0.002217 3.218876 0.007137
навигацию 0.002217 3.506558 0.007775
нажмите 0.002217 0.0 0.0
назвал 0.002217 0.0 0.0
названием 0.002217 0.0 0.0
наземные 0.002217 3.912023 0.008674
наносекундные 0.002217 4.60517 0.010211
наук 0.002217 1.89712 0.004206
наука 0.002217 1.966113 0.004359
находившегося 0.002217 4.60517 0.010211
находящегося 0.002217 4.60517 0.010211
начало 0.002217 2.813411 0.006238
нашей 0.002217 0.0 0.0
наши 0.002217 0.0 0.0
нашли 0.002217 0.0 0.0
необычную 0.002217 3.506558 0.007775
непрерывную 0.002217 3.912023 0.008674
низкой 0.002217 2.995732 0.006642
новости 0.002217 0.0 0.0
новые 0.002217 0.0 0.0
новый 0.002217 0.0 0.0
носители 0.002217 0.0 0.0
ноутбуки 0.002217 0.0 0.0
ночным 0.002217 3.912023 0.008674
нужны 0.002217 0.0 0.0
обеспечив 0.002217 1.966113 0.004359
обеспечит 0.002217 2.813411 0.006238
обзоры 0.002217 0.0 0.0
оборудования 0.002217 3.218876 0.007137
обработки 0.002217 0.0 0.0
образцы 0.002217 0.0 0.0
обсерваторий 0.002217 4.60517 0.010211
объем 0.002217 2.65926 0.005896
объявлена 0.002217 0.0 0.0
ограничивая 0.002217 4.60517 0.010211
одноклассник 0.002217 0.0 0.0
околоземной 0.002217 3.506558 0.007775
окололунной 0.002217 4.60517 0.010211
окололунном 0.002217 4.60517 0.010211
операции 0.002217 3.912023 0.008674
определения 0.002217 3.912023 0.008674
орбит 0.002217 0.0 0.0
орбите 0.002217 0.0 0.0
ос 0.002217 0.0 0.0
основа 0.002217 2.120264 0.004701
отдадут 0.002217 0.0 0.0
отечественного 0.002217 0.0 0.0
отказа 0.002217 0.0 0.0
отказались 0.002217 0.0 0.0
отключили 0.002217 0.0 0.0
отметили 0.002217 2.995732 0.006642
отправленный 0.002217 4.60517 0.010211
отражающиеся 0.002217 4.60517 0.010211
отраженный 0.002217 4.60517 0.010211
отразился 0.002217 4.60517 0.010211
очень 0.002217 0.0 0.0
ошибку 0.002217 0.0 0.0
партнерстве 0.002217 4.60517 0.010211
переднего 0.002217 0.0 0.0
период 0.002217 0.0 0.0
периферия 0.002217 0.0 0.0
персональные 0.002217 0.0 0.0
персональных 0.002217 0.0 0.0
пиар 0.002217 0.0 0.0
пк 0.002217 0.0 0.0
планирует 0.002217 1.714798 0.003802
планшеты 0.002217 0.0 0.0
платформа 0.002217 0.0 0.0
пн 0.002217 0.0 0.0
повседневные 0.002217 4.60517 0.010211
подавлять 0.002217 4.60517 0.010211
подвел 0.002217 0.0 0.0
поднял 0.002217 0.0 0.0
подробнее 0.002217 0.0 0.0
подчеркивая 0.002217 3.912023 0.008674
позволяет 0.002217 1.832581 0.004063
поиск 0.002217 0.0 0.0
пока 0.002217 0.0 0.0
полезные 0.002217 0.0 0.0
полимер 0.002217 3.218876 0.007137
политика 0.002217 0.0 0.0
политикой 0.002217 0.0 0.0
полноприводными 0.002217 0.0 0.0
полюсе 0.002217 4.60517 0.010211
полётов 0.002217 0.0 0.0
помехи 0.002217 3.912023 0.008674
попаданием 0.002217 3.506558 0.007775
попробовать 0.002217 0.0 0.0
популярная 0.002217 0.0 0.0
популярных 0.002217 0.0 0.0
посадкой 0.002217 3.912023 0.008674
посадочных 0.002217 3.506558 0.007775
посещать 0.002217 0.0 0.0
посылают 0.002217 4.60517 0.010211
правила 0.002217 0.0 0.0
прайс 0.002217 0.0 0.0
представлен 0.002217 0.0 0.0
преодолел 0.002217 3.218876 0.007137
преодолела 0.002217 4.60517 0.010211
прибавка 0.002217 0.0 0.0
привода 0.002217 0.0 0.0
применяется 0.002217 3.506558 0.007775
принтеры 0.002217 0.0 0.0
причины 0.002217 0.0 0.0
пробизнес 0.002217 0.0 0.0
проблему 0.002217 3.218876 0.007137
проведения 0.002217 0.0 0.0
проведя 0.002217 4.60517 0.010211
провела 0.002217 2.65926 0.005896
проводился 0.002217 3.912023 0.008674
проводить 0.002217 3.506558 0.007775
программы 0.002217 0.0 0.0
продавать 0.002217 0.0 0.0
продажи 0.002217 0.0 0.0
продолжая 0.002217 0.0 0.0
проектов 0.002217 0.0 0.0
проекторы 0.002217 0.0 0.0
проекты 0.002217 0.0 0.0
пролить 0.002217 0.0 0.0
прорыв 0.002217 1.714798 0.003802
пространстве 0.002217 3.912023 0.008674
процессы 0.002217 0.0 0.0
пт 0.002217 0.0 0.0
пути 0.002217 2.813411 0.006238
работы 0.002217 0.0 0.0
разрабатывает 0.002217 3.218876 0.007137
рамках 0.002217 2.302585 0.005106
раны 0.002217 2.65926 0.005896
расстояние 0.002217 3.218876 0.007137
расстоянии 0.002217 2.995732 0.006642
расстояния 0.002217 2.995732 0.006642
расширить 0.002217 3.506558 0.007775
реактор 0.002217 2.65926 0.005896
реализован 0.002217 3.912023 0.008674
реальных 0.002217 0.0 0.0
результаты 0.002217 0.0 0.0
реклама 0.002217 0.0 0.0
ретрорефлекторов 0.002217 4.60517 0.010211
решает 0.002217 0.0 0.0
роверов 0.002217 4.60517 0.010211
россией 0.002217 4.60517 0.010211
россии 0.002217 0.0 0.0
россия 0.002217 0.0 0.0
россияне 0.002217 0.0 0.0
рублей 0.002217 0.0 0.0
рынок 0.002217 0.0 0.0
сайте 0.002217 0.0 0.0
сайты 0.002217 0.0 0.0
самая 0.002217 0.0 0.0
самозаживляющийся 0.002217 3.506558 0.007775
самолётах 0.002217 0.0 0.0
самых 0.002217 0.0 0.0
сантиметров 0.002217 0.0 0.0
сб 0.002217 0.0 0.0
сбора 0.002217 0.0 0.0
сверхновыми 0.002217 3.506558 0.007775
свет 0.002217 0.0 0.0
света 0.002217 3.912023 0.008674
своей 0.002217 0.0 0.0
свои 0.002217 1.89712 0.004206
связи 0.002217 0.0 0.0
связь 0.002217 0.0 0.0
сегодня 0.002217 0.0 0.0
серверы 0.002217 0.0 0.0
сервисы 0.002217 0.0 0.0
сертификацию 0.002217 0.0 0.0
сети 0.002217 0.0 0.0
сигнал 0.002217 2.207275 0.004894
сигналы 0.002217 3.218876 0.007137
синхронизацию 0.002217 3.912023 0.008674
систему 0.002217 2.525729 0.0056
скоро 0.002217 0.0 0.0
скорости 0.002217 2.813411 0.006238
сложности 0.002217 0.0 0.0
сложность 0.002217 3.506558 0.007775
см 0.002217 0.0 0.0
снова 0.002217 0.0 0.0
советский 0.002217 0.0 0.0
соглашаетесь 0.002217 0.0 0.0
создавал 0.002217 4.60517 0.010211
создали 0.002217 2.813411 0.006238
солнечные 0.002217 4.60517 0.010211
солнечный 0.002217 4.60517 0.010211
спасти 0.002217 0.0 0.0
спиралью 0.002217 3.506558 0.007775
способности 0.002217 2.995732 0.006642
спутника 0.002217 3.506558 0.007775
спутниках 0.002217 4.60517 0.010211
спутников 0.002217 2.65926 0.005896
ср 0.002217 0.0 0.0
сравнимо 0.002217 3.506558 0.007775
среда 0.002217 0.0 0.0
ссылки 0.002217 0.0 0.0
стал 0.002217 0.0 0.0
станции 0.002217 2.813411 0.006238
станция 0.002217 2.813411 0.006238
стартуют 0.002217 0.0 0.0
статистика 0.002217 0.0 0.0
статьи 0.002217 0.0 0.0
стоимость 0.002217 0.0 0.0
строительства 0.002217 3.912023 0.008674
супергерой 0.002217 3.506558 0.007775
суток 0.002217 4.60517 0.010211
сша 0.002217 0.0 0.0
тайконавты 0.002217 0.0 0.0
такая 0.002217 3.506558 0.007775
тв 0.002217 0.0 0.0
теги 0.002217 0.0 0.0
текст 0.002217 0.0 0.0
тестирования 0.002217 3.506558 0.007775
тестируют 0.002217 2.813411 0.006238
технический 0.002217 0.0 0.0
технологию 0.002217 2.995732 0.006642
технология 0.002217 2.302585 0.005106
топ 0.002217 0.0 0.0
точного 0.002217 3.218876 0.007137
точное 0.002217 3.218876 0.007137
точности 0.002217 2.813411 0.006238
точность 0.002217 1.832581 0.004063
точностью 0.002217 2.302585 0.005106
трети 0.002217 3.218876 0.007137
тыс 0.002217 0.0 0.0
убрали 0.002217 0.0 0.0
увеличив 0.002217 2.65926 0.005896
увеличивая 0.002217 3.218876 0.007137
упасть 0.002217 0.0 0.0
управление 0.002217 2.525729 0.0056
управления 0.002217 2.040221 0.004524
условиях 0.002217 1.771957 0.003929
успех 0.002217 2.207275 0.004894
успешно 0.002217 2.407946 0.005339
устройства 0.002217 0.0 0.0
ученые 0.002217 1.89712 0.004206
ученым 0.002217 0.0 0.0
файлы 0.002217 0.0 0.0
флагманского 0.002217 0.0 0.0
фото 0.002217 0.0 0.0
фундаментальные 0.002217 0.0 0.0
хаббл 0.002217 3.506558 0.007775
хитом 0.002217 0.0 0.0
ходе 0.002217 2.65926 0.005896
цены 0.002217 0.0 0.0
части 0.002217 0.0 0.0
частоту 0.002217 2.995732 0.006642
человека 0.002217 0.0 0.0
четкие 0.002217 4.60517 0.010211
чт 0.002217 0.0 0.0
экспедиций 0.002217 3.912023 0.008674
эксперимент 0.002217 1.832581 0.004063
эксперимента 0.002217 2.65926 0.005896
экспорт 0.002217 0.0 0.0
эмбрионы 0.002217 0.0 0.0
энергии 0.002217 2.207275 0.004894
южной 0.002217 0.0 0.0
южном 0.002217 4.60517 0.010211
юньнаня 0.002217 4.60517 0.010211
ядерный 0.002217 2.995732 0.006642
яркого 0.002217 4.60517 0.010211
