авиалайнера 0.003425 0.0 0.0
австралии 0.003425 0.0 0.0
авто 0.003425 0.0 0.0
автоваз 0.003425 0.0 0.0
автоматом 0.003425 0.0 0.0
автомобили 0.003425 1.966113 0.006733
автопроизводитель 0.003425 3.912023 0.013397
автопроизводителя 0.003425 0.0 0.0
автор 0.003425 0.0 0.0
авторы 0.003425 0.0 0.0
администрацией 0.003425 0.0 0.0
адрес 0.003425 0.0 0.0
америке 0.003425 0.0 0.0
аналитики 0.003425 0.0 0.0
ассоциируется 0.003425 4.60517 0.015771
безопасность 0.003425 2.525729 0.00865
белка 0.003425 0.0 0.0
биологические 0.003425 0.0 0.0
биологических 0.003425 0.0 0.0
ближнем 0.003425 0.0 0.0
блоги 0.003425 0.0 0.0
бренда 0.003425 3.912023 0.013397
будут 0.003425 0.0 0.0
быстро 0.003425 0.0 0.0
версии 0.003425 1.714798 0.005873
весом 0.003425 0.0 0.0
видео 0.003425 0.0 0.0
видеокарты 0.003425 0.0 0.0
внедорожниками 0.003425 4.60517 0.015771
внедорожники 0.003425 0.0 0.0
войти 0.003425 0.0 0.0
восприятие 0.003425 4.60517 0.015771
востоке 0.003425 0.0 0.0
вс 0.003425 0.0 0.0
всему 0.003425 0.0 0.0
вт 0.003425 0.0 0.0
входят 0.003425 0.0 0.0
выделите 0.003425 0.0 0.0
выходит 0.003425 0.0 0.0
вэньбинь 0.003425 4.60517 0.015771
гибридная 0.003425 3.218876 0.011024
главную 0.003425 0.0 0.0
года 0.003425 0.0 0.0
данные 0.003425 0.0 0.0
данный 0.003425 0.0 0.0
данных 0.003425 0.0 0.0
двигатели 0.003425 0.0 0.0
двигатель 0.003425 0.0 0.0
двигателя 0.003425 1.89712 0.006497
двух 0.003425 0.0 0.0
дизайн 0.003425 0.0 0.0
динамику 0.003425 4.60517 0.015771
директор 0.003425 0.0 0.0
доказав 0.003425 4.60517 0.015771
долларов 0.003425 0.0 0.0
дом 0.003425 0.0 0.0
дорог 0.003425 2.525729 0.00865
дорогах 0.003425 4.60517 0.015771
доставили 0.003425 0.0 0.0
достигает 0.003425 0.0 0.0
завершат 0.003425 0.0 0.0
защиты 0.003425 0.0 0.0
земле 0.003425 0.0 0.0
земли 0.003425 0.0 0.0
зонд 0.003425 0.0 0.0
зонда 0.003425 0.0 0.0
игры 0.003425 0.0 0.0
изменить 0.003425 2.995732 0.010259
инженера 0.003425 3.912023 0.013397
инновационный 0.003425 0.0 0.0
интервью 0.003425 3.912023 0.013397
информации 0.003425 0.0 0.0
использования 0.003425 0.0 0.0
исследований 0.003425 0.0 0.0
источник 0.003425 0.0 0.0
календарь 0.003425 0.0 0.0
категории 0.003425 0.0 0.0
кг 0.003425 0.0 0.0
километров 0.003425 0.0 0.0
китае 0.003425 2.302585 0.007886
китайский 0.003425 2.813411 0.009635
китайскому 0.003425 4.60517 0.015771
классическим 0.003425 0.0 0.0
клон 0.003425 0.0 0.0
комментирования 0.003425 0.0 0.0
комфортный 0.003425 0.0 0.0
конференция 0.003425 0.0 0.0
корее 0.003425 0.0 0.0
корпуса 0.003425 0.0 0.0
космос 0.003425 0.0 0.0
космоса 0.003425 0.0 0.0
кроссовера 0.003425 0.0 0.0
кроссоверы 0.003425 0.0 0.0
кубических 0.003425 0.0 0.0
куки 0.003425 0.0 0.0
летать 0.003425 0.0 0.0
лету 0.003425 0.0 0.0
листа 0.003425 0.0 0.0
лучшее 0.003425 3.506558 0.012009
мае 0.003425 0.0 0.0
май 0.003425 0.0 0.0
манёврах 0.003425 4.60517 0.015771
марка 0.003425 0.0 0.0
материалов 0.003425 0.0 0.0
машину 0.003425 0.0 0.0
мая 0.003425 0.0 0.0
межпланетный 0.003425 0.0 0.0
меняет 0.003425 0.0 0.0
метрового 0.003425 0.0 0.0
миллионов 0.003425 0.0 0.0
миру 0.003425 0.0 0.0
мобильные 0.003425 0.0 0.0
могут 0.003425 0.0 0.0
модели 0.003425 1.139434 0.003902
момент 0.003425 0.0 0.0
мониторы 0.003425 0.0 0.0
моноприводные 0.003425 4.60517 0.015771
мотобрендов 0.003425 0.0 0.0
мотоциклов 0.003425 0.0 0.0
мс 0.003425 0.0 0.0
мультимедиа 0.003425 0.0 0.0
нажмите 0.003425 0.0 0.0
назвал 0.003425 0.0 0.0
названием 0.003425 0.0 0.0
намерен 0.003425 3.506558 0.012009
нашей 0.003425 0.0 0.0
наши 0.003425 0.0 0.0
нашли 0.003425 0.0 0.0
новости 0.003425 0.0 0.0
новые 0.003425 0.0 0.0
новый 0.003425 0.0 0.0
носители 0.003425 0.0 0.0
ноутбуки 0.003425 0.0 0.0
нужны 0.003425 0.0 0.0
обгонах 0.003425 4.60517 0.015771
обеспечивает 0.003425 2.407946 0.008246
обеспечивающей 0.003425 4.60517 0.015771
обзоры 0.003425 0.0 0.0
обработки 0.003425 0.0 0.0
образцы 0.003425 0.0 0.0
объявил 0.003425 1.966113 0.006733
объявлена 0.003425 0.0 0.0
одноклассник 0.003425 0.0 0.0
оптимизирует 0.003425 3.506558 0.012009
орбите 0.003425 0.0 0.0
ос 0.003425 0.0 0.0
оснащаться 0.003425 4.60517 0.015771
отдадут 0.003425 0.0 0.0
отечественного 0.003425 0.0 0.0
отказа 0.003425 0.0 0.0
отказались 0.003425 0.0 0.0
отключили 0.003425 0.0 0.0
отметил 0.003425 1.469676 0.005033
очень 0.003425 0.0 0.0
ошибку 0.003425 0.0 0.0
переднего 0.003425 0.0 0.0
переходе 0.003425 4.60517 0.015771
период 0.003425 0.0 0.0
периферия 0.003425 0.0 0.0
персональные 0.003425 0.0 0.0
персональных 0.003425 0.0 0.0
пиар 0.003425 0.0 0.0
пк 0.003425 0.0 0.0
планшеты 0.003425 0.0 0.0
платформа 0.003425 0.0 0.0
пн 0.003425 0.0 0.0
подвел 0.003425 0.0 0.0
поднял 0.003425 0.0 0.0
подробнее 0.003425 0.0 0.0
поиск 0.003425 0.0 0.0
пока 0.003425 0.0 0.0
полезные 0.003425 0.0 0.0
политика 0.003425 0.0 0.0
политикой 0.003425 0.0 0.0
полного 0.003425 3.506558 0.012009
полном 0.003425 3.506558 0.012009
полноприводные 0.003425 3.912023 0.013397
полноприводными 0.003425 0.0 0.0
полный 0.003425 2.813411 0.009635
полётов 0.003425 0.0 0.0
попробовать 0.003425 0.0 0.0
популярная 0.003425 0.0 0.0
популярных 0.003425 0.0 0.0
посещать 0.003425 0.0 0.0
правила 0.003425 0.0 0.0
прайс 0.003425 0.0 0.0
представлен 0.003425 0.0 0.0
прибавка 0.003425 0.0 0.0
привод 0.003425 0.0 0.0
привода 0.003425 0.0 0.0
принтеры 0.003425 0.0 0.0
причины 0.003425 0.0 0.0
пробизнес 0.003425 0.0 0.0
проведения 0.003425 0.0 0.0
программы 0.003425 0.0 0.0
продавать 0.003425 0.0 0.0
продажи 0.003425 0.0 0.0
продолжая 0.003425 0.0 0.0
проектов 0.003425 0.0 0.0
проекторы 0.003425 0.0 0.0
проекты 0.003425 0.0 0.0
пролить 0.003425 0.0 0.0
процессы 0.003425 0.0 0.0
пт 0.003425 0.0 0.0
работы 0.003425 0.0 0.0
развесовку 0.003425 4.60517 0.015771
рассказал 0.003425 3.506558 0.012009
расход 0.003425 2.207275 0.007559
реальных 0.003425 0.0 0.0
результаты 0.003425 0.0 0.0
реклама 0.003425 0.0 0.0
ресурсу 0.003425 4.60517 0.015771
решает 0.003425 0.0 0.0
россии 0.003425 0.0 0.0
россияне 0.003425 0.0 0.0
рублей 0.003425 0.0 0.0
рынков 0.003425 4.60517 0.015771
рынок 0.003425 0.0 0.0
сайте 0.003425 0.0 0.0
сайты 0.003425 0.0 0.0
самая 0.003425 0.0 0.0
самолётах 0.003425 0.0 0.0
самых 0.003425 0.0 0.0
сантиметров 0.003425 0.0 0.0
сб 0.003425 0.0 0.0
сбора 0.003425 0.0 0.0
свет 0.003425 0.0 0.0
своей 0.003425 0.0 0.0
связи 0.003425 0.0 0.0
связь 0.003425 0.0 0.0
сегодня 0.003425 0.0 0.0
серверы 0.003425 0.0 0.0
сервисы 0.003425 0.0 0.0
сертификацию 0.003425 0.0 0.0
сети 0.003425 0.0 0.0
сзади 0.003425 4.60517 0.015771
скользких 0.003425 4.60517 0.015771
скоро 0.003425 0.0 0.0
словам 0.003425 2.302585 0.007886
сложности 0.003425 0.0 0.0
снижает 0.003425 2.407946 0.008246
снова 0.003425 0.0 0.0
советский 0.003425 0.0 0.0
соглашаетесь 0.003425 0.0 0.0
сохраниться 0.003425 4.60517 0.015771
спасти 0.003425 0.0 0.0
спереди 0.003425 4.60517 0.015771
ср 0.003425 0.0 0.0
среда 0.003425 0.0 0.0
ссылки 0.003425 0.0 0.0
стал 0.003425 0.0 0.0
стартуют 0.003425 0.0 0.0
статистика 0.003425 0.0 0.0
статьи 0.003425 0.0 0.0
стоимость 0.003425 0.0 0.0
сцепление 0.003425 4.60517 0.015771
сша 0.003425 0.0 0.0
тайконавты 0.003425 0.0 0.0
тв 0.003425 0.0 0.0
теги 0.003425 0.0 0.0
текст 0.003425 0.0 0.0
технический 0.003425 0.0 0.0
технология 0.003425 2.302585 0.007886
типов 0.003425 2.995732 0.010259
топ 0.003425 0.0 0.0
топлива 0.003425 2.65926 0.009107
трансмиссией 0.003425 4.60517 0.015771
трехмоторная 0.003425 4.60517 0.015771
тыс 0.003425 0.0 0.0
убрали 0.003425 0.0 0.0
улучшает 0.003425 3.506558 0.012009
улучшенную 0.003425 4.60517 0.015771
универсальность 0.003425 4.60517 0.015771
упасть 0.003425 0.0 0.0
управляемость 0.003425 3.912023 0.013397
устойчивость 0.003425 3.912023 0.013397
устройства 0.003425 0.0 0.0
ученым 0.003425 0.0 0.0
файлы 0.003425 0.0 0.0
флагманского 0.003425 0.0 0.0
фото 0.003425 0.0 0.0
фундаментальные 0.003425 0.0 0.0
хитом 0.003425 0.0 0.0
цены 0.003425 0.0 0.0
части 0.003425 0.0 0.0
человека 0.003425 0.0 0.0
чт 0.003425 0.0 0.0
экономичность 0.003425 3.912023 0.013397
экспорт 0.003425 0.0 0.0
экспортных 0.003425 3.506558 0.012009
эмбрионы 0.003425 0.0 0.0
южной 0.003425 0.0 0.0
