авиалайнера 0.003436 0.0 0.0
австралии 0.003436 0.0 0.0
авто 0.003436 0.0 0.0
автоваз 0.003436 0.0 0.0
автоматом 0.003436 0.0 0.0
автомобилей 0.003436 2.207275 0.007585
автомобили 0.003436 1.966113 0.006756
автопроизводителя 0.003436 0.0 0.0
автор 0.003436 0.0 0.0
авторы 0.003436 0.0 0.0
администрацией 0.003436 0.0 0.0
адрес 0.003436 0.0 0.0
америке 0.003436 0.0 0.0
аналитики 0.003436 0.0 0.0
арестованных 0.003436 4.60517 0.015825
аукцион 0.003436 4.60517 0.015825
белка 0.003436 0.0 0.0
биологические 0.003436 0.0 0.0
биологических 0.003436 0.0 0.0
ближнем 0.003436 0.0 0.0
блоги 0.003436 0.0 0.0
будут 0.003436 0.0 0.0
быстро 0.003436 0.0 0.0
весом 0.003436 0.0 0.0
видео 0.003436 0.0 0.0
видеокарты 0.003436 0.0 0.0
внедорожники 0.003436 0.0 0.0
внести 0.003436 4.60517 0.015825
войти 0.003436 0.0 0.0
востоке 0.003436 0.0 0.0
времени 0.003436 1.89712 0.006519
вс 0.003436 0.0 0.0
всему 0.003436 0.0 0.0
вт 0.003436 0.0 0.0
входят 0.003436 0.0 0.0
выделите 0.003436 0.0 0.0
выделяются 0.003436 4.60517 0.015825
выходит 0.003436 0.0 0.0
гибридных 0.003436 3.218876 0.011061
главную 0.003436 0.0 0.0
год 0.003436 0.0 0.0
года 0.003436 0.0 0.0
готова 0.003436 2.525729 0.008679
данные 0.003436 0.0 0.0
данный 0.003436 0.0 0.0
данных 0.003436 0.0 0.0
двигатели 0.003436 0.0 0.0
двигатель 0.003436 0.0 0.0
двух 0.003436 0.0 0.0
дизайн 0.003436 0.0 0.0
директор 0.003436 0.0 0.0
долги 0.003436 4.60517 0.015825
должников 0.003436 3.506558 0.01205
долларов 0.003436 0.0 0.0
дом 0.003436 0.0 0.0
дорогих 0.003436 3.912023 0.013443
доставили 0.003436 0.0 0.0
достигает 0.003436 0.0 0.0
другие 0.003436 2.040221 0.007011
забрали 0.003436 4.60517 0.015825
завершат 0.003436 0.0 0.0
задаток 0.003436 4.60517 0.015825
запустила 0.003436 2.65926 0.009138
зарегистрироваться 0.003436 4.60517 0.015825
защиты 0.003436 0.0 0.0
заявку 0.003436 4.60517 0.015825
земле 0.003436 0.0 0.0
земли 0.003436 0.0 0.0
зонд 0.003436 0.0 0.0
зонда 0.003436 0.0 0.0
игры 0.003436 0.0 0.0
инновационный 0.003436 0.0 0.0
информации 0.003436 0.0 0.0
использования 0.003436 0.0 0.0
исследований 0.003436 0.0 0.0
источник 0.003436 0.0 0.0
календарь 0.003436 0.0 0.0
категории 0.003436 0.0 0.0
кг 0.003436 0.0 0.0
километров 0.003436 0.0 0.0
классическим 0.003436 0.0 0.0
клон 0.003436 0.0 0.0
комментирования 0.003436 0.0 0.0
компания 0.003436 0.820981 0.002821
комфортный 0.003436 0.0 0.0
конференция 0.003436 0.0 0.0
корее 0.003436 0.0 0.0
корпуса 0.003436 0.0 0.0
космос 0.003436 0.0 0.0
космоса 0.003436 0.0 0.0
кроссовер 0.003436 0.0 0.0
кроссовера 0.003436 0.0 0.0
кроссоверы 0.003436 0.0 0.0
кубических 0.003436 0.0 0.0
кук 0.003436 0.0 0.0
куки 0.003436 0.0 0.0
летать 0.003436 0.0 0.0
лету 0.003436 0.0 0.0
листа 0.003436 0.0 0.0
лотов 0.003436 3.912023 0.013443
мае 0.003436 0.0 0.0
май 0.003436 0.0 0.0
марка 0.003436 0.0 0.0
массовое 0.003436 3.218876 0.011061
материалов 0.003436 0.0 0.0
машину 0.003436 0.0 0.0
машины 0.003436 1.771957 0.006089
мая 0.003436 0.0 0.0
межпланетный 0.003436 0.0 0.0
меняет 0.003436 0.0 0.0
метрового 0.003436 0.0 0.0
микроконтроллера 0.003436 3.506558 0.01205
миллионов 0.003436 0.0 0.0
миру 0.003436 0.0 0.0
млн 0.003436 1.108663 0.00381
мобильные 0.003436 0.0 0.0
могут 0.003436 0.0 0.0
момент 0.003436 0.0 0.0
мониторы 0.003436 0.0 0.0
мотобрендов 0.003436 0.0 0.0
мотоциклов 0.003436 0.0 0.0
мс 0.003436 0.0 0.0
мультимедиа 0.003436 0.0 0.0
нажмите 0.003436 0.0 0.0
назвал 0.003436 0.0 0.0
названием 0.003436 0.0 0.0
наиболее 0.003436 3.218876 0.011061
нам 0.003436 1.139434 0.003916
начался 0.003436 3.912023 0.013443
начальной 0.003436 4.60517 0.015825
нашей 0.003436 0.0 0.0
наши 0.003436 0.0 0.0
нашли 0.003436 0.0 0.0
необходимо 0.003436 2.407946 0.008275
новости 0.003436 0.0 0.0
новые 0.003436 0.0 0.0
новый 0.003436 0.0 0.0
носители 0.003436 0.0 0.0
ноутбуки 0.003436 0.0 0.0
нужно 0.003436 2.65926 0.009138
нужны 0.003436 0.0 0.0
обзоры 0.003436 0.0 0.0
области 0.003436 2.120264 0.007286
обработки 0.003436 0.0 0.0
образцы 0.003436 0.0 0.0
объявлена 0.003436 0.0 0.0
обычно 0.003436 3.506558 0.01205
одноклассник 0.003436 0.0 0.0
окончания 0.003436 4.60517 0.015825
орбите 0.003436 0.0 0.0
ос 0.003436 0.0 0.0
отдадут 0.003436 0.0 0.0
отечественного 0.003436 0.0 0.0
отказа 0.003436 0.0 0.0
отказались 0.003436 0.0 0.0
отключили 0.003436 0.0 0.0
очень 0.003436 0.0 0.0
ошибку 0.003436 0.0 0.0
переднего 0.003436 0.0 0.0
период 0.003436 0.0 0.0
периферия 0.003436 0.0 0.0
персональные 0.003436 0.0 0.0
персональных 0.003436 0.0 0.0
пиар 0.003436 0.0 0.0
пикап 0.003436 4.60517 0.015825
пк 0.003436 0.0 0.0
планшеты 0.003436 0.0 0.0
платформа 0.003436 0.0 0.0
площадке 0.003436 3.506558 0.01205
пн 0.003436 0.0 0.0
подать 0.003436 4.60517 0.015825
подвел 0.003436 0.0 0.0
поднял 0.003436 0.0 0.0
подробнее 0.003436 0.0 0.0
поиск 0.003436 0.0 0.0
пока 0.003436 0.0 0.0
полезные 0.003436 0.0 0.0
политика 0.003436 0.0 0.0
политикой 0.003436 0.0 0.0
полноприводными 0.003436 0.0 0.0
полётов 0.003436 0.0 0.0
попробовать 0.003436 0.0 0.0
популярная 0.003436 0.0 0.0
популярных 0.003436 0.0 0.0
пор 0.003436 0.0 0.0
посещать 0.003436 0.0 0.0
правила 0.003436 0.0 0.0
прайс 0.003436 0.0 0.0
представлен 0.003436 0.0 0.0
прибавка 0.003436 0.0 0.0
привода 0.003436 0.0 0.0
признал 0.003436 2.995732 0.010295
принтеры 0.003436 0.0 0.0
причины 0.003436 0.0 0.0
пробизнес 0.003436 0.0 0.0
проведения 0.003436 0.0 0.0
программы 0.003436 0.0 0.0
продавать 0.003436 0.0 0.0
продаже 0.003436 3.912023 0.013443
продажи 0.003436 0.0 0.0
продают 0.003436 2.813411 0.009668
продолжая 0.003436 0.0 0.0
проектов 0.003436 0.0 0.0
проекторы 0.003436 0.0 0.0
проекты 0.003436 0.0 0.0
производство 0.003436 2.302585 0.007913
пролить 0.003436 0.0 0.0
процессы 0.003436 0.0 0.0
пт 0.003436 0.0 0.0
работы 0.003436 0.0 0.0
реальных 0.003436 0.0 0.0
результаты 0.003436 0.0 0.0
реклама 0.003436 0.0 0.0
решает 0.003436 0.0 0.0
россии 0.003436 0.0 0.0
россия 0.003436 0.0 0.0
россияне 0.003436 0.0 0.0
рублей 0.003436 0.0 0.0
рынок 0.003436 0.0 0.0
сайте 0.003436 0.0 0.0
сайты 0.003436 0.0 0.0
самая 0.003436 0.0 0.0
самолётах 0.003436 0.0 0.0
самых 0.003436 0.0 0.0
сантиметров 0.003436 0.0 0.0
сб 0.003436 0.0 0.0
сбора 0.003436 0.0 0.0
свет 0.003436 0.0 0.0
своей 0.003436 0.0 0.0
связи 0.003436 0.0 0.0
связь 0.003436 0.0 0.0
сегодня 0.003436 0.0 0.0
седан 0.003436 2.65926 0.009138
серверы 0.003436 0.0 0.0
сервисы 0.003436 0.0 0.0
сертификацию 0.003436 0.0 0.0
сетей 0.003436 2.525729 0.008679
сети 0.003436 0.0 0.0
сих 0.003436 2.407946 0.008275
скоро 0.003436 0.0 0.0
сложности 0.003436 0.0 0.0
снова 0.003436 0.0 0.0
советский 0.003436 0.0 0.0
современные 0.003436 2.302585 0.007913
соглашаетесь 0.003436 0.0 0.0
составляет 0.003436 2.407946 0.008275
спасти 0.003436 0.0 0.0
ср 0.003436 0.0 0.0
среда 0.003436 0.0 0.0
среднем 0.003436 3.912023 0.013443
срока 0.003436 4.60517 0.015825
ссылки 0.003436 0.0 0.0
стал 0.003436 0.0 0.0
стартуют 0.003436 0.0 0.0
статистика 0.003436 0.0 0.0
статьи 0.003436 0.0 0.0
стоимость 0.003436 0.0 0.0
сша 0.003436 0.0 0.0
тайконавты 0.003436 0.0 0.0
тв 0.003436 0.0 0.0
теги 0.003436 0.0 0.0
текст 0.003436 0.0 0.0
текущей 0.003436 4.60517 0.015825
технический 0.003436 0.0 0.0
тим 0.003436 0.0 0.0
топ 0.003436 0.0 0.0
торговой 0.003436 4.60517 0.015825
тыс 0.003436 0.0 0.0
убрали 0.003436 0.0 0.0
умная 0.003436 3.506558 0.01205
универсального 0.003436 3.506558 0.01205
упасть 0.003436 0.0 0.0
устройства 0.003436 0.0 0.0
участия 0.003436 3.912023 0.013443
ученым 0.003436 0.0 0.0
файлы 0.003436 0.0 0.0
флагманского 0.003436 0.0 0.0
фото 0.003436 0.0 0.0
фундаментальные 0.003436 0.0 0.0
хитом 0.003436 0.0 0.0
цене 0.003436 2.120264 0.007286
ценой 0.003436 2.813411 0.009668
цены 0.003436 0.0 0.0
части 0.003436 0.0 0.0
человека 0.003436 0.0 0.0
челябинской 0.003436 4.60517 0.015825
чт 0.003436 0.0 0.0
экспорт 0.003436 0.0 0.0
электронной 0.003436 4.60517 0.015825
эмбрионы 0.003436 0.0 0.0
южной 0.003436 0.0 0.0
