абсолютно 0.002532 2.407946 0.006096
авиалайнера 0.002532 0.0 0.0
австралии 0.002532 0.0 0.0
автоваз 0.002532 0.0 0.0
автоматом 0.002532 0.0 0.0
автономное 0.002532 4.60517 0.011659
автопроизводителя 0.002532 0.0 0.0
автор 0.002532 0.0 0.0
авторы 0.002532 0.0 0.0
администрацией 0.002532 0.0 0.0
адрес 0.002532 0.0 0.0
аккаунты 0.002532 4.60517 0.011659
активных 0.002532 3.506558 0.008877
активом 0.002532 4.60517 0.011659
амбиции 0.002532 4.60517 0.011659
американском 0.002532 3.912023 0.009904
америке 0.002532 0.0 0.0
аналитики 0.002532 0.0 0.0
анонсировала 0.002532 2.813411 0.007123
аппарат 0.002532 1.660731 0.004204
ассистента 0.002532 4.60517 0.011659
ассистенту 0.002532 4.60517 0.011659
аудитория 0.002532 4.60517 0.011659
базовых 0.002532 3.506558 0.008877
базы 0.002532 3.912023 0.009904
безопасности 0.002532 1.966113 0.004978
белка 0.002532 0.0 0.0
бесплатным 0.002532 4.60517 0.011659
бизнес 0.002532 0.0 0.0
бизнеса 0.002532 3.912023 0.009904
бизнесов 0.002532 4.60517 0.011659
биологические 0.002532 0.0 0.0
биологических 0.002532 0.0 0.0
ближнем 0.002532 0.0 0.0
блоги 0.002532 0.0 0.0
большинство 0.002532 3.218876 0.008149
ботами 0.002532 3.218876 0.008149
будут 0.002532 0.0 0.0
быстро 0.002532 0.0 0.0
важно 0.002532 2.120264 0.005368
весом 0.002532 0.0 0.0
видео 0.002532 0.0 0.0
видеокарты 0.002532 0.0 0.0
внедорожники 0.002532 0.0 0.0
внедрению 0.002532 3.912023 0.009904
вовлечённость 0.002532 4.60517 0.011659
возможностей 0.002532 3.912023 0.009904
войти 0.002532 0.0 0.0
востоке 0.002532 0.0 0.0
вс 0.002532 0.0 0.0
всему 0.002532 0.0 0.0
вт 0.002532 0.0 0.0
входят 0.002532 0.0 0.0
выделите 0.002532 0.0 0.0
высокая 0.002532 3.912023 0.009904
выходит 0.002532 0.0 0.0
гиперзвуковых 0.002532 2.995732 0.007584
глава 0.002532 2.813411 0.007123
главную 0.002532 0.0 0.0
глобальной 0.002532 3.218876 0.008149
года 0.002532 0.0 0.0
году 0.002532 1.272966 0.003223
данные 0.002532 0.0 0.0
данный 0.002532 0.0 0.0
данных 0.002532 0.0 0.0
дашборд 0.002532 4.60517 0.011659
двигатели 0.002532 0.0 0.0
двигатель 0.002532 0.0 0.0
двух 0.002532 0.0 0.0
делает 0.002532 2.302585 0.005829
демонстрирует 0.002532 2.995732 0.007584
дизайн 0.002532 0.0 0.0
директор 0.002532 0.0 0.0
долларов 0.002532 0.0 0.0
дом 0.002532 0.0 0.0
доминируют 0.002532 3.912023 0.009904
доставили 0.002532 0.0 0.0
достиг 0.002532 0.0 0.0
достигает 0.002532 0.0 0.0
доходов 0.002532 3.912023 0.009904
других 0.002532 2.040221 0.005165
ежемесячная 0.002532 4.60517 0.011659
завершат 0.002532 0.0 0.0
закрепления 0.002532 4.60517 0.011659
запрещена 0.002532 3.506558 0.008877
зафиксирована 0.002532 4.60517 0.011659
защиты 0.002532 0.0 0.0
звонка 0.002532 4.60517 0.011659
земле 0.002532 0.0 0.0
земли 0.002532 0.0 0.0
значительную 0.002532 4.60517 0.011659
зонд 0.002532 0.0 0.0
зонда 0.002532 0.0 0.0
игры 0.002532 0.0 0.0
идёт 0.002532 2.995732 0.007584
ии 0.002532 0.0 0.0
иллюстрация 0.002532 2.120264 0.005368
иная 0.002532 3.506558 0.008877
инновационный 0.002532 0.0 0.0
инструменты 0.002532 2.65926 0.006732
интеграцию 0.002532 2.813411 0.007123
интеллект 0.002532 1.966113 0.004978
интеллекта 0.002532 2.525729 0.006394
интеллектом 0.002532 2.995732 0.007584
интерфейс 0.002532 2.525729 0.006394
информации 0.002532 0.0 0.0
искусственного 0.002532 2.525729 0.006394
искусственный 0.002532 3.912023 0.009904
искусственным 0.002532 2.995732 0.007584
использования 0.002532 0.0 0.0
испытаний 0.002532 2.65926 0.006732
исследований 0.002532 0.0 0.0
источник 0.002532 0.0 0.0
итогам 0.002532 4.60517 0.011659
календарь 0.002532 0.0 0.0
категории 0.002532 0.0 0.0
квартала 0.002532 3.912023 0.009904
кг 0.002532 0.0 0.0
километров 0.002532 0.0 0.0
классическим 0.002532 0.0 0.0
клиентами 0.002532 4.60517 0.011659
клон 0.002532 0.0 0.0
ключевым 0.002532 2.525729 0.006394
комментирования 0.002532 0.0 0.0
коммерческое 0.002532 3.912023 0.009904
коммуникаций 0.002532 4.60517 0.011659
компании 0.002532 1.347074 0.00341
компаний 0.002532 2.813411 0.007123
компания 0.002532 0.820981 0.002078
комфортный 0.002532 0.0 0.0
конференц 0.002532 0.0 0.0
конференция 0.002532 0.0 0.0
корее 0.002532 0.0 0.0
корпоративного 0.002532 4.60517 0.011659
корпуса 0.002532 0.0 0.0
космос 0.002532 0.0 0.0
космоса 0.002532 0.0 0.0
которое 0.002532 2.525729 0.006394
кроссовера 0.002532 0.0 0.0
кроссоверы 0.002532 0.0 0.0
кубических 0.002532 0.0 0.0
куки 0.002532 0.0 0.0
купленный 0.002532 4.60517 0.011659
летать 0.002532 0.0 0.0
лету 0.002532 0.0 0.0
лидером 0.002532 3.218876 0.008149
листа 0.002532 0.0 0.0
личного 0.002532 3.218876 0.008149
личных 0.002532 3.218876 0.008149
мае 0.002532 0.0 0.0
май 0.002532 0.0 0.0
марк 0.002532 0.0 0.0
марка 0.002532 0.0 0.0
материалов 0.002532 0.0 0.0
машину 0.002532 0.0 0.0
мая 0.002532 0.0 0.0
межпланетный 0.002532 0.0 0.0
меняет 0.002532 0.0 0.0
мессенджер 0.002532 4.60517 0.011659
мессенджера 0.002532 4.60517 0.011659
мессенджере 0.002532 4.60517 0.011659
мессенджеры 0.002532 4.60517 0.011659
метрового 0.002532 0.0 0.0
миллионов 0.002532 0.0 0.0
мире 0.002532 1.771957 0.004486
миру 0.002532 0.0 0.0
млн 0.002532 1.108663 0.002807
млрд 0.002532 2.302585 0.005829
многоразовый 0.002532 3.506558 0.008877
мобильные 0.002532 0.0 0.0
могут 0.002532 0.0 0.0
момент 0.002532 0.0 0.0
мониторы 0.002532 0.0 0.0
мотобрендов 0.002532 0.0 0.0
мотоциклов 0.002532 0.0 0.0
мс 0.002532 0.0 0.0
мультимедиа 0.002532 0.0 0.0
надеемся 0.002532 4.60517 0.011659
нажмите 0.002532 0.0 0.0
назвал 0.002532 0.0 0.0
названием 0.002532 0.0 0.0
направление 0.002532 4.60517 0.011659
наша 0.002532 3.506558 0.008877
нашей 0.002532 0.0 0.0
наши 0.002532 0.0 0.0
нашли 0.002532 0.0 0.0
новости 0.002532 0.0 0.0
новые 0.002532 0.0 0.0
новый 0.002532 0.0 0.0
носители 0.002532 0.0 0.0
ноутбуки 0.002532 0.0 0.0
нужны 0.002532 0.0 0.0
ныне 0.002532 2.995732 0.007584
обзоры 0.002532 0.0 0.0
области 0.002532 2.120264 0.005368
обработки 0.002532 0.0 0.0
образцы 0.002532 0.0 0.0
обращений 0.002532 4.60517 0.011659
обучать 0.002532 3.912023 0.009904
обучения 0.002532 3.506558 0.008877
общения 0.002532 3.506558 0.008877
объявил 0.002532 1.966113 0.004978
объявлена 0.002532 0.0 0.0
одним 0.002532 2.525729 0.006394
одноклассник 0.002532 0.0 0.0
орбите 0.002532 0.0 0.0
ос 0.002532 0.0 0.0
основанный 0.002532 3.912023 0.009904
основного 0.002532 3.506558 0.008877
особенно 0.002532 1.609438 0.004075
остаётся 0.002532 2.040221 0.005165
отдадут 0.002532 0.0 0.0
отдельное 0.002532 3.912023 0.009904
отечественного 0.002532 0.0 0.0
отказа 0.002532 0.0 0.0
отказались 0.002532 0.0 0.0
отключили 0.002532 0.0 0.0
отметила 0.002532 2.813411 0.007123
отметку 0.002532 3.506558 0.008877
охватом 0.002532 4.60517 0.011659
очень 0.002532 0.0 0.0
ошибку 0.002532 0.0 0.0
параллельно 0.002532 1.89712 0.004803
первого 0.002532 2.995732 0.007584
переднего 0.002532 0.0 0.0
переписки 0.002532 4.60517 0.011659
период 0.002532 0.0 0.0
периферия 0.002532 0.0 0.0
персонального 0.002532 4.60517 0.011659
персональные 0.002532 0.0 0.0
персональных 0.002532 0.0 0.0
пиар 0.002532 0.0 0.0
пк 0.002532 0.0 0.0
планах 0.002532 4.60517 0.011659
планшеты 0.002532 0.0 0.0
платформа 0.002532 0.0 0.0
платформы 0.002532 2.407946 0.006096
пн 0.002532 0.0 0.0
подвел 0.002532 0.0 0.0
поднял 0.002532 0.0 0.0
подобным 0.002532 4.60517 0.011659
подробнее 0.002532 0.0 0.0
позиции 0.002532 2.813411 0.007123
позиция 0.002532 4.60517 0.011659
поиск 0.002532 0.0 0.0
пока 0.002532 0.0 0.0
полезные 0.002532 0.0 0.0
политика 0.002532 0.0 0.0
политикой 0.002532 0.0 0.0
полноприводными 0.002532 0.0 0.0
пользователей 0.002532 2.65926 0.006732
пользовательской 0.002532 3.912023 0.009904
полётов 0.002532 0.0 0.0
попробовать 0.002532 0.0 0.0
популярная 0.002532 0.0 0.0
популярных 0.002532 0.0 0.0
посещать 0.002532 0.0 0.0
поэтому 0.002532 3.506558 0.008877
пояснил 0.002532 2.040221 0.005165
правила 0.002532 0.0 0.0
прайс 0.002532 0.0 0.0
превысила 0.002532 2.813411 0.007123
представлен 0.002532 0.0 0.0
прежнему 0.002532 4.60517 0.011659
преодолел 0.002532 3.218876 0.008149
прибавка 0.002532 0.0 0.0
привода 0.002532 0.0 0.0
признана 0.002532 3.506558 0.008877
приложение 0.002532 4.60517 0.011659
приложений 0.002532 3.912023 0.009904
принесло 0.002532 4.60517 0.011659
приносят 0.002532 4.60517 0.011659
принтеры 0.002532 0.0 0.0
причины 0.002532 0.0 0.0
пробизнес 0.002532 0.0 0.0
проведения 0.002532 0.0 0.0
программы 0.002532 0.0 0.0
продавать 0.002532 0.0 0.0
продажи 0.002532 0.0 0.0
продолжая 0.002532 0.0 0.0
проектов 0.002532 0.0 0.0
проекторы 0.002532 0.0 0.0
проекты 0.002532 0.0 0.0
происходят 0.002532 4.60517 0.011659
пролить 0.002532 0.0 0.0
профессионального 0.002532 4.60517 0.011659
профилей 0.002532 4.60517 0.011659
процессы 0.002532 0.0 0.0
пт 0.002532 0.0 0.0
работы 0.002532 0.0 0.0
развитии 0.002532 4.60517 0.011659
развития 0.002532 2.407946 0.006096
разрабатывает 0.002532 3.218876 0.008149
рамках 0.002532 2.302585 0.005829
растёт 0.002532 3.218876 0.008149
расширение 0.002532 4.60517 0.011659
реальных 0.002532 0.0 0.0
регионах 0.002532 3.506558 0.008877
результат 0.002532 0.0 0.0
результаты 0.002532 0.0 0.0
реклама 0.002532 0.0 0.0
рекламу 0.002532 4.60517 0.011659
решает 0.002532 0.0 0.0
роли 0.002532 0.0 0.0
россии 0.002532 0.0 0.0
россияне 0.002532 0.0 0.0
рост 0.002532 0.755023 0.001911
рублей 0.002532 0.0 0.0
рынке 0.002532 2.995732 0.007584
рынок 0.002532 0.0 0.0
сайте 0.002532 0.0 0.0
сайтов 0.002532 4.60517 0.011659
сайты 0.002532 0.0 0.0
самая 0.002532 0.0 0.0
самолётах 0.002532 0.0 0.0
самых 0.002532 0.0 0.0
сантиметров 0.002532 0.0 0.0
сб 0.002532 0.0 0.0
сбора 0.002532 0.0 0.0
свет 0.002532 0.0 0.0
своей 0.002532 0.0 0.0
своих 0.002532 3.218876 0.008149
связи 0.002532 0.0 0.0
связь 0.002532 0.0 0.0
сегодня 0.002532 0.0 0.0
семейства 0.002532 4.60517 0.011659
серверы 0.002532 0.0 0.0
сервис 0.002532 0.0 0.0
сервисы 0.002532 0.0 0.0
сертификацию 0.002532 0.0 0.0
сети 0.002532 0.0 0.0
скоро 0.002532 0.0 0.0
сложности 0.002532 0.0 0.0
смогут 0.002532 2.65926 0.006732
снова 0.002532 0.0 0.0
советский 0.002532 0.0 0.0
соглашаетесь 0.002532 0.0 0.0
сообщила 0.002532 3.506558 0.008877
сохраняет 0.002532 2.995732 0.007584
спасти 0.002532 0.0 0.0
ср 0.002532 0.0 0.0
среда 0.002532 0.0 0.0
ссылки 0.002532 0.0 0.0
ставку 0.002532 2.813411 0.007123
стал 0.002532 0.0 0.0
стандартные 0.002532 3.912023 0.009904
стартуют 0.002532 0.0 0.0
статистика 0.002532 0.0 0.0
стать 0.002532 0.0 0.0
статьи 0.002532 0.0 0.0
стоимость 0.002532 0.0 0.0
стратегии 0.002532 3.218876 0.008149
сша 0.002532 0.0 0.0
сьюзан 0.002532 4.60517 0.011659
тайконавты 0.002532 0.0 0.0
тв 0.002532 0.0 0.0
теги 0.002532 0.0 0.0
текст 0.002532 0.0 0.0
тестирует 0.002532 2.65926 0.006732
технический 0.002532 0.0 0.0
топ 0.002532 0.0 0.0
трёх 0.002532 2.207275 0.005588
тыс 0.002532 0.0 0.0
убрали 0.002532 0.0 0.0
укрепить 0.002532 3.912023 0.009904
упасть 0.002532 0.0 0.0
управление 0.002532 2.525729 0.006394
усиление 0.002532 4.60517 0.011659
усиливает 0.002532 2.65926 0.006732
ускорился 0.002532 4.60517 0.011659
устройства 0.002532 0.0 0.0
ученым 0.002532 0.0 0.0
файлы 0.002532 0.0 0.0
финансовый 0.002532 3.506558 0.008877
флагманского 0.002532 0.0 0.0
фокус 0.002532 2.525729 0.006394
фото 0.002532 0.0 0.0
фундаментальные 0.002532 0.0 0.0
функций 0.002532 3.912023 0.009904
хитом 0.002532 0.0 0.0
ходе 0.002532 2.65926 0.006732
цены 0.002532 0.0 0.0
цукерберг 0.002532 4.60517 0.011659
части 0.002532 0.0 0.0
часть 0.002532 2.407946 0.006096
чат 0.002532 1.049822 0.002658
чатах 0.002532 4.60517 0.011659
человек 0.002532 0.0 0.0
человека 0.002532 0.0 0.0
чт 0.002532 0.0 0.0
эксперимент 0.002532 1.832581 0.004639
экспорт 0.002532 0.0 0.0
экстремистской 0.002532 3.912023 0.009904
эмбрионы 0.002532 0.0 0.0
южной 0.002532 0.0 0.0
