авиалайнера 0.003215 0.0 0.0
австралии 0.003215 0.0 0.0
авто 0.003215 0.0 0.0
автоваз 0.003215 0.0 0.0
автоматом 0.003215 0.0 0.0
автомобиль 0.003215 2.525729 0.008121
автомобилях 0.003215 4.60517 0.014808
автопроизводителя 0.003215 0.0 0.0
автор 0.003215 0.0 0.0
авторы 0.003215 0.0 0.0
администрацией 0.003215 0.0 0.0
адрес 0.003215 0.0 0.0
активное 0.003215 3.506558 0.011275
америке 0.003215 0.0 0.0
аналитики 0.003215 0.0 0.0
аналогичными 0.003215 4.60517 0.014808
белка 0.003215 0.0 0.0
беспроцентного 0.003215 4.60517 0.014808
бестселлеры 0.003215 3.506558 0.011275
биологические 0.003215 0.0 0.0
биологических 0.003215 0.0 0.0
ближнем 0.003215 0.0 0.0
блоги 0.003215 0.0 0.0
будут 0.003215 0.0 0.0
быстро 0.003215 0.0 0.0
весом 0.003215 0.0 0.0
взнос 0.003215 4.60517 0.014808
видео 0.003215 0.0 0.0
видеокарты 0.003215 0.0 0.0
внедорожники 0.003215 0.0 0.0
внедрение 0.003215 2.813411 0.009046
возможностью 0.003215 3.506558 0.011275
войти 0.003215 0.0 0.0
востоке 0.003215 0.0 0.0
вс 0.003215 0.0 0.0
всему 0.003215 0.0 0.0
вт 0.003215 0.0 0.0
входят 0.003215 0.0 0.0
выбрать 0.003215 3.912023 0.012579
выделите 0.003215 0.0 0.0
выходит 0.003215 0.0 0.0
гарантией 0.003215 3.506558 0.011275
гарантию 0.003215 3.912023 0.012579
генеративный 0.003215 3.218876 0.01035
главную 0.003215 0.0 0.0
года 0.003215 0.0 0.0
дании 0.003215 2.995732 0.009633
данные 0.003215 0.0 0.0
данный 0.003215 0.0 0.0
данных 0.003215 0.0 0.0
двигатели 0.003215 0.0 0.0
двигатель 0.003215 0.0 0.0
двух 0.003215 0.0 0.0
двухлетнее 0.003215 3.506558 0.011275
действует 0.003215 2.813411 0.009046
дизайн 0.003215 0.0 0.0
директор 0.003215 0.0 0.0
диски 0.003215 3.218876 0.01035
долларов 0.003215 0.0 0.0
дом 0.003215 0.0 0.0
доставили 0.003215 0.0 0.0
достигает 0.003215 0.0 0.0
доступен 0.003215 2.65926 0.008551
дюймовые 0.003215 3.506558 0.011275
завершат 0.003215 0.0 0.0
занятость 0.003215 3.506558 0.011275
зарплаты 0.003215 3.506558 0.011275
защиты 0.003215 0.0 0.0
земле 0.003215 0.0 0.0
земли 0.003215 0.0 0.0
зонд 0.003215 0.0 0.0
зонда 0.003215 0.0 0.0
игры 0.003215 0.0 0.0
ии 0.003215 0.0 0.0
илона 0.003215 2.207275 0.007097
инновационный 0.003215 0.0 0.0
инсультом 0.003215 3.506558 0.011275
информации 0.003215 0.0 0.0
использования 0.003215 0.0 0.0
исследование 0.003215 2.120264 0.006818
исследований 0.003215 0.0 0.0
источник 0.003215 0.0 0.0
календарь 0.003215 0.0 0.0
категории 0.003215 0.0 0.0
кг 0.003215 0.0 0.0
километров 0.003215 0.0 0.0
китае 0.003215 2.302585 0.007404
китайской 0.003215 3.506558 0.011275
классическим 0.003215 0.0 0.0
клон 0.003215 0.0 0.0
км 0.003215 1.309333 0.00421
комментирования 0.003215 0.0 0.0
компании 0.003215 1.347074 0.004331
компания 0.003215 0.820981 0.00264
комфортный 0.003215 0.0 0.0
конференция 0.003215 0.0 0.0
корее 0.003215 0.0 0.0
корпуса 0.003215 0.0 0.0
космос 0.003215 0.0 0.0
космоса 0.003215 0.0 0.0
которая 0.003215 1.560648 0.005018
которое 0.003215 2.525729 0.008121
которые 0.003215 1.309333 0.00421
кредита 0.003215 4.60517 0.014808
кредитования 0.003215 4.60517 0.014808
кроссовера 0.003215 0.0 0.0
кроссоверы 0.003215 0.0 0.0
кубических 0.003215 0.0 0.0
куки 0.003215 0.0 0.0
лет 0.003215 0.0 0.0
летать 0.003215 0.0 0.0
лету 0.003215 0.0 0.0
листа 0.003215 0.0 0.0
людям 0.003215 3.506558 0.011275
мае 0.003215 0.0 0.0
май 0.003215 0.0 0.0
марка 0.003215 0.0 0.0
маска 0.003215 2.207275 0.007097
материалов 0.003215 0.0 0.0
машину 0.003215 0.0 0.0
мая 0.003215 0.0 0.0
межпланетный 0.003215 0.0 0.0
меняет 0.003215 0.0 0.0
метрового 0.003215 0.0 0.0
миллионов 0.003215 0.0 0.0
минимальный 0.003215 3.912023 0.012579
миру 0.003215 0.0 0.0
мобильные 0.003215 0.0 0.0
могут 0.003215 0.0 0.0
моделей 0.003215 2.120264 0.006818
мозга 0.003215 3.218876 0.01035
момент 0.003215 0.0 0.0
мониторы 0.003215 0.0 0.0
мотобрендов 0.003215 0.0 0.0
мотоциклов 0.003215 0.0 0.0
мс 0.003215 0.0 0.0
мультимедиа 0.003215 0.0 0.0
нажмите 0.003215 0.0 0.0
назвал 0.003215 0.0 0.0
названием 0.003215 0.0 0.0
нашей 0.003215 0.0 0.0
наши 0.003215 0.0 0.0
нашли 0.003215 0.0 0.0
неделе 0.003215 2.995732 0.009633
низкой 0.003215 2.995732 0.009633
новости 0.003215 0.0 0.0
новые 0.003215 0.0 0.0
новый 0.003215 0.0 0.0
носители 0.003215 0.0 0.0
ноутбуки 0.003215 0.0 0.0
нужны 0.003215 0.0 0.0
обзоры 0.003215 0.0 0.0
обработки 0.003215 0.0 0.0
образцы 0.003215 0.0 0.0
объявлена 0.003215 0.0 0.0
одноклассник 0.003215 0.0 0.0
орбите 0.003215 0.0 0.0
ос 0.003215 0.0 0.0
отдадут 0.003215 0.0 0.0
отечественного 0.003215 0.0 0.0
отказа 0.003215 0.0 0.0
отказались 0.003215 0.0 0.0
отключили 0.003215 0.0 0.0
официально 0.003215 1.966113 0.006322
официальных 0.003215 4.60517 0.014808
очень 0.003215 0.0 0.0
ошибку 0.003215 0.0 0.0
параличом 0.003215 3.218876 0.01035
первоначальный 0.003215 4.60517 0.014808
переднего 0.003215 0.0 0.0
период 0.003215 0.0 0.0
периферия 0.003215 0.0 0.0
персональные 0.003215 0.0 0.0
персональных 0.003215 0.0 0.0
пиар 0.003215 0.0 0.0
пк 0.003215 0.0 0.0
планшеты 0.003215 0.0 0.0
платформа 0.003215 0.0 0.0
пн 0.003215 0.0 0.0
повлиял 0.003215 3.506558 0.011275
повреждением 0.003215 2.995732 0.009633
подвел 0.003215 0.0 0.0
подножки 0.003215 4.60517 0.014808
поднял 0.003215 0.0 0.0
подробнее 0.003215 0.0 0.0
подробности 0.003215 2.65926 0.008551
поиск 0.003215 0.0 0.0
пока 0.003215 0.0 0.0
показало 0.003215 2.813411 0.009046
покупатели 0.003215 3.912023 0.012579
покупку 0.003215 4.60517 0.014808
полезные 0.003215 0.0 0.0
политика 0.003215 0.0 0.0
политикой 0.003215 0.0 0.0
полноприводными 0.003215 0.0 0.0
получают 0.003215 3.218876 0.01035
получил 0.003215 1.514128 0.004869
получить 0.003215 2.995732 0.009633
полётов 0.003215 0.0 0.0
поможет 0.003215 2.995732 0.009633
попробовать 0.003215 0.0 0.0
популярная 0.003215 0.0 0.0
популярных 0.003215 0.0 0.0
посещать 0.003215 0.0 0.0
поставлены 0.003215 4.60517 0.014808
правила 0.003215 0.0 0.0
прайс 0.003215 0.0 0.0
предлагает 0.003215 2.120264 0.006818
предложение 0.003215 3.912023 0.012579
представлен 0.003215 0.0 0.0
прибавка 0.003215 0.0 0.0
привода 0.003215 0.0 0.0
принтеры 0.003215 0.0 0.0
причины 0.003215 0.0 0.0
пробизнес 0.003215 0.0 0.0
проведения 0.003215 0.0 0.0
программы 0.003215 0.0 0.0
продавать 0.003215 0.0 0.0
продажи 0.003215 0.0 0.0
продолжая 0.003215 0.0 0.0
проектов 0.003215 0.0 0.0
проекторы 0.003215 0.0 0.0
проекты 0.003215 0.0 0.0
пролить 0.003215 0.0 0.0
процессы 0.003215 0.0 0.0
пт 0.003215 0.0 0.0
публиковали 0.003215 4.60517 0.014808
пять 0.003215 2.995732 0.009633
работы 0.003215 0.0 0.0
распродает 0.003215 3.506558 0.011275
реальных 0.003215 0.0 0.0
революционного 0.003215 3.506558 0.011275
результаты 0.003215 0.0 0.0
реклама 0.003215 0.0 0.0
решает 0.003215 0.0 0.0
россии 0.003215 0.0 0.0
россию 0.003215 3.506558 0.011275
россияне 0.003215 0.0 0.0
рублей 0.003215 0.0 0.0
рынок 0.003215 0.0 0.0
сайте 0.003215 0.0 0.0
сайты 0.003215 0.0 0.0
самая 0.003215 0.0 0.0
самолётах 0.003215 0.0 0.0
самых 0.003215 0.0 0.0
сантиметров 0.003215 0.0 0.0
сб 0.003215 0.0 0.0
сбора 0.003215 0.0 0.0
свет 0.003215 0.0 0.0
своей 0.003215 0.0 0.0
связи 0.003215 0.0 0.0
связь 0.003215 0.0 0.0
сегодня 0.003215 0.0 0.0
серверы 0.003215 0.0 0.0
сервисы 0.003215 0.0 0.0
сертификацию 0.003215 0.0 0.0
сети 0.003215 0.0 0.0
скидками 0.003215 2.813411 0.009046
скидки 0.003215 3.506558 0.011275
скоро 0.003215 0.0 0.0
сложности 0.003215 0.0 0.0
смогут 0.003215 2.65926 0.008551
снова 0.003215 0.0 0.0
советский 0.003215 0.0 0.0
соглашаетесь 0.003215 0.0 0.0
составляет 0.003215 2.407946 0.007743
спасти 0.003215 0.0 0.0
специальные 0.003215 4.60517 0.014808
спинного 0.003215 3.218876 0.01035
ср 0.003215 0.0 0.0
среда 0.003215 0.0 0.0
ссылки 0.003215 0.0 0.0
ставкой 0.003215 4.60517 0.014808
стал 0.003215 0.0 0.0
стартуют 0.003215 0.0 0.0
статистика 0.003215 0.0 0.0
статус 0.003215 2.995732 0.009633
статьи 0.003215 0.0 0.0
стоимость 0.003215 0.0 0.0
сша 0.003215 0.0 0.0
тайконавты 0.003215 0.0 0.0
тв 0.003215 0.0 0.0
теги 0.003215 0.0 0.0
текст 0.003215 0.0 0.0
технический 0.003215 0.0 0.0
топ 0.003215 0.0 0.0
трех 0.003215 3.218876 0.01035
тыс 0.003215 0.0 0.0
убрали 0.003215 0.0 0.0
упасть 0.003215 0.0 0.0
условия 0.003215 1.560648 0.005018
условиями 0.003215 4.60517 0.014808
устройства 0.003215 0.0 0.0
ученым 0.003215 0.0 0.0
файлы 0.003215 0.0 0.0
флагманского 0.003215 0.0 0.0
фото 0.003215 0.0 0.0
фундаментальные 0.003215 0.0 0.0
хитом 0.003215 0.0 0.0
цветы 0.003215 4.60517 0.014808
цены 0.003215 0.0 0.0
церебральным 0.003215 3.506558 0.011275
части 0.003215 0.0 0.0
человека 0.003215 0.0 0.0
чип 0.003215 1.966113 0.006322
чт 0.003215 0.0 0.0
экспорт 0.003215 0.0 0.0
электрические 0.003215 3.218876 0.01035
электрокомпоненты 0.003215 4.60517 0.014808
эмбрионы 0.003215 0.0 0.0
южной 0.003215 0.0 0.0
