авиалайнера 0.003145 0.0 0.0
австралии 0.003145 0.0 0.0
авто 0.003145 0.0 0.0
автоваз 0.003145 0.0 0.0
автозавода 0.003145 4.60517 0.014482
автоматом 0.003145 0.0 0.0
автомобили 0.003145 1.966113 0.006183
автомобиль 0.003145 2.525729 0.007943
автопроизводителя 0.003145 0.0 0.0
автор 0.003145 0.0 0.0
авторы 0.003145 0.0 0.0
администрацией 0.003145 0.0 0.0
адрес 0.003145 0.0 0.0
америке 0.003145 0.0 0.0
аналитики 0.003145 0.0 0.0
апреля 0.003145 1.966113 0.006183
белка 0.003145 0.0 0.0
биологические 0.003145 0.0 0.0
биологических 0.003145 0.0 0.0
ближнем 0.003145 0.0 0.0
блоги 0.003145 0.0 0.0
будут 0.003145 0.0 0.0
быстро 0.003145 0.0 0.0
вариант 0.003145 2.995732 0.009421
вариатором 0.003145 3.912023 0.012302
версии 0.003145 1.714798 0.005392
версий 0.003145 3.912023 0.012302
весом 0.003145 0.0 0.0
видео 0.003145 0.0 0.0
видеокарты 0.003145 0.0 0.0
внедорожники 0.003145 0.0 0.0
войти 0.003145 0.0 0.0
волжского 0.003145 4.60517 0.014482
вопросом 0.003145 2.995732 0.009421
востоке 0.003145 0.0 0.0
вс 0.003145 0.0 0.0
всему 0.003145 0.0 0.0
вт 0.003145 0.0 0.0
входят 0.003145 0.0 0.0
выделите 0.003145 0.0 0.0
выпускаемых 0.003145 4.60517 0.014482
выпускается 0.003145 3.912023 0.012302
выпускаются 0.003145 4.60517 0.014482
выходит 0.003145 0.0 0.0
гамму 0.003145 4.60517 0.014482
глава 0.003145 2.813411 0.008847
главную 0.003145 0.0 0.0
года 0.003145 0.0 0.0
данные 0.003145 0.0 0.0
данный 0.003145 0.0 0.0
данных 0.003145 0.0 0.0
двигателем 0.003145 3.218876 0.010122
двигатели 0.003145 0.0 0.0
двигатель 0.003145 0.0 0.0
двигателями 0.003145 2.65926 0.008362
двух 0.003145 0.0 0.0
деградирует 0.003145 3.506558 0.011027
дизайн 0.003145 0.0 0.0
директор 0.003145 0.0 0.0
долларов 0.003145 0.0 0.0
дом 0.003145 0.0 0.0
дорогие 0.003145 3.912023 0.012302
дорогих 0.003145 3.912023 0.012302
доставили 0.003145 0.0 0.0
достигает 0.003145 0.0 0.0
других 0.003145 2.040221 0.006416
ещё 0.003145 1.89712 0.005966
завершат 0.003145 0.0 0.0
запуск 0.003145 1.272966 0.004003
защиты 0.003145 0.0 0.0
земле 0.003145 0.0 0.0
земли 0.003145 0.0 0.0
зонд 0.003145 0.0 0.0
зонда 0.003145 0.0 0.0
игры 0.003145 0.0 0.0
инновационный 0.003145 0.0 0.0
информации 0.003145 0.0 0.0
исполнении 0.003145 3.912023 0.012302
исполнения 0.003145 3.912023 0.012302
исполнениях 0.003145 3.912023 0.012302
использования 0.003145 0.0 0.0
исследований 0.003145 0.0 0.0
источник 0.003145 0.0 0.0
календарь 0.003145 0.0 0.0
категории 0.003145 0.0 0.0
кг 0.003145 0.0 0.0
километров 0.003145 0.0 0.0
китайскими 0.003145 4.60517 0.014482
классическим 0.003145 0.0 0.0
клон 0.003145 0.0 0.0
количества 0.003145 3.912023 0.012302
комментирования 0.003145 0.0 0.0
комплектации 0.003145 2.65926 0.008362
комфортный 0.003145 0.0 0.0
конвейере 0.003145 4.60517 0.014482
конференция 0.003145 0.0 0.0
конце 0.003145 2.207275 0.006941
корее 0.003145 0.0 0.0
коробками 0.003145 4.60517 0.014482
корпуса 0.003145 0.0 0.0
корпусе 0.003145 3.218876 0.010122
космос 0.003145 0.0 0.0
космоса 0.003145 0.0 0.0
кросс 0.003145 0.0 0.0
кроссовера 0.003145 0.0 0.0
кроссоверы 0.003145 0.0 0.0
кубических 0.003145 0.0 0.0
куки 0.003145 0.0 0.0
летать 0.003145 0.0 0.0
лету 0.003145 0.0 0.0
линейка 0.003145 3.912023 0.012302
линейку 0.003145 4.60517 0.014482
листа 0.003145 0.0 0.0
мае 0.003145 0.0 0.0
май 0.003145 0.0 0.0
майский 0.003145 3.506558 0.011027
марка 0.003145 0.0 0.0
материалов 0.003145 0.0 0.0
машин 0.003145 0.0 0.0
машину 0.003145 0.0 0.0
машины 0.003145 1.771957 0.005572
мая 0.003145 0.0 0.0
межпланетный 0.003145 0.0 0.0
меньше 0.003145 2.407946 0.007572
меняет 0.003145 0.0 0.0
метрового 0.003145 0.0 0.0
механикой 0.003145 4.60517 0.014482
миллионов 0.003145 0.0 0.0
минимума 0.003145 3.506558 0.011027
миру 0.003145 0.0 0.0
млн 0.003145 1.108663 0.003486
мобильные 0.003145 0.0 0.0
могут 0.003145 0.0 0.0
момент 0.003145 0.0 0.0
мониторы 0.003145 0.0 0.0
мотобрендов 0.003145 0.0 0.0
мотоциклов 0.003145 0.0 0.0
мощь 0.003145 1.89712 0.005966
мп 0.003145 0.235722 0.000741
мс 0.003145 0.0 0.0
мультимедиа 0.003145 0.0 0.0
нажмите 0.003145 0.0 0.0
назвал 0.003145 0.0 0.0
названием 0.003145 0.0 0.0
наметился 0.003145 4.60517 0.014482
начале 0.003145 3.506558 0.011027
нашей 0.003145 0.0 0.0
наши 0.003145 0.0 0.0
нашли 0.003145 0.0 0.0
неполадки 0.003145 3.218876 0.010122
нецелесообразно 0.003145 3.506558 0.011027
новейшей 0.003145 3.506558 0.011027
новости 0.003145 0.0 0.0
новые 0.003145 0.0 0.0
новый 0.003145 0.0 0.0
носители 0.003145 0.0 0.0
ноутбуки 0.003145 0.0 0.0
нужны 0.003145 0.0 0.0
обзоры 0.003145 0.0 0.0
обработки 0.003145 0.0 0.0
образцы 0.003145 0.0 0.0
объявлена 0.003145 0.0 0.0
одиннадцать 0.003145 4.60517 0.014482
одной 0.003145 1.832581 0.005763
одноклассник 0.003145 0.0 0.0
орбите 0.003145 0.0 0.0
ос 0.003145 0.0 0.0
остались 0.003145 4.60517 0.014482
отдадут 0.003145 0.0 0.0
отечественного 0.003145 0.0 0.0
отказа 0.003145 0.0 0.0
отказались 0.003145 0.0 0.0
отключили 0.003145 0.0 0.0
отныне 0.003145 4.60517 0.014482
очень 0.003145 0.0 0.0
ошибку 0.003145 0.0 0.0
передач 0.003145 2.120264 0.006667
переднего 0.003145 0.0 0.0
пересматривал 0.003145 4.60517 0.014482
пересмотрели 0.003145 3.912023 0.012302
период 0.003145 0.0 0.0
периферия 0.003145 0.0 0.0
персональные 0.003145 0.0 0.0
персональных 0.003145 0.0 0.0
пиар 0.003145 0.0 0.0
пк 0.003145 0.0 0.0
планшеты 0.003145 0.0 0.0
платформа 0.003145 0.0 0.0
пн 0.003145 0.0 0.0
подвел 0.003145 0.0 0.0
поднял 0.003145 0.0 0.0
подогретые 0.003145 4.60517 0.014482
подробнее 0.003145 0.0 0.0
поиск 0.003145 0.0 0.0
пока 0.003145 0.0 0.0
полезные 0.003145 0.0 0.0
политика 0.003145 0.0 0.0
политикой 0.003145 0.0 0.0
полноприводными 0.003145 0.0 0.0
полётов 0.003145 0.0 0.0
пометка 0.003145 4.60517 0.014482
попробовать 0.003145 0.0 0.0
популярная 0.003145 0.0 0.0
популярных 0.003145 0.0 0.0
посещать 0.003145 0.0 0.0
появилась 0.003145 4.60517 0.014482
пояснил 0.003145 2.040221 0.006416
правила 0.003145 0.0 0.0
прайс 0.003145 0.0 0.0
представлен 0.003145 0.0 0.0
прибавка 0.003145 0.0 0.0
привода 0.003145 0.0 0.0
принтеры 0.003145 0.0 0.0
приподнятых 0.003145 4.60517 0.014482
причины 0.003145 0.0 0.0
пробизнес 0.003145 0.0 0.0
проведения 0.003145 0.0 0.0
программы 0.003145 0.0 0.0
продавать 0.003145 0.0 0.0
продажи 0.003145 0.0 0.0
продолжая 0.003145 0.0 0.0
проектов 0.003145 0.0 0.0
проекторы 0.003145 0.0 0.0
проекты 0.003145 0.0 0.0
производится 0.003145 4.60517 0.014482
производить 0.003145 3.912023 0.012302
производство 0.003145 2.302585 0.007241
производятся 0.003145 4.60517 0.014482
пролить 0.003145 0.0 0.0
процессы 0.003145 0.0 0.0
прошлого 0.003145 3.218876 0.010122
прошлый 0.003145 4.60517 0.014482
пт 0.003145 0.0 0.0
работать 0.003145 2.65926 0.008362
работы 0.003145 0.0 0.0
ракеты 0.003145 2.040221 0.006416
раскрыты 0.003145 3.506558 0.011027
реальных 0.003145 0.0 0.0
результаты 0.003145 0.0 0.0
реклама 0.003145 0.0 0.0
решает 0.003145 0.0 0.0
россии 0.003145 0.0 0.0
россия 0.003145 0.0 0.0
россияне 0.003145 0.0 0.0
рублей 0.003145 0.0 0.0
рынок 0.003145 0.0 0.0
сайте 0.003145 0.0 0.0
сайты 0.003145 0.0 0.0
самая 0.003145 0.0 0.0
самолётах 0.003145 0.0 0.0
самые 0.003145 2.995732 0.009421
самых 0.003145 0.0 0.0
сантиметров 0.003145 0.0 0.0
сб 0.003145 0.0 0.0
сбора 0.003145 0.0 0.0
сверхтонком 0.003145 3.506558 0.011027
свет 0.003145 0.0 0.0
своей 0.003145 0.0 0.0
связи 0.003145 0.0 0.0
связь 0.003145 0.0 0.0
сегодня 0.003145 0.0 0.0
седаны 0.003145 4.60517 0.014482
серверы 0.003145 0.0 0.0
сервисы 0.003145 0.0 0.0
сертификацию 0.003145 0.0 0.0
сети 0.003145 0.0 0.0
склад 0.003145 2.995732 0.009421
скоро 0.003145 0.0 0.0
сложности 0.003145 0.0 0.0
снова 0.003145 0.0 0.0
собираются 0.003145 4.60517 0.014482
советский 0.003145 0.0 0.0
соглашаетесь 0.003145 0.0 0.0
сократил 0.003145 2.995732 0.009421
сокращение 0.003145 3.912023 0.012302
спасти 0.003145 0.0 0.0
спецификаций 0.003145 4.60517 0.014482
ср 0.003145 0.0 0.0
среда 0.003145 0.0 0.0
ссылки 0.003145 0.0 0.0
стал 0.003145 0.0 0.0
стартуют 0.003145 0.0 0.0
статистика 0.003145 0.0 0.0
статьи 0.003145 0.0 0.0
стекло 0.003145 3.506558 0.011027
стоимость 0.003145 0.0 0.0
ступенчатой 0.003145 4.60517 0.014482
сша 0.003145 0.0 0.0
тайконавты 0.003145 0.0 0.0
тв 0.003145 0.0 0.0
теги 0.003145 0.0 0.0
текст 0.003145 0.0 0.0
технический 0.003145 0.0 0.0
титан 0.003145 2.995732 0.009421
топ 0.003145 0.0 0.0
тренд 0.003145 3.912023 0.012302
тыс 0.003145 0.0 0.0
убрали 0.003145 0.0 0.0
универсалы 0.003145 4.60517 0.014482
упасть 0.003145 0.0 0.0
устройства 0.003145 0.0 0.0
ученым 0.003145 0.0 0.0
файлы 0.003145 0.0 0.0
флагманского 0.003145 0.0 0.0
фото 0.003145 0.0 0.0
фундаментальные 0.003145 0.0 0.0
характеристики 0.003145 2.995732 0.009421
хитом 0.003145 0.0 0.0
целом 0.003145 3.912023 0.012302
цена 0.003145 1.714798 0.005392
цены 0.003145 0.0 0.0
части 0.003145 0.0 0.0
человека 0.003145 0.0 0.0
четырёх 0.003145 2.813411 0.008847
чт 0.003145 0.0 0.0
экспорт 0.003145 0.0 0.0
эмбрионы 0.003145 0.0 0.0
южной 0.003145 0.0 0.0
