авиалайнера 0.00211 0.0 0.0
австралии 0.00211 0.0 0.0
автоваз 0.00211 0.0 0.0
автоматом 0.00211 0.0 0.0
автопроизводителя 0.00211 0.0 0.0
автор 0.00211 0.0 0.0
авторы 0.00211 0.0 0.0
администрацией 0.00211 0.0 0.0
адрес 0.00211 0.0 0.0
альтман 0.00211 3.506558 0.007398
альтмана 0.00211 4.60517 0.009716
америке 0.00211 0.0 0.0
аналитики 0.00211 0.0 0.0
аналогичные 0.00211 4.60517 0.009716
аспекты 0.00211 4.60517 0.009716
баланс 0.00211 3.506558 0.007398
белка 0.00211 0.0 0.0
биологические 0.00211 0.0 0.0
биологических 0.00211 0.0 0.0
битва 0.00211 4.60517 0.009716
благо 0.00211 1.832581 0.003866
ближайшие 0.00211 2.813411 0.005935
ближнем 0.00211 0.0 0.0
блоги 0.00211 0.0 0.0
будут 0.00211 0.0 0.0
будущее 0.00211 3.218876 0.006791
быстро 0.00211 0.0 0.0
весом 0.00211 0.0 0.0
видео 0.00211 0.0 0.0
видеокарты 0.00211 0.0 0.0
вложения 0.00211 4.60517 0.009716
вложил 0.00211 4.60517 0.009716
внедорожники 0.00211 0.0 0.0
войти 0.00211 0.0 0.0
востоке 0.00211 0.0 0.0
время 0.00211 1.427116 0.003011
вс 0.00211 0.0 0.0
всему 0.00211 0.0 0.0
встречный 0.00211 4.60517 0.009716
вт 0.00211 0.0 0.0
входят 0.00211 0.0 0.0
выделите 0.00211 0.0 0.0
вызвала 0.00211 3.506558 0.007398
выступал 0.00211 4.60517 0.009716
выходит 0.00211 0.0 0.0
генеративного 0.00211 3.912023 0.008253
главную 0.00211 0.0 0.0
года 0.00211 0.0 0.0
году 0.00211 1.272966 0.002686
годы 0.00211 2.407946 0.00508
гонсалес 0.00211 4.60517 0.009716
готов 0.00211 1.237874 0.002612
графика 0.00211 3.218876 0.006791
данные 0.00211 0.0 0.0
данный 0.00211 0.0 0.0
данных 0.00211 0.0 0.0
двигатели 0.00211 0.0 0.0
двигатель 0.00211 0.0 0.0
движется 0.00211 3.506558 0.007398
двух 0.00211 0.0 0.0
действия 0.00211 3.218876 0.006791
дела 0.00211 1.203973 0.00254
дело 0.00211 3.218876 0.006791
делу 0.00211 4.60517 0.009716
джеффри 0.00211 4.60517 0.009716
дизайн 0.00211 0.0 0.0
директор 0.00211 0.0 0.0
договора 0.00211 4.60517 0.009716
договорённостей 0.00211 4.60517 0.009716
договорённостям 0.00211 4.60517 0.009716
долгое 0.00211 4.60517 0.009716
долларов 0.00211 0.0 0.0
дом 0.00211 0.0 0.0
доставили 0.00211 0.0 0.0
достаточно 0.00211 2.525729 0.005329
достигает 0.00211 0.0 0.0
завершат 0.00211 0.0 0.0
задав 0.00211 3.912023 0.008253
замедление 0.00211 4.60517 0.009716
запасом 0.00211 2.65926 0.00561
запланированного 0.00211 3.912023 0.008253
запрете 0.00211 4.60517 0.009716
запускает 0.00211 3.506558 0.007398
захвата 0.00211 3.912023 0.008253
защиты 0.00211 0.0 0.0
заявив 0.00211 3.912023 0.008253
земле 0.00211 0.0 0.0
земли 0.00211 0.0 0.0
значительные 0.00211 4.60517 0.009716
зонд 0.00211 0.0 0.0
зонда 0.00211 0.0 0.0
ивонн 0.00211 4.60517 0.009716
игры 0.00211 0.0 0.0
идеалистические 0.00211 4.60517 0.009716
изображение 0.00211 1.514128 0.003194
ии 0.00211 0.0 0.0
илон 0.00211 2.207275 0.004657
илона 0.00211 2.207275 0.004657
илоном 0.00211 4.60517 0.009716
инвестировавшая 0.00211 4.60517 0.009716
инвестиций 0.00211 3.912023 0.008253
инвестора 0.00211 4.60517 0.009716
инновационный 0.00211 0.0 0.0
интеллект 0.00211 1.966113 0.004148
интеллекта 0.00211 2.525729 0.005329
информации 0.00211 0.0 0.0
иск 0.00211 0.0 0.0
иска 0.00211 1.89712 0.004002
исковых 0.00211 3.912023 0.008253
иску 0.00211 1.771957 0.003738
искусственного 0.00211 2.525729 0.005329
использования 0.00211 0.0 0.0
исследований 0.00211 0.0 0.0
истинной 0.00211 4.60517 0.009716
источник 0.00211 0.0 0.0
исход 0.00211 2.525729 0.005329
кадр 0.00211 2.302585 0.004858
календарь 0.00211 0.0 0.0
калифорнии 0.00211 2.65926 0.00561
категории 0.00211 0.0 0.0
кг 0.00211 0.0 0.0
километров 0.00211 0.0 0.0
классическим 0.00211 0.0 0.0
клон 0.00211 0.0 0.0
ключевого 0.00211 4.60517 0.009716
ключевые 0.00211 3.912023 0.008253
км 0.00211 1.309333 0.002762
комментирования 0.00211 0.0 0.0
коммерциализацией 0.00211 4.60517 0.009716
коммерциализация 0.00211 4.60517 0.009716
коммерцию 0.00211 4.60517 0.009716
коммерческий 0.00211 3.506558 0.007398
коммерческого 0.00211 3.506558 0.007398
коммерческую 0.00211 4.60517 0.009716
компанией 0.00211 3.912023 0.008253
компании 0.00211 1.347074 0.002842
компания 0.00211 0.820981 0.001732
комфортный 0.00211 0.0 0.0
конкуренции 0.00211 3.506558 0.007398
контроль 0.00211 2.813411 0.005935
контроля 0.00211 3.218876 0.006791
конференция 0.00211 0.0 0.0
конфликт 0.00211 3.506558 0.007398
корее 0.00211 0.0 0.0
корпорацией 0.00211 4.60517 0.009716
корпораций 0.00211 3.912023 0.008253
корпуса 0.00211 0.0 0.0
космос 0.00211 0.0 0.0
космоса 0.00211 0.0 0.0
которое 0.00211 2.525729 0.005329
которые 0.00211 1.309333 0.002762
который 0.00211 1.386294 0.002925
критику 0.00211 4.60517 0.009716
кроссовера 0.00211 0.0 0.0
кроссоверы 0.00211 0.0 0.0
крупной 0.00211 4.60517 0.009716
кубических 0.00211 0.0 0.0
куки 0.00211 0.0 0.0
летать 0.00211 0.0 0.0
лету 0.00211 0.0 0.0
листа 0.00211 0.0 0.0
личного 0.00211 3.218876 0.006791
мае 0.00211 0.0 0.0
май 0.00211 0.0 0.0
марка 0.00211 0.0 0.0
март 0.00211 1.714798 0.003618
марте 0.00211 2.813411 0.005935
маск 0.00211 2.207275 0.004657
маска 0.00211 2.207275 0.004657
маском 0.00211 4.60517 0.009716
материалов 0.00211 0.0 0.0
машину 0.00211 0.0 0.0
мая 0.00211 0.0 0.0
межпланетный 0.00211 0.0 0.0
меняет 0.00211 0.0 0.0
метрового 0.00211 0.0 0.0
миллиардеров 0.00211 4.60517 0.009716
миллионов 0.00211 0.0 0.0
мир 0.00211 0.0 0.0
миру 0.00211 0.0 0.0
миссией 0.00211 3.912023 0.008253
млн 0.00211 1.108663 0.002339
млрд 0.00211 2.302585 0.004858
мнению 0.00211 3.912023 0.008253
многих 0.00211 4.60517 0.009716
мобильные 0.00211 0.0 0.0
могут 0.00211 0.0 0.0
момент 0.00211 0.0 0.0
мониторы 0.00211 0.0 0.0
мотобрендов 0.00211 0.0 0.0
мотоциклов 0.00211 0.0 0.0
мошенничестве 0.00211 4.60517 0.009716
мощностью 0.00211 1.832581 0.003866
мс 0.00211 0.0 0.0
мультимедиа 0.00211 0.0 0.0
нажмите 0.00211 0.0 0.0
назвал 0.00211 0.0 0.0
назвали 0.00211 4.60517 0.009716
названием 0.00211 0.0 0.0
направлены 0.00211 4.60517 0.009716
нарушении 0.00211 4.60517 0.009716
начало 0.00211 2.813411 0.005935
нашей 0.00211 0.0 0.0
наши 0.00211 0.0 0.0
нашли 0.00211 0.0 0.0
недобросовестной 0.00211 4.60517 0.009716
некоммерческий 0.00211 4.60517 0.009716
некоммерческим 0.00211 4.60517 0.009716
некоммерческого 0.00211 4.60517 0.009716
новости 0.00211 0.0 0.0
новые 0.00211 0.0 0.0
новый 0.00211 0.0 0.0
носители 0.00211 0.0 0.0
ноутбуки 0.00211 0.0 0.0
нужны 0.00211 0.0 0.0
обвинений 0.00211 4.60517 0.009716
обвинения 0.00211 4.60517 0.009716
обвиняет 0.00211 4.60517 0.009716
обещала 0.00211 3.912023 0.008253
обжаловать 0.00211 4.60517 0.009716
обзоры 0.00211 0.0 0.0
области 0.00211 2.120264 0.004473
обогащения 0.00211 4.60517 0.009716
обосновал 0.00211 4.60517 0.009716
обработки 0.00211 0.0 0.0
образцы 0.00211 0.0 0.0
объявлена 0.00211 0.0 0.0
одноклассник 0.00211 0.0 0.0
округа 0.00211 4.60517 0.009716
определит 0.00211 3.506558 0.007398
орбите 0.00211 0.0 0.0
организации 0.00211 3.912023 0.008253
ориентированных 0.00211 4.60517 0.009716
ос 0.00211 0.0 0.0
основанная 0.00211 4.60517 0.009716
основные 0.00211 3.506558 0.007398
основных 0.00211 3.912023 0.008253
отвергает 0.00211 4.60517 0.009716
ответ 0.00211 1.714798 0.003618
отдадут 0.00211 0.0 0.0
отечественного 0.00211 0.0 0.0
отказа 0.00211 0.0 0.0
отказалась 0.00211 4.60517 0.009716
отказались 0.00211 0.0 0.0
отклонении 0.00211 3.506558 0.007398
отклонила 0.00211 3.506558 0.007398
отключили 0.00211 0.0 0.0
открытое 0.00211 3.912023 0.008253
открытостью 0.00211 4.60517 0.009716
отметила 0.00211 2.813411 0.005935
отрасль 0.00211 3.912023 0.008253
отстаёт 0.00211 3.218876 0.006791
очень 0.00211 0.0 0.0
ошибку 0.00211 0.0 0.0
первоначальным 0.00211 4.60517 0.009716
передаст 0.00211 4.60517 0.009716
переднего 0.00211 0.0 0.0
передовыми 0.00211 4.60517 0.009716
переход 0.00211 2.120264 0.004473
переходом 0.00211 4.60517 0.009716
период 0.00211 0.0 0.0
периферия 0.00211 0.0 0.0
персональные 0.00211 0.0 0.0
персональных 0.00211 0.0 0.0
пиар 0.00211 0.0 0.0
письменного 0.00211 4.60517 0.009716
пк 0.00211 0.0 0.0
планшеты 0.00211 0.0 0.0
платформа 0.00211 0.0 0.0
пн 0.00211 0.0 0.0
победой 0.00211 4.60517 0.009716
повлиять 0.00211 3.912023 0.008253
подала 0.00211 4.60517 0.009716
поданного 0.00211 4.60517 0.009716
подвел 0.00211 0.0 0.0
поднял 0.00211 0.0 0.0
подразумеваемое 0.00211 4.60517 0.009716
подробнее 0.00211 0.0 0.0
подчеркнув 0.00211 3.912023 0.008253
подчеркнула 0.00211 2.995732 0.00632
позволяет 0.00211 1.832581 0.003866
поиск 0.00211 0.0 0.0
пока 0.00211 0.0 0.0
показаться 0.00211 3.506558 0.007398
полезные 0.00211 0.0 0.0
политика 0.00211 0.0 0.0
политикой 0.00211 0.0 0.0
полноприводными 0.00211 0.0 0.0
получить 0.00211 2.995732 0.00632
полётов 0.00211 0.0 0.0
попробовать 0.00211 0.0 0.0
популярная 0.00211 0.0 0.0
популярных 0.00211 0.0 0.0
посещать 0.00211 0.0 0.0
правила 0.00211 0.0 0.0
прайс 0.00211 0.0 0.0
превзойдут 0.00211 4.60517 0.009716
предварительном 0.00211 4.60517 0.009716
предприятия 0.00211 4.60517 0.009716
представители 0.00211 4.60517 0.009716
представлен 0.00211 0.0 0.0
преобразование 0.00211 4.60517 0.009716
претензии 0.00211 4.60517 0.009716
прецедент 0.00211 3.218876 0.006791
прибавка 0.00211 0.0 0.0
приближает 0.00211 3.506558 0.007398
прибыль 0.00211 3.912023 0.008253
привлечения 0.00211 4.60517 0.009716
привода 0.00211 0.0 0.0
принтеры 0.00211 0.0 0.0
принципы 0.00211 3.506558 0.007398
причины 0.00211 0.0 0.0
пробизнес 0.00211 0.0 0.0
проведения 0.00211 0.0 0.0
программы 0.00211 0.0 0.0
продавать 0.00211 0.0 0.0
продажи 0.00211 0.0 0.0
продолжает 0.00211 2.407946 0.00508
продолжая 0.00211 0.0 0.0
продолжиться 0.00211 4.60517 0.009716
проектами 0.00211 3.218876 0.006791
проектов 0.00211 0.0 0.0
проекторы 0.00211 0.0 0.0
проекты 0.00211 0.0 0.0
происходит 0.00211 2.995732 0.00632
прокомментировала 0.00211 4.60517 0.009716
пролить 0.00211 0.0 0.0
просьбу 0.00211 4.60517 0.009716
противоречит 0.00211 4.60517 0.009716
прохождению 0.00211 3.506558 0.007398
процесса 0.00211 3.218876 0.006791
процессы 0.00211 0.0 0.0
пт 0.00211 0.0 0.0
публичной 0.00211 4.60517 0.009716
пункты 0.00211 4.60517 0.009716
работы 0.00211 0.0 0.0
разбирательства 0.00211 4.60517 0.009716
разбирательству 0.00211 4.60517 0.009716
развитие 0.00211 3.506558 0.007398
развития 0.00211 2.407946 0.00508
разгоном 0.00211 3.506558 0.007398
разрабатывает 0.00211 3.218876 0.006791
ракеты 0.00211 2.040221 0.004304
расколол 0.00211 4.60517 0.009716
раскручиваться 0.00211 4.60517 0.009716
рассела 0.00211 4.60517 0.009716
растущей 0.00211 4.60517 0.009716
реалиями 0.00211 4.60517 0.009716
реальных 0.00211 0.0 0.0
результаты 0.00211 0.0 0.0
реклама 0.00211 0.0 0.0
решает 0.00211 0.0 0.0
решение 0.00211 2.040221 0.004304
решении 0.00211 4.60517 0.009716
роджерс 0.00211 4.60517 0.009716
россии 0.00211 0.0 0.0
россияне 0.00211 0.0 0.0
рублей 0.00211 0.0 0.0
руки 0.00211 4.60517 0.009716
рынок 0.00211 0.0 0.0
рыночными 0.00211 4.60517 0.009716
сайте 0.00211 0.0 0.0
сайты 0.00211 0.0 0.0
самая 0.00211 0.0 0.0
самолётах 0.00211 0.0 0.0
самых 0.00211 0.0 0.0
сантиметров 0.00211 0.0 0.0
сб 0.00211 0.0 0.0
сбора 0.00211 0.0 0.0
свет 0.00211 0.0 0.0
своей 0.00211 0.0 0.0
связанных 0.00211 3.912023 0.008253
связи 0.00211 0.0 0.0
связь 0.00211 0.0 0.0
северного 0.00211 4.60517 0.009716
сегодня 0.00211 0.0 0.0
секунды 0.00211 2.207275 0.004657
серверы 0.00211 0.0 0.0
сервисы 0.00211 0.0 0.0
сертификацию 0.00211 0.0 0.0
сети 0.00211 0.0 0.0
ситуацию 0.00211 3.912023 0.008253
скоро 0.00211 0.0 0.0
сложности 0.00211 0.0 0.0
смену 0.00211 2.995732 0.00632
снова 0.00211 0.0 0.0
советом 0.00211 4.60517 0.009716
советский 0.00211 0.0 0.0
соглашаетесь 0.00211 0.0 0.0
соглашение 0.00211 3.912023 0.008253
создавать 0.00211 3.218876 0.006791
создание 0.00211 2.525729 0.005329
соперничество 0.00211 4.60517 0.009716
соучредителем 0.00211 4.60517 0.009716
сохранение 0.00211 3.912023 0.008253
сохранила 0.00211 4.60517 0.009716
сохранить 0.00211 3.218876 0.006791
спасти 0.00211 0.0 0.0
способен 0.00211 2.525729 0.005329
ср 0.00211 0.0 0.0
среда 0.00211 0.0 0.0
средства 0.00211 4.60517 0.009716
ссылки 0.00211 0.0 0.0
стал 0.00211 0.0 0.0
сталкивая 0.00211 4.60517 0.009716
стартуют 0.00211 0.0 0.0
статистика 0.00211 0.0 0.0
статус 0.00211 2.995732 0.00632
статуса 0.00211 4.60517 0.009716
стать 0.00211 0.0 0.0
статьи 0.00211 0.0 0.0
стоимость 0.00211 0.0 0.0
стремящаяся 0.00211 4.60517 0.009716
структура 0.00211 3.218876 0.006791
структуру 0.00211 2.813411 0.005935
стюарта 0.00211 4.60517 0.009716
суда 0.00211 2.995732 0.00632
судебного 0.00211 4.60517 0.009716
судебному 0.00211 4.60517 0.009716
суду 0.00211 3.506558 0.007398
судья 0.00211 3.506558 0.007398
существует 0.00211 3.912023 0.008253
сфере 0.00211 3.506558 0.007398
считают 0.00211 3.218876 0.006791
сша 0.00211 0.0 0.0
сэм 0.00211 3.506558 0.007398
сэма 0.00211 4.60517 0.009716
тайконавты 0.00211 0.0 0.0
тв 0.00211 0.0 0.0
теги 0.00211 0.0 0.0
текст 0.00211 0.0 0.0
тестов 0.00211 2.65926 0.00561
технический 0.00211 0.0 0.0
технологии 0.00211 1.514128 0.003194
технологиями 0.00211 3.912023 0.008253
топ 0.00211 0.0 0.0
требование 0.00211 4.60517 0.009716
требований 0.00211 4.60517 0.009716
тыс 0.00211 0.0 0.0
убрали 0.00211 0.0 0.0
удовлетворить 0.00211 4.60517 0.009716
упасть 0.00211 0.0 0.0
управления 0.00211 2.040221 0.004304
управляемая 0.00211 4.60517 0.009716
усиливает 0.00211 2.65926 0.00561
устройства 0.00211 0.0 0.0
утверждает 0.00211 3.912023 0.008253
утверждение 0.00211 4.60517 0.009716
ученым 0.00211 0.0 0.0
файлы 0.00211 0.0 0.0
флагманского 0.00211 0.0 0.0
фоне 0.00211 3.218876 0.006791
фото 0.00211 0.0 0.0
фундаментальные 0.00211 0.0 0.0
хинтона 0.00211 4.60517 0.009716
хитом 0.00211 0.0 0.0
хода 0.00211 1.609438 0.003395
ходатайство 0.00211 3.506558 0.007398
целью 0.00211 4.60517 0.009716
цены 0.00211 0.0 0.0
части 0.00211 0.0 0.0
часто 0.00211 1.714798 0.003618
часть 0.00211 2.407946 0.00508
человека 0.00211 0.0 0.0
человеческий 0.00211 4.60517 0.009716
человечества 0.00211 3.912023 0.008253
числе 0.00211 2.525729 0.005329
чт 0.00211 0.0 0.0
экспертов 0.00211 3.912023 0.008253
эксперты 0.00211 2.813411 0.005935
экспорт 0.00211 0.0 0.0
эмбрионы 0.00211 0.0 0.0
южной 0.00211 0.0 0.0
юридическая 0.00211 4.60517 0.009716
