авиалайнера 0.003106 0.0 0.0
австралии 0.003106 0.0 0.0
авто 0.003106 0.0 0.0
автоваз 0.003106 0.0 0.0
автоматом 0.003106 0.0 0.0
автомобиль 0.003106 2.525729 0.007844
автопроизводителя 0.003106 0.0 0.0
автор 0.003106 0.0 0.0
авторы 0.003106 0.0 0.0
администрацией 0.003106 0.0 0.0
адрес 0.003106 0.0 0.0
америке 0.003106 0.0 0.0
аналитики 0.003106 0.0 0.0
багажника 0.003106 3.912023 0.012149
база 0.003106 4.60517 0.014302
белка 0.003106 0.0 0.0
бензиновым 0.003106 3.912023 0.012149
биологические 0.003106 0.0 0.0
биологических 0.003106 0.0 0.0
ближнем 0.003106 0.0 0.0
блоги 0.003106 0.0 0.0
будут 0.003106 0.0 0.0
быстро 0.003106 0.0 0.0
бьют 0.003106 2.302585 0.007151
весом 0.003106 0.0 0.0
видео 0.003106 0.0 0.0
видеокарты 0.003106 0.0 0.0
включает 0.003106 2.525729 0.007844
внедорожники 0.003106 0.0 0.0
возможностью 0.003106 3.506558 0.01089
войти 0.003106 0.0 0.0
волгу 0.003106 3.506558 0.01089
востоке 0.003106 0.0 0.0
вращение 0.003106 2.65926 0.008259
вс 0.003106 0.0 0.0
всему 0.003106 0.0 0.0
вт 0.003106 0.0 0.0
входят 0.003106 0.0 0.0
выделите 0.003106 0.0 0.0
выпуска 0.003106 2.407946 0.007478
выходит 0.003106 0.0 0.0
габариты 0.003106 3.912023 0.012149
газ 0.003106 2.995732 0.009304
главную 0.003106 0.0 0.0
глянцевую 0.003106 4.60517 0.014302
года 0.003106 0.0 0.0
данные 0.003106 0.0 0.0
данный 0.003106 0.0 0.0
данных 0.003106 0.0 0.0
двигатели 0.003106 0.0 0.0
двигатель 0.003106 0.0 0.0
двух 0.003106 0.0 0.0
диагональю 0.003106 3.912023 0.012149
дизайн 0.003106 0.0 0.0
дилера 0.003106 3.506558 0.01089
директор 0.003106 0.0 0.0
диски 0.003106 3.218876 0.009997
долларов 0.003106 0.0 0.0
дом 0.003106 0.0 0.0
дороже 0.003106 3.506558 0.01089
доставили 0.003106 0.0 0.0
достигает 0.003106 0.0 0.0
доступен 0.003106 2.65926 0.008259
дюйма 0.003106 3.912023 0.012149
дюймовые 0.003106 3.506558 0.01089
дюймовым 0.003106 3.506558 0.01089
завершат 0.003106 0.0 0.0
заднего 0.003106 4.60517 0.014302
замедлил 0.003106 3.506558 0.01089
защиты 0.003106 0.0 0.0
земле 0.003106 0.0 0.0
земли 0.003106 0.0 0.0
зеркал 0.003106 3.506558 0.01089
зонд 0.003106 0.0 0.0
зонда 0.003106 0.0 0.0
игры 0.003106 0.0 0.0
изменил 0.003106 2.813411 0.008737
инновационный 0.003106 0.0 0.0
информации 0.003106 0.0 0.0
использования 0.003106 0.0 0.0
исследований 0.003106 0.0 0.0
источник 0.003106 0.0 0.0
календарь 0.003106 0.0 0.0
категории 0.003106 0.0 0.0
кг 0.003106 0.0 0.0
километров 0.003106 0.0 0.0
китай 0.003106 1.171183 0.003637
классическим 0.003106 0.0 0.0
климат 0.003106 2.995732 0.009304
клон 0.003106 0.0 0.0
колёсная 0.003106 4.60517 0.014302
комментирования 0.003106 0.0 0.0
комплектации 0.003106 2.65926 0.008259
комплектация 0.003106 2.995732 0.009304
комфортный 0.003106 0.0 0.0
контроль 0.003106 2.813411 0.008737
конференция 0.003106 0.0 0.0
корее 0.003106 0.0 0.0
корпуса 0.003106 0.0 0.0
космос 0.003106 0.0 0.0
космоса 0.003106 0.0 0.0
кроссовер 0.003106 0.0 0.0
кроссовера 0.003106 0.0 0.0
кроссоверы 0.003106 0.0 0.0
крышки 0.003106 4.60517 0.014302
кубических 0.003106 0.0 0.0
куки 0.003106 0.0 0.0
летать 0.003106 0.0 0.0
лету 0.003106 0.0 0.0
листа 0.003106 0.0 0.0
литровым 0.003106 3.218876 0.009997
лобового 0.003106 4.60517 0.014302
мае 0.003106 0.0 0.0
май 0.003106 0.0 0.0
марка 0.003106 0.0 0.0
материалов 0.003106 0.0 0.0
машину 0.003106 0.0 0.0
машины 0.003106 1.771957 0.005503
мая 0.003106 0.0 0.0
медиасистему 0.003106 4.60517 0.014302
межпланетный 0.003106 0.0 0.0
меняет 0.003106 0.0 0.0
метрового 0.003106 0.0 0.0
миллионов 0.003106 0.0 0.0
миру 0.003106 0.0 0.0
млн 0.003106 1.108663 0.003443
мобильные 0.003106 0.0 0.0
могут 0.003106 0.0 0.0
момент 0.003106 0.0 0.0
мониторы 0.003106 0.0 0.0
мотобрендов 0.003106 0.0 0.0
мотором 0.003106 3.218876 0.009997
мотоциклов 0.003106 0.0 0.0
мощностью 0.003106 1.832581 0.005691
мс 0.003106 0.0 0.0
мультимедиа 0.003106 0.0 0.0
нажмите 0.003106 0.0 0.0
назвал 0.003106 0.0 0.0
названием 0.003106 0.0 0.0
нашей 0.003106 0.0 0.0
наши 0.003106 0.0 0.0
нашли 0.003106 0.0 0.0
новости 0.003106 0.0 0.0
новые 0.003106 0.0 0.0
новый 0.003106 0.0 0.0
носители 0.003106 0.0 0.0
ноутбуки 0.003106 0.0 0.0
нужны 0.003106 0.0 0.0
обзоры 0.003106 0.0 0.0
обработки 0.003106 0.0 0.0
образцы 0.003106 0.0 0.0
объявлена 0.003106 0.0 0.0
объём 0.003106 3.218876 0.009997
одноклассник 0.003106 0.0 0.0
оказался 0.003106 3.506558 0.01089
орбите 0.003106 0.0 0.0
ос 0.003106 0.0 0.0
оснащение 0.003106 2.995732 0.009304
оснащён 0.003106 2.813411 0.008737
отдадут 0.003106 0.0 0.0
отделку 0.003106 4.60517 0.014302
отечественного 0.003106 0.0 0.0
отказа 0.003106 0.0 0.0
отказались 0.003106 0.0 0.0
отключили 0.003106 0.0 0.0
очень 0.003106 0.0 0.0
ошибку 0.003106 0.0 0.0
панель 0.003106 2.995732 0.009304
паре 0.003106 4.60517 0.014302
переднего 0.003106 0.0 0.0
передний 0.003106 3.506558 0.01089
период 0.003106 0.0 0.0
периферия 0.003106 0.0 0.0
персональные 0.003106 0.0 0.0
персональных 0.003106 0.0 0.0
петербурге 0.003106 4.60517 0.014302
пиар 0.003106 0.0 0.0
пк 0.003106 0.0 0.0
планеты 0.003106 2.302585 0.007151
планшеты 0.003106 0.0 0.0
платформа 0.003106 0.0 0.0
пн 0.003106 0.0 0.0
подвел 0.003106 0.0 0.0
поддержкой 0.003106 3.218876 0.009997
поднял 0.003106 0.0 0.0
подогрев 0.003106 3.912023 0.012149
подробнее 0.003106 0.0 0.0
поиск 0.003106 0.0 0.0
пока 0.003106 0.0 0.0
поколения 0.003106 2.995732 0.009304
полезные 0.003106 0.0 0.0
политика 0.003106 0.0 0.0
политикой 0.003106 0.0 0.0
полного 0.003106 3.506558 0.01089
полноприводный 0.003106 4.60517 0.014302
полноприводными 0.003106 0.0 0.0
полным 0.003106 2.995732 0.009304
полётов 0.003106 0.0 0.0
попробовать 0.003106 0.0 0.0
популярная 0.003106 0.0 0.0
популярных 0.003106 0.0 0.0
посещать 0.003106 0.0 0.0
поставляли 0.003106 3.506558 0.01089
правила 0.003106 0.0 0.0
прайс 0.003106 0.0 0.0
представлен 0.003106 0.0 0.0
прибавка 0.003106 0.0 0.0
приборов 0.003106 3.912023 0.012149
привод 0.003106 0.0 0.0
привода 0.003106 0.0 0.0
приводом 0.003106 2.525729 0.007844
принтеры 0.003106 0.0 0.0
причины 0.003106 0.0 0.0
пробизнес 0.003106 0.0 0.0
проведения 0.003106 0.0 0.0
программы 0.003106 0.0 0.0
продавать 0.003106 0.0 0.0
продажи 0.003106 0.0 0.0
продают 0.003106 2.813411 0.008737
продолжая 0.003106 0.0 0.0
проектов 0.003106 0.0 0.0
проекторы 0.003106 0.0 0.0
проекты 0.003106 0.0 0.0
пролить 0.003106 0.0 0.0
просят 0.003106 3.506558 0.01089
процессы 0.003106 0.0 0.0
пт 0.003106 0.0 0.0
пятого 0.003106 4.60517 0.014302
работы 0.003106 0.0 0.0
радиатора 0.003106 3.506558 0.01089
реальных 0.003106 0.0 0.0
результаты 0.003106 0.0 0.0
реклама 0.003106 0.0 0.0
решает 0.003106 0.0 0.0
решётки 0.003106 4.60517 0.014302
роботом 0.003106 3.912023 0.012149
россии 0.003106 0.0 0.0
россия 0.003106 0.0 0.0
россияне 0.003106 0.0 0.0
рублей 0.003106 0.0 0.0
руля 0.003106 3.912023 0.012149
рынок 0.003106 0.0 0.0
сайте 0.003106 0.0 0.0
сайты 0.003106 0.0 0.0
самая 0.003106 0.0 0.0
самолётах 0.003106 0.0 0.0
самых 0.003106 0.0 0.0
санкт 0.003106 4.60517 0.014302
сантиметров 0.003106 0.0 0.0
сб 0.003106 0.0 0.0
сбора 0.003106 0.0 0.0
свет 0.003106 0.0 0.0
своей 0.003106 0.0 0.0
связи 0.003106 0.0 0.0
связь 0.003106 0.0 0.0
сегодня 0.003106 0.0 0.0
серверы 0.003106 0.0 0.0
сервисы 0.003106 0.0 0.0
сертификацию 0.003106 0.0 0.0
сети 0.003106 0.0 0.0
сиденья 0.003106 3.218876 0.009997
скоро 0.003106 0.0 0.0
сложить 0.003106 4.60517 0.014302
сложности 0.003106 0.0 0.0
снова 0.003106 0.0 0.0
советский 0.003106 0.0 0.0
соглашаетесь 0.003106 0.0 0.0
составляют 0.003106 3.912023 0.012149
спасти 0.003106 0.0 0.0
спинку 0.003106 4.60517 0.014302
ср 0.003106 0.0 0.0
сравнения 0.003106 3.506558 0.01089
среда 0.003106 0.0 0.0
ссылки 0.003106 0.0 0.0
стал 0.003106 0.0 0.0
стартовали 0.003106 4.60517 0.014302
стартуют 0.003106 0.0 0.0
статистика 0.003106 0.0 0.0
статьи 0.003106 0.0 0.0
стекла 0.003106 3.912023 0.012149
стоимость 0.003106 0.0 0.0
стоит 0.003106 1.966113 0.006106
ступенчатым 0.003106 2.995732 0.009304
сша 0.003106 0.0 0.0
тайконавты 0.003106 0.0 0.0
такие 0.003106 1.714798 0.005325
тв 0.003106 0.0 0.0
теги 0.003106 0.0 0.0
текст 0.003106 0.0 0.0
технический 0.003106 0.0 0.0
топ 0.003106 0.0 0.0
тревогу 0.003106 3.218876 0.009997
турбомотором 0.003106 3.506558 0.01089
тыс 0.003106 0.0 0.0
убрали 0.003106 0.0 0.0
увеличения 0.003106 3.506558 0.01089
универсал 0.003106 2.207275 0.006855
универсала 0.003106 3.912023 0.012149
уникальную 0.003106 3.218876 0.009997
упасть 0.003106 0.0 0.0
устройства 0.003106 0.0 0.0
ученым 0.003106 0.0 0.0
файлы 0.003106 0.0 0.0
флагманского 0.003106 0.0 0.0
форму 0.003106 2.65926 0.008259
фото 0.003106 0.0 0.0
фундаментальные 0.003106 0.0 0.0
хитом 0.003106 0.0 0.0
хорошее 0.003106 4.60517 0.014302
цены 0.003106 0.0 0.0
цифровую 0.003106 3.912023 0.012149
части 0.003106 0.0 0.0
человека 0.003106 0.0 0.0
четырёхзонный 0.003106 4.60517 0.014302
чт 0.003106 0.0 0.0
чёрную 0.003106 4.60517 0.014302
шведский 0.003106 3.506558 0.01089
экраном 0.003106 3.506558 0.01089
экспорт 0.003106 0.0 0.0
электропривод 0.003106 3.912023 0.012149
эмбрионы 0.003106 0.0 0.0
южной 0.003106 0.0 0.0
