авиалайнера 0.003205 0.0 0.0
австралии 0.003205 0.0 0.0
автоваз 0.003205 0.0 0.0
автоматом 0.003205 0.0 0.0
автопроизводителя 0.003205 0.0 0.0
автор 0.003205 0.0 0.0
авторы 0.003205 0.0 0.0
администрацией 0.003205 0.0 0.0
адрес 0.003205 0.0 0.0
америке 0.003205 0.0 0.0
аналитики 0.003205 0.0 0.0
белка 0.003205 0.0 0.0
биологические 0.003205 0.0 0.0
биологических 0.003205 0.0 0.0
ближнем 0.003205 0.0 0.0
блоги 0.003205 0.0 0.0
будут 0.003205 0.0 0.0
быстро 0.003205 0.0 0.0
важно 0.003205 2.120264 0.006796
весом 0.003205 0.0 0.0
видео 0.003205 0.0 0.0
видеокарты 0.003205 0.0 0.0
внедорожники 0.003205 0.0 0.0
войти 0.003205 0.0 0.0
востоке 0.003205 0.0 0.0
вс 0.003205 0.0 0.0
всему 0.003205 0.0 0.0
вт 0.003205 0.0 0.0
входят 0.003205 0.0 0.0
выделите 0.003205 0.0 0.0
выходит 0.003205 0.0 0.0
выше 0.003205 1.609438 0.005158
германии 0.003205 2.995732 0.009602
главную 0.003205 0.0 0.0
говорили 0.003205 4.60517 0.01476
говорить 0.003205 4.60517 0.01476
года 0.003205 0.0 0.0
данные 0.003205 0.0 0.0
данный 0.003205 0.0 0.0
данных 0.003205 0.0 0.0
двигатели 0.003205 0.0 0.0
двигатель 0.003205 0.0 0.0
двух 0.003205 0.0 0.0
дефиците 0.003205 4.60517 0.01476
дешеветь 0.003205 4.60517 0.01476
дизайн 0.003205 0.0 0.0
директор 0.003205 0.0 0.0
долларов 0.003205 0.0 0.0
дом 0.003205 0.0 0.0
доставили 0.003205 0.0 0.0
достигает 0.003205 0.0 0.0
доступны 0.003205 2.407946 0.007718
евро 0.003205 2.040221 0.006539
европе 0.003205 2.65926 0.008523
её 0.003205 1.203973 0.003859
завершат 0.003205 0.0 0.0
заметно 0.003205 3.506558 0.011239
заодно 0.003205 3.506558 0.011239
заполучить 0.003205 4.60517 0.01476
защиты 0.003205 0.0 0.0
земле 0.003205 0.0 0.0
земли 0.003205 0.0 0.0
зонд 0.003205 0.0 0.0
зонда 0.003205 0.0 0.0
игру 0.003205 2.995732 0.009602
игры 0.003205 0.0 0.0
идёт 0.003205 2.995732 0.009602
изначально 0.003205 3.218876 0.010317
ии 0.003205 0.0 0.0
инновационный 0.003205 0.0 0.0
информации 0.003205 0.0 0.0
использования 0.003205 0.0 0.0
исследований 0.003205 0.0 0.0
источник 0.003205 0.0 0.0
каким 0.003205 4.60517 0.01476
календарь 0.003205 0.0 0.0
карта 0.003205 3.912023 0.012539
категории 0.003205 0.0 0.0
кг 0.003205 0.0 0.0
километров 0.003205 0.0 0.0
классическим 0.003205 0.0 0.0
клон 0.003205 0.0 0.0
комментирования 0.003205 0.0 0.0
комфортный 0.003205 0.0 0.0
консоли 0.003205 3.506558 0.011239
конференция 0.003205 0.0 0.0
корее 0.003205 0.0 0.0
корпуса 0.003205 0.0 0.0
космос 0.003205 0.0 0.0
космоса 0.003205 0.0 0.0
кроссовера 0.003205 0.0 0.0
кроссоверы 0.003205 0.0 0.0
кубических 0.003205 0.0 0.0
куки 0.003205 0.0 0.0
купить 0.003205 3.218876 0.010317
летать 0.003205 0.0 0.0
лету 0.003205 0.0 0.0
линейки 0.003205 3.912023 0.012539
листа 0.003205 0.0 0.0
лучшее 0.003205 3.506558 0.011239
мае 0.003205 0.0 0.0
май 0.003205 0.0 0.0
маловероятное 0.003205 4.60517 0.01476
марка 0.003205 0.0 0.0
материалов 0.003205 0.0 0.0
машину 0.003205 0.0 0.0
мая 0.003205 0.0 0.0
межпланетный 0.003205 0.0 0.0
меньшим 0.003205 4.60517 0.01476
меняет 0.003205 0.0 0.0
метрового 0.003205 0.0 0.0
миллионов 0.003205 0.0 0.0
минимум 0.003205 2.65926 0.008523
миру 0.003205 0.0 0.0
мобильные 0.003205 0.0 0.0
могут 0.003205 0.0 0.0
модели 0.003205 1.139434 0.003652
модель 0.003205 1.469676 0.00471
момент 0.003205 0.0 0.0
мониторы 0.003205 0.0 0.0
мотобрендов 0.003205 0.0 0.0
мотоциклов 0.003205 0.0 0.0
мс 0.003205 0.0 0.0
мультимедиа 0.003205 0.0 0.0
нажмите 0.003205 0.0 0.0
назвал 0.003205 0.0 0.0
названием 0.003205 0.0 0.0
найти 0.003205 3.912023 0.012539
настолько 0.003205 3.506558 0.011239
начинают 0.003205 3.218876 0.010317
начиная 0.003205 3.912023 0.012539
нашей 0.003205 0.0 0.0
наши 0.003205 0.0 0.0
нашли 0.003205 0.0 0.0
ними 0.003205 2.040221 0.006539
новости 0.003205 0.0 0.0
новые 0.003205 0.0 0.0
новый 0.003205 0.0 0.0
нормальным 0.003205 3.506558 0.011239
нормы 0.003205 3.506558 0.011239
носители 0.003205 0.0 0.0
ноутбуки 0.003205 0.0 0.0
нужны 0.003205 0.0 0.0
обзоры 0.003205 0.0 0.0
обработки 0.003205 0.0 0.0
образцы 0.003205 0.0 0.0
объявлена 0.003205 0.0 0.0
обычную 0.003205 3.218876 0.010317
ограничений 0.003205 2.65926 0.008523
одноклассник 0.003205 0.0 0.0
опускается 0.003205 4.60517 0.01476
опустить 0.003205 4.60517 0.01476
орбите 0.003205 0.0 0.0
ос 0.003205 0.0 0.0
остальные 0.003205 4.60517 0.01476
остаются 0.003205 2.813411 0.009017
остаётся 0.003205 2.040221 0.006539
отдадут 0.003205 0.0 0.0
отдельных 0.003205 4.60517 0.01476
отечественного 0.003205 0.0 0.0
отказа 0.003205 0.0 0.0
отказались 0.003205 0.0 0.0
отключили 0.003205 0.0 0.0
отметить 0.003205 4.60517 0.01476
очень 0.003205 0.0 0.0
ошибку 0.003205 0.0 0.0
переднего 0.003205 0.0 0.0
период 0.003205 0.0 0.0
периферия 0.003205 0.0 0.0
персональные 0.003205 0.0 0.0
персональных 0.003205 0.0 0.0
пиар 0.003205 0.0 0.0
пк 0.003205 0.0 0.0
планшеты 0.003205 0.0 0.0
платформа 0.003205 0.0 0.0
пн 0.003205 0.0 0.0
повысила 0.003205 3.218876 0.010317
подвел 0.003205 0.0 0.0
поднял 0.003205 0.0 0.0
подробнее 0.003205 0.0 0.0
поиск 0.003205 0.0 0.0
пока 0.003205 0.0 0.0
показателя 0.003205 4.60517 0.01476
полезные 0.003205 0.0 0.0
политика 0.003205 0.0 0.0
политикой 0.003205 0.0 0.0
полноприводными 0.003205 0.0 0.0
полётов 0.003205 0.0 0.0
попробовать 0.003205 0.0 0.0
популярная 0.003205 0.0 0.0
популярных 0.003205 0.0 0.0
порой 0.003205 4.60517 0.01476
порядке 0.003205 4.60517 0.01476
посещать 0.003205 0.0 0.0
поставок 0.003205 3.218876 0.010317
похоже 0.003205 2.813411 0.009017
появлении 0.003205 4.60517 0.01476
правила 0.003205 0.0 0.0
правительство 0.003205 3.506558 0.011239
прайс 0.003205 0.0 0.0
предложение 0.003205 3.912023 0.012539
предложений 0.003205 4.60517 0.01476
представлен 0.003205 0.0 0.0
прибавка 0.003205 0.0 0.0
привода 0.003205 0.0 0.0
принтеры 0.003205 0.0 0.0
причины 0.003205 0.0 0.0
пробизнес 0.003205 0.0 0.0
проблем 0.003205 2.040221 0.006539
проведения 0.003205 0.0 0.0
программы 0.003205 0.0 0.0
продавать 0.003205 0.0 0.0
продаваться 0.003205 3.506558 0.011239
продажи 0.003205 0.0 0.0
продолжая 0.003205 0.0 0.0
проектов 0.003205 0.0 0.0
проекторы 0.003205 0.0 0.0
проекты 0.003205 0.0 0.0
пролить 0.003205 0.0 0.0
процессы 0.003205 0.0 0.0
пт 0.003205 0.0 0.0
работы 0.003205 0.0 0.0
ранее 0.003205 1.771957 0.005679
реальных 0.003205 0.0 0.0
резко 0.003205 2.995732 0.009602
результаты 0.003205 0.0 0.0
реклама 0.003205 0.0 0.0
рекомендованная 0.003205 4.60517 0.01476
рекомендованной 0.003205 3.506558 0.011239
рекомендованным 0.003205 4.60517 0.01476
рекомендованных 0.003205 4.60517 0.01476
речь 0.003205 3.506558 0.011239
решает 0.003205 0.0 0.0
россии 0.003205 0.0 0.0
россияне 0.003205 0.0 0.0
рублей 0.003205 0.0 0.0
рынок 0.003205 0.0 0.0
сайте 0.003205 0.0 0.0
сайты 0.003205 0.0 0.0
самая 0.003205 0.0 0.0
самой 0.003205 2.525729 0.008095
самолётах 0.003205 0.0 0.0
самых 0.003205 0.0 0.0
сантиметров 0.003205 0.0 0.0
сб 0.003205 0.0 0.0
сбора 0.003205 0.0 0.0
свет 0.003205 0.0 0.0
своей 0.003205 0.0 0.0
свои 0.003205 1.89712 0.006081
связи 0.003205 0.0 0.0
связь 0.003205 0.0 0.0
сегодня 0.003205 0.0 0.0
серверы 0.003205 0.0 0.0
сервисы 0.003205 0.0 0.0
сертификацию 0.003205 0.0 0.0
сети 0.003205 0.0 0.0
скоро 0.003205 0.0 0.0
сложности 0.003205 0.0 0.0
смягчения 0.003205 3.506558 0.011239
снова 0.003205 0.0 0.0
собирается 0.003205 3.506558 0.011239
событие 0.003205 3.912023 0.012539
советский 0.003205 0.0 0.0
соглашаетесь 0.003205 0.0 0.0
составляет 0.003205 2.407946 0.007718
спасти 0.003205 0.0 0.0
ср 0.003205 0.0 0.0
среда 0.003205 0.0 0.0
среднем 0.003205 3.912023 0.012539
средних 0.003205 3.912023 0.012539
ссылки 0.003205 0.0 0.0
стал 0.003205 0.0 0.0
стартуют 0.003205 0.0 0.0
старшинства 0.003205 4.60517 0.01476
статистика 0.003205 0.0 0.0
статьи 0.003205 0.0 0.0
стоимость 0.003205 0.0 0.0
стоит 0.003205 1.966113 0.006302
сша 0.003205 0.0 0.0
тайконавты 0.003205 0.0 0.0
тв 0.003205 0.0 0.0
теги 0.003205 0.0 0.0
текст 0.003205 0.0 0.0
текущий 0.003205 4.60517 0.01476
технический 0.003205 0.0 0.0
топ 0.003205 0.0 0.0
топовая 0.003205 3.218876 0.010317
тыс 0.003205 0.0 0.0
убрали 0.003205 0.0 0.0
ужесточить 0.003205 3.506558 0.011239
упасть 0.003205 0.0 0.0
ускорителей 0.003205 3.218876 0.010317
устройства 0.003205 0.0 0.0
ученым 0.003205 0.0 0.0
файлы 0.003205 0.0 0.0
флагманского 0.003205 0.0 0.0
фото 0.003205 0.0 0.0
фундаментальные 0.003205 0.0 0.0
хитом 0.003205 0.0 0.0
хочет 0.003205 2.813411 0.009017
цена 0.003205 1.714798 0.005496
ценам 0.003205 3.218876 0.010317
ценах 0.003205 4.60517 0.01476
цене 0.003205 2.120264 0.006796
цены 0.003205 0.0 0.0
части 0.003205 0.0 0.0
человека 0.003205 0.0 0.0
чт 0.003205 0.0 0.0
чудом 0.003205 4.60517 0.01476
экспорт 0.003205 0.0 0.0
эмбрионы 0.003205 0.0 0.0
южной 0.003205 0.0 0.0
