авиалайнера 0.002237 0.0 0.0
австралии 0.002237 0.0 0.0
автоваз 0.002237 0.0 0.0
автоматом 0.002237 0.0 0.0
автопроизводителя 0.002237 0.0 0.0
автор 0.002237 0.0 0.0
авторы 0.002237 0.0 0.0
агентству 0.002237 4.60517 0.010302
администрацией 0.002237 0.0 0.0
адрес 0.002237 0.0 0.0
америке 0.002237 0.0 0.0
аналитики 0.002237 0.0 0.0
армии 0.002237 4.60517 0.010302
астронавт 0.002237 2.525729 0.00565
астронавтка 0.002237 4.60517 0.010302
астронавтки 0.002237 3.506558 0.007845
астронавты 0.002237 4.60517 0.010302
батарей 0.002237 3.912023 0.008752
безопасности 0.002237 1.966113 0.004398
белка 0.002237 0.0 0.0
биологические 0.002237 0.0 0.0
биологических 0.002237 0.0 0.0
ближнем 0.002237 0.0 0.0
блоги 0.002237 0.0 0.0
борта 0.002237 4.60517 0.010302
будут 0.002237 0.0 0.0
будущего 0.002237 2.525729 0.00565
быстро 0.002237 0.0 0.0
бюджет 0.002237 2.65926 0.005949
весом 0.002237 0.0 0.0
видео 0.002237 0.0 0.0
видеокарты 0.002237 0.0 0.0
визор 0.002237 3.218876 0.007201
внедорожники 0.002237 0.0 0.0
вовремя 0.002237 4.60517 0.010302
войти 0.002237 0.0 0.0
востоке 0.002237 0.0 0.0
времени 0.002237 1.89712 0.004244
вс 0.002237 0.0 0.0
всему 0.002237 0.0 0.0
вт 0.002237 0.0 0.0
входят 0.002237 0.0 0.0
выделите 0.002237 0.0 0.0
выход 0.002237 0.0 0.0
выхода 0.002237 3.218876 0.007201
выходит 0.002237 0.0 0.0
выходом 0.002237 4.60517 0.010302
главной 0.002237 3.506558 0.007845
главную 0.002237 0.0 0.0
года 0.002237 0.0 0.0
году 0.002237 1.272966 0.002848
готова 0.002237 2.525729 0.00565
дайсон 0.002237 4.60517 0.010302
данные 0.002237 0.0 0.0
данный 0.002237 0.0 0.0
данных 0.002237 0.0 0.0
двигатели 0.002237 0.0 0.0
двигатель 0.002237 0.0 0.0
двух 0.002237 0.0 0.0
денег 0.002237 3.506558 0.007845
десятилетиями 0.002237 4.60517 0.010302
джессики 0.002237 4.60517 0.010302
дизайн 0.002237 0.0 0.0
директор 0.002237 0.0 0.0
длилась 0.002237 4.60517 0.010302
долгожданным 0.002237 4.60517 0.010302
долларов 0.002237 0.0 0.0
дом 0.002237 0.0 0.0
доставили 0.002237 0.0 0.0
доставке 0.002237 3.218876 0.007201
доставку 0.002237 3.506558 0.007845
достигает 0.002237 0.0 0.0
едва 0.002237 2.407946 0.005387
единственная 0.002237 4.60517 0.010302
её 0.002237 1.203973 0.002693
женский 0.002237 4.60517 0.010302
женским 0.002237 4.60517 0.010302
женского 0.002237 4.60517 0.010302
женщин 0.002237 3.912023 0.008752
жилета 0.002237 4.60517 0.010302
завершат 0.002237 0.0 0.0
завершением 0.002237 4.60517 0.010302
завершится 0.002237 4.60517 0.010302
задачей 0.002237 4.60517 0.010302
займется 0.002237 3.506558 0.007845
закрепить 0.002237 4.60517 0.010302
замена 0.002237 2.995732 0.006702
замену 0.002237 4.60517 0.010302
занял 0.002237 3.506558 0.007845
запланированного 0.002237 3.912023 0.008752
запросили 0.002237 4.60517 0.010302
защитном 0.002237 4.60517 0.010302
защиты 0.002237 0.0 0.0
земле 0.002237 0.0 0.0
земли 0.002237 0.0 0.0
зонд 0.002237 0.0 0.0
зонда 0.002237 0.0 0.0
игры 0.002237 0.0 0.0
идентифицировали 0.002237 3.912023 0.008752
изготовленном 0.002237 4.60517 0.010302
илона 0.002237 2.207275 0.004938
инновационный 0.002237 0.0 0.0
информации 0.002237 0.0 0.0
инцидент 0.002237 2.995732 0.006702
исключили 0.002237 3.912023 0.008752
использования 0.002237 0.0 0.0
исследований 0.002237 0.0 0.0
истории 0.002237 2.65926 0.005949
исторический 0.002237 4.60517 0.010302
источник 0.002237 0.0 0.0
июня 0.002237 2.995732 0.006702
каждый 0.002237 2.525729 0.00565
календарь 0.002237 0.0 0.0
камеры 0.002237 3.912023 0.008752
категории 0.002237 0.0 0.0
кг 0.002237 0.0 0.0
километров 0.002237 0.0 0.0
классическим 0.002237 0.0 0.0
клон 0.002237 0.0 0.0
ключевым 0.002237 2.525729 0.00565
комментирования 0.002237 0.0 0.0
компании 0.002237 1.347074 0.003014
компания 0.002237 0.820981 0.001837
компоненты 0.002237 2.995732 0.006702
комфортный 0.002237 0.0 0.0
конструкцию 0.002237 3.506558 0.007845
конференция 0.002237 0.0 0.0
корее 0.002237 0.0 0.0
корпуса 0.002237 0.0 0.0
космические 0.002237 2.207275 0.004938
космос 0.002237 0.0 0.0
космоса 0.002237 0.0 0.0
которой 0.002237 2.65926 0.005949
который 0.002237 1.386294 0.003101
кох 0.002237 3.912023 0.008752
кристины 0.002237 3.912023 0.008752
кроем 0.002237 4.60517 0.010302
кронштейн 0.002237 4.60517 0.010302
кроссовера 0.002237 0.0 0.0
кроссоверы 0.002237 0.0 0.0
кубических 0.002237 0.0 0.0
куки 0.002237 0.0 0.0
лет 0.002237 0.0 0.0
летать 0.002237 0.0 0.0
лету 0.002237 0.0 0.0
листа 0.002237 0.0 0.0
льдом 0.002237 3.912023 0.008752
людей 0.002237 2.302585 0.005151
мае 0.002237 0.0 0.0
май 0.002237 0.0 0.0
макклейн 0.002237 4.60517 0.010302
марка 0.002237 0.0 0.0
марс 0.002237 2.525729 0.00565
марса 0.002237 3.218876 0.007201
марте 0.002237 2.813411 0.006294
маска 0.002237 2.207275 0.004938
массива 0.002237 4.60517 0.010302
материал 0.002237 0.0 0.0
материалов 0.002237 0.0 0.0
машину 0.002237 0.0 0.0
мая 0.002237 0.0 0.0
межпланетный 0.002237 0.0 0.0
мейр 0.002237 4.60517 0.010302
меньше 0.002237 2.407946 0.005387
меняет 0.002237 0.0 0.0
место 0.002237 1.832581 0.0041
метрового 0.002237 0.0 0.0
миллионов 0.002237 0.0 0.0
миру 0.002237 0.0 0.0
миссии 0.002237 1.514128 0.003387
миссию 0.002237 2.813411 0.006294
миссия 0.002237 2.120264 0.004743
мкс 0.002237 2.813411 0.006294
многие 0.002237 4.60517 0.010302
мобильные 0.002237 0.0 0.0
могут 0.002237 0.0 0.0
модульную 0.002237 4.60517 0.010302
момент 0.002237 0.0 0.0
мониторы 0.002237 0.0 0.0
мотобрендов 0.002237 0.0 0.0
мотоциклов 0.002237 0.0 0.0
мс 0.002237 0.0 0.0
мужской 0.002237 4.60517 0.010302
мультимедиа 0.002237 0.0 0.0
нажмите 0.002237 0.0 0.0
назад 0.002237 2.65926 0.005949
назвал 0.002237 0.0 0.0
названием 0.002237 0.0 0.0
начала 0.002237 2.302585 0.005151
нашей 0.002237 0.0 0.0
наши 0.002237 0.0 0.0
нашли 0.002237 0.0 0.0
невысокого 0.002237 4.60517 0.010302
недавно 0.002237 2.813411 0.006294
неожиданностей 0.002237 4.60517 0.010302
несоответствия 0.002237 4.60517 0.010302
неудобным 0.002237 4.60517 0.010302
ник 0.002237 0.0 0.0
никол 0.002237 4.60517 0.010302
нити 0.002237 4.60517 0.010302
нить 0.002237 1.514128 0.003387
новости 0.002237 0.0 0.0
новые 0.002237 0.0 0.0
новый 0.002237 0.0 0.0
новых 0.002237 1.771957 0.003964
носители 0.002237 0.0 0.0
ноутбуки 0.002237 0.0 0.0
нужны 0.002237 0.0 0.0
нынешней 0.002237 4.60517 0.010302
обзоры 0.002237 0.0 0.0
обнаружила 0.002237 3.912023 0.008752
оборудования 0.002237 3.218876 0.007201
обошлось 0.002237 4.60517 0.010302
обработки 0.002237 0.0 0.0
образцов 0.002237 2.813411 0.006294
образцы 0.002237 0.0 0.0
объявлена 0.002237 0.0 0.0
одноклассник 0.002237 0.0 0.0
ожидания 0.002237 3.912023 0.008752
октябре 0.002237 3.912023 0.008752
орбите 0.002237 0.0 0.0
ориентации 0.002237 4.60517 0.010302
ос 0.002237 0.0 0.0
осознала 0.002237 4.60517 0.010302
оставляет 0.002237 2.302585 0.005151
остаётся 0.002237 2.040221 0.004564
отдадут 0.002237 0.0 0.0
отечественного 0.002237 0.0 0.0
отказа 0.002237 0.0 0.0
отказались 0.002237 0.0 0.0
отключили 0.002237 0.0 0.0
открытый 0.002237 2.813411 0.006294
отражает 0.002237 4.60517 0.010302
отслоение 0.002237 3.912023 0.008752
оценки 0.002237 3.218876 0.007201
очень 0.002237 0.0 0.0
ошибку 0.002237 0.0 0.0
пальца 0.002237 4.60517 0.010302
пальце 0.002237 4.60517 0.010302
панелей 0.002237 4.60517 0.010302
первого 0.002237 2.995732 0.006702
первый 0.002237 2.65926 0.005949
переднего 0.002237 0.0 0.0
период 0.002237 0.0 0.0
периферия 0.002237 0.0 0.0
персональные 0.002237 0.0 0.0
персональных 0.002237 0.0 0.0
перчатке 0.002237 3.506558 0.007845
перчатки 0.002237 4.60517 0.010302
перчаткой 0.002237 4.60517 0.010302
перчаток 0.002237 4.60517 0.010302
пиар 0.002237 0.0 0.0
пк 0.002237 0.0 0.0
планирует 0.002237 1.714798 0.003836
плану 0.002237 4.60517 0.010302
планшеты 0.002237 0.0 0.0
платформа 0.002237 0.0 0.0
плохо 0.002237 4.60517 0.010302
пн 0.002237 0.0 0.0
победил 0.002237 4.60517 0.010302
повреждения 0.002237 3.506558 0.007845
подвел 0.002237 0.0 0.0
подготовки 0.002237 3.218876 0.007201
поднял 0.002237 0.0 0.0
подробнее 0.002237 0.0 0.0
подтвердил 0.002237 2.525729 0.00565
подходит 0.002237 3.912023 0.008752
подходят 0.002237 3.912023 0.008752
пожарных 0.002237 4.60517 0.010302
поиск 0.002237 0.0 0.0
пока 0.002237 0.0 0.0
покрылся 0.002237 4.60517 0.010302
полезные 0.002237 0.0 0.0
политика 0.002237 0.0 0.0
политикой 0.002237 0.0 0.0
полноприводными 0.002237 0.0 0.0
полностью 0.002237 2.207275 0.004938
половиной 0.002237 4.60517 0.010302
полётов 0.002237 0.0 0.0
попробовать 0.002237 0.0 0.0
популярная 0.002237 0.0 0.0
популярных 0.002237 0.0 0.0
попытки 0.002237 3.218876 0.007201
посещать 0.002237 0.0 0.0
пояснила 0.002237 2.813411 0.006294
правила 0.002237 0.0 0.0
правой 0.002237 4.60517 0.010302
прайс 0.002237 0.0 0.0
представлен 0.002237 0.0 0.0
прибавка 0.002237 0.0 0.0
привода 0.002237 0.0 0.0
принтеры 0.002237 0.0 0.0
причины 0.002237 0.0 0.0
пробизнес 0.002237 0.0 0.0
проблема 0.002237 3.912023 0.008752
проблему 0.002237 3.218876 0.007201
проведения 0.002237 0.0 0.0
проверкой 0.002237 4.60517 0.010302
программы 0.002237 0.0 0.0
продавать 0.002237 0.0 0.0
продажи 0.002237 0.0 0.0
продлило 0.002237 3.506558 0.007845
продолжая 0.002237 0.0 0.0
продолжили 0.002237 4.60517 0.010302
продольный 0.002237 4.60517 0.010302
проектов 0.002237 0.0 0.0
проекторы 0.002237 0.0 0.0
проекты 0.002237 0.0 0.0
пролить 0.002237 0.0 0.0
протечки 0.002237 4.60517 0.010302
профессионализм 0.002237 4.60517 0.010302
процессы 0.002237 0.0 0.0
пт 0.002237 0.0 0.0
пятым 0.002237 4.60517 0.010302
работы 0.002237 0.0 0.0
размер 0.002237 2.302585 0.005151
размера 0.002237 3.506558 0.007845
разработанные 0.002237 3.506558 0.007845
разработку 0.002237 2.995732 0.006702
разрез 0.002237 3.912023 0.008752
рамках 0.002237 2.302585 0.005151
расходится 0.002237 4.60517 0.010302
реальных 0.002237 0.0 0.0
результаты 0.002237 0.0 0.0
реклама 0.002237 0.0 0.0
решает 0.002237 0.0 0.0
риска 0.002237 2.813411 0.006294
россии 0.002237 0.0 0.0
россияне 0.002237 0.0 0.0
роста 0.002237 2.525729 0.00565
рублей 0.002237 0.0 0.0
рынок 0.002237 0.0 0.0
сайте 0.002237 0.0 0.0
сайты 0.002237 0.0 0.0
самая 0.002237 0.0 0.0
самолётах 0.002237 0.0 0.0
самых 0.002237 0.0 0.0
сантиметров 0.002237 0.0 0.0
сб 0.002237 0.0 0.0
сбора 0.002237 0.0 0.0
свет 0.002237 0.0 0.0
своего 0.002237 3.506558 0.007845
своей 0.002237 0.0 0.0
связи 0.002237 0.0 0.0
связь 0.002237 0.0 0.0
сгибании 0.002237 4.60517 0.010302
сдвигаются 0.002237 4.60517 0.010302
сегодня 0.002237 0.0 0.0
серверы 0.002237 0.0 0.0
сервисы 0.002237 0.0 0.0
сертификацию 0.002237 0.0 0.0
сети 0.002237 0.0 0.0
символичным 0.002237 4.60517 0.010302
системную 0.002237 4.60517 0.010302
сканирование 0.002237 4.60517 0.010302
скафандра 0.002237 4.60517 0.010302
скафандры 0.002237 4.60517 0.010302
скоро 0.002237 0.0 0.0
слое 0.002237 3.506558 0.007845
сложности 0.002237 0.0 0.0
служб 0.002237 3.506558 0.007845
снаряжении 0.002237 4.60517 0.010302
снаряжения 0.002237 4.60517 0.010302
снова 0.002237 0.0 0.0
событие 0.002237 3.912023 0.008752
совершили 0.002237 4.60517 0.010302
советский 0.002237 0.0 0.0
соглашаетесь 0.002237 0.0 0.0
сократить 0.002237 2.65926 0.005949
солнечных 0.002237 4.60517 0.010302
сопровождается 0.002237 4.60517 0.010302
сорвала 0.002237 3.506558 0.007845
состоялся 0.002237 4.60517 0.010302
спасти 0.002237 0.0 0.0
специалисты 0.002237 2.995732 0.006702
ср 0.002237 0.0 0.0
среда 0.002237 0.0 0.0
средний 0.002237 4.60517 0.010302
сроки 0.002237 2.525729 0.00565
ссылки 0.002237 0.0 0.0
ставшая 0.002237 3.912023 0.008752
стал 0.002237 0.0 0.0
сталкивались 0.002237 4.60517 0.010302
стало 0.002237 2.525729 0.00565
стареющего 0.002237 4.60517 0.010302
стартуют 0.002237 0.0 0.0
статистика 0.002237 0.0 0.0
статьи 0.002237 0.0 0.0
стоимость 0.002237 0.0 0.0
существенно 0.002237 3.506558 0.007845
сша 0.002237 0.0 0.0
тайконавты 0.002237 0.0 0.0
тв 0.002237 0.0 0.0
теги 0.002237 0.0 0.0
текст 0.002237 0.0 0.0
технический 0.002237 0.0 0.0
технологии 0.002237 1.514128 0.003387
ткани 0.002237 3.912023 0.008752
топ 0.002237 0.0 0.0
трейси 0.002237 4.60517 0.010302
тщательной 0.002237 4.60517 0.010302
тыс 0.002237 0.0 0.0
убрали 0.002237 0.0 0.0
увеличит 0.002237 2.65926 0.005949
угрозой 0.002237 2.65926 0.005949
угрозы 0.002237 3.506558 0.007845
указательном 0.002237 4.60517 0.010302
упасть 0.002237 0.0 0.0
управления 0.002237 2.040221 0.004564
условиях 0.002237 1.771957 0.003964
успех 0.002237 2.207275 0.004938
установке 0.002237 3.506558 0.007845
устаревшие 0.002237 3.912023 0.008752
устаревших 0.002237 4.60517 0.010302
устройства 0.002237 0.0 0.0
участием 0.002237 3.912023 0.008752
ученым 0.002237 0.0 0.0
файлы 0.002237 0.0 0.0
фактором 0.002237 3.912023 0.008752
флагманского 0.002237 0.0 0.0
фото 0.002237 0.0 0.0
фундаментальные 0.002237 0.0 0.0
хейг 0.002237 4.60517 0.010302
хитом 0.002237 0.0 0.0
хьюстоне 0.002237 4.60517 0.010302
ценой 0.002237 2.813411 0.006294
центра 0.002237 2.65926 0.005949
цены 0.002237 0.0 0.0
час 0.002237 0.0 0.0
часов 0.002237 2.525729 0.00565
части 0.002237 0.0 0.0
человека 0.002237 0.0 0.0
чт 0.002237 0.0 0.0
шестилетнего 0.002237 4.60517 0.010302
шесть 0.002237 2.995732 0.006702
шлема 0.002237 4.60517 0.010302
эйерс 0.002237 4.60517 0.010302
экипаж 0.002237 3.218876 0.007201
экипажа 0.002237 4.60517 0.010302
эксперты 0.002237 2.813411 0.006294
эксплуатация 0.002237 4.60517 0.010302
экспорт 0.002237 0.0 0.0
эмбрионы 0.002237 0.0 0.0
энергии 0.002237 2.207275 0.004938
энергогенерацию 0.002237 4.60517 0.010302
энн 0.002237 4.60517 0.010302
южной 0.002237 0.0 0.0
