абсолютно 0.003333 2.407946 0.008026
авиалайнера 0.003333 0.0 0.0
австралии 0.003333 0.0 0.0
авто 0.003333 0.0 0.0
автоваз 0.003333 0.0 0.0
автоматом 0.003333 0.0 0.0
автопроизводителя 0.003333 0.0 0.0
автор 0.003333 0.0 0.0
авторы 0.003333 0.0 0.0
администрацией 0.003333 0.0 0.0
адрес 0.003333 0.0 0.0
америке 0.003333 0.0 0.0
аналитики 0.003333 0.0 0.0
базовый 0.003333 3.912023 0.01304
безопасности 0.003333 1.966113 0.006554
белка 0.003333 0.0 0.0
биологические 0.003333 0.0 0.0
биологических 0.003333 0.0 0.0
ближнем 0.003333 0.0 0.0
блоги 0.003333 0.0 0.0
будут 0.003333 0.0 0.0
быстро 0.003333 0.0 0.0
версии 0.003333 1.714798 0.005716
версию 0.003333 2.813411 0.009378
весом 0.003333 0.0 0.0
видео 0.003333 0.0 0.0
видеокарты 0.003333 0.0 0.0
внедорожники 0.003333 0.0 0.0
внешне 0.003333 3.912023 0.01304
войти 0.003333 0.0 0.0
востоке 0.003333 0.0 0.0
вс 0.003333 0.0 0.0
всему 0.003333 0.0 0.0
вт 0.003333 0.0 0.0
входят 0.003333 0.0 0.0
выделите 0.003333 0.0 0.0
выходит 0.003333 0.0 0.0
гибрид 0.003333 1.89712 0.006324
гибридная 0.003333 3.218876 0.01073
гибридную 0.003333 3.506558 0.011689
гибридных 0.003333 3.218876 0.01073
гибридом 0.003333 4.60517 0.015351
главную 0.003333 0.0 0.0
года 0.003333 0.0 0.0
году 0.003333 1.272966 0.004243
данные 0.003333 0.0 0.0
данный 0.003333 0.0 0.0
данных 0.003333 0.0 0.0
двигатели 0.003333 0.0 0.0
двигатель 0.003333 0.0 0.0
двух 0.003333 0.0 0.0
дешевле 0.003333 2.525729 0.008419
дизайн 0.003333 0.0 0.0
дизайну 0.003333 4.60517 0.015351
директор 0.003333 0.0 0.0
добавляет 0.003333 3.912023 0.01304
долларов 0.003333 0.0 0.0
дом 0.003333 0.0 0.0
доставили 0.003333 0.0 0.0
достигает 0.003333 0.0 0.0
доступен 0.003333 2.65926 0.008864
евро 0.003333 2.040221 0.006801
завершат 0.003333 0.0 0.0
запустила 0.003333 2.65926 0.008864
защиты 0.003333 0.0 0.0
земле 0.003333 0.0 0.0
земли 0.003333 0.0 0.0
зонд 0.003333 0.0 0.0
зонда 0.003333 0.0 0.0
игры 0.003333 0.0 0.0
инновационный 0.003333 0.0 0.0
информации 0.003333 0.0 0.0
использования 0.003333 0.0 0.0
исследований 0.003333 0.0 0.0
источник 0.003333 0.0 0.0
календарь 0.003333 0.0 0.0
категории 0.003333 0.0 0.0
кг 0.003333 0.0 0.0
километров 0.003333 0.0 0.0
классическим 0.003333 0.0 0.0
клон 0.003333 0.0 0.0
км 0.003333 1.309333 0.004364
комментирования 0.003333 0.0 0.0
компактный 0.003333 3.506558 0.011689
компактных 0.003333 3.912023 0.01304
компания 0.003333 0.820981 0.002737
комплектации 0.003333 2.65926 0.008864
комфортный 0.003333 0.0 0.0
конкуренцию 0.003333 4.60517 0.015351
конференция 0.003333 0.0 0.0
корее 0.003333 0.0 0.0
корпуса 0.003333 0.0 0.0
космос 0.003333 0.0 0.0
космоса 0.003333 0.0 0.0
кроссовер 0.003333 0.0 0.0
кроссовера 0.003333 0.0 0.0
кроссоверов 0.003333 4.60517 0.015351
кроссоверы 0.003333 0.0 0.0
кубических 0.003333 0.0 0.0
кузова 0.003333 3.912023 0.01304
куки 0.003333 0.0 0.0
летать 0.003333 0.0 0.0
лету 0.003333 0.0 0.0
листа 0.003333 0.0 0.0
мае 0.003333 0.0 0.0
май 0.003333 0.0 0.0
марка 0.003333 0.0 0.0
массовое 0.003333 3.218876 0.01073
материалов 0.003333 0.0 0.0
машина 0.003333 2.813411 0.009378
машину 0.003333 0.0 0.0
мая 0.003333 0.0 0.0
межпланетный 0.003333 0.0 0.0
меняет 0.003333 0.0 0.0
метрового 0.003333 0.0 0.0
микроконтроллера 0.003333 3.506558 0.011689
миллионов 0.003333 0.0 0.0
миру 0.003333 0.0 0.0
млн 0.003333 1.108663 0.003696
мобильные 0.003333 0.0 0.0
могут 0.003333 0.0 0.0
модель 0.003333 1.469676 0.004899
модельному 0.003333 4.60517 0.015351
момент 0.003333 0.0 0.0
мониторы 0.003333 0.0 0.0
мотобрендов 0.003333 0.0 0.0
мотоциклов 0.003333 0.0 0.0
мощностью 0.003333 1.832581 0.006109
мс 0.003333 0.0 0.0
мультимедиа 0.003333 0.0 0.0
мультимедийную 0.003333 4.60517 0.015351
нажмите 0.003333 0.0 0.0
назвал 0.003333 0.0 0.0
названием 0.003333 0.0 0.0
нашей 0.003333 0.0 0.0
наши 0.003333 0.0 0.0
нашли 0.003333 0.0 0.0
низкий 0.003333 3.912023 0.01304
новейший 0.003333 2.995732 0.009986
новости 0.003333 0.0 0.0
новые 0.003333 0.0 0.0
новый 0.003333 0.0 0.0
новых 0.003333 1.771957 0.005907
носители 0.003333 0.0 0.0
ноутбуки 0.003333 0.0 0.0
нужны 0.003333 0.0 0.0
обеспечивает 0.003333 2.407946 0.008026
обзоры 0.003333 0.0 0.0
обновила 0.003333 4.60517 0.015351
обработки 0.003333 0.0 0.0
образцы 0.003333 0.0 0.0
объявлена 0.003333 0.0 0.0
одноклассник 0.003333 0.0 0.0
орбите 0.003333 0.0 0.0
ос 0.003333 0.0 0.0
оснащением 0.003333 3.506558 0.011689
отдадут 0.003333 0.0 0.0
отечественного 0.003333 0.0 0.0
отказа 0.003333 0.0 0.0
отказались 0.003333 0.0 0.0
отключили 0.003333 0.0 0.0
отличным 0.003333 3.506558 0.011689
очень 0.003333 0.0 0.0
ошибку 0.003333 0.0 0.0
переднего 0.003333 0.0 0.0
период 0.003333 0.0 0.0
периферия 0.003333 0.0 0.0
персональные 0.003333 0.0 0.0
персональных 0.003333 0.0 0.0
пиар 0.003333 0.0 0.0
пк 0.003333 0.0 0.0
планшеты 0.003333 0.0 0.0
платформа 0.003333 0.0 0.0
пн 0.003333 0.0 0.0
подвел 0.003333 0.0 0.0
поднял 0.003333 0.0 0.0
подробнее 0.003333 0.0 0.0
поиск 0.003333 0.0 0.0
пока 0.003333 0.0 0.0
полезные 0.003333 0.0 0.0
политика 0.003333 0.0 0.0
политикой 0.003333 0.0 0.0
полноприводными 0.003333 0.0 0.0
получила 0.003333 2.407946 0.008026
полётов 0.003333 0.0 0.0
попробовать 0.003333 0.0 0.0
популярная 0.003333 0.0 0.0
популярных 0.003333 0.0 0.0
посещать 0.003333 0.0 0.0
правила 0.003333 0.0 0.0
прайс 0.003333 0.0 0.0
предлагается 0.003333 4.60517 0.015351
представлен 0.003333 0.0 0.0
прибавка 0.003333 0.0 0.0
привода 0.003333 0.0 0.0
принтеры 0.003333 0.0 0.0
причины 0.003333 0.0 0.0
пробизнес 0.003333 0.0 0.0
проведения 0.003333 0.0 0.0
программы 0.003333 0.0 0.0
продавать 0.003333 0.0 0.0
продажи 0.003333 0.0 0.0
продолжая 0.003333 0.0 0.0
проектов 0.003333 0.0 0.0
проекторы 0.003333 0.0 0.0
проекты 0.003333 0.0 0.0
производство 0.003333 2.302585 0.007675
пролить 0.003333 0.0 0.0
процессы 0.003333 0.0 0.0
пт 0.003333 0.0 0.0
работы 0.003333 0.0 0.0
расход 0.003333 2.207275 0.007358
расходом 0.003333 3.506558 0.011689
реальных 0.003333 0.0 0.0
результаты 0.003333 0.0 0.0
реклама 0.003333 0.0 0.0
решает 0.003333 0.0 0.0
россии 0.003333 0.0 0.0
россияне 0.003333 0.0 0.0
рублей 0.003333 0.0 0.0
рынок 0.003333 0.0 0.0
сайте 0.003333 0.0 0.0
сайты 0.003333 0.0 0.0
самая 0.003333 0.0 0.0
самолётах 0.003333 0.0 0.0
самых 0.003333 0.0 0.0
сантиметров 0.003333 0.0 0.0
сб 0.003333 0.0 0.0
сбора 0.003333 0.0 0.0
свежести 0.003333 4.60517 0.015351
свет 0.003333 0.0 0.0
своей 0.003333 0.0 0.0
связи 0.003333 0.0 0.0
связь 0.003333 0.0 0.0
сделав 0.003333 3.912023 0.01304
сегменте 0.003333 4.60517 0.015351
сегодня 0.003333 0.0 0.0
серверы 0.003333 0.0 0.0
сервисы 0.003333 0.0 0.0
сертификацию 0.003333 0.0 0.0
сетей 0.003333 2.525729 0.008419
сети 0.003333 0.0 0.0
силовая 0.003333 4.60517 0.015351
сильным 0.003333 4.60517 0.015351
система 0.003333 1.514128 0.005047
систему 0.003333 2.525729 0.008419
системы 0.003333 1.469676 0.004899
скоро 0.003333 0.0 0.0
сложности 0.003333 0.0 0.0
снижение 0.003333 3.506558 0.011689
снова 0.003333 0.0 0.0
советский 0.003333 0.0 0.0
современные 0.003333 2.302585 0.007675
соглашаетесь 0.003333 0.0 0.0
соответственно 0.003333 4.60517 0.015351
спасти 0.003333 0.0 0.0
ср 0.003333 0.0 0.0
среда 0.003333 0.0 0.0
средней 0.003333 3.912023 0.01304
ссылки 0.003333 0.0 0.0
стал 0.003333 0.0 0.0
стартуют 0.003333 0.0 0.0
статистика 0.003333 0.0 0.0
статьи 0.003333 0.0 0.0
стоимости 0.003333 3.912023 0.01304
стоимость 0.003333 0.0 0.0
стоят 0.003333 4.60517 0.015351
сша 0.003333 0.0 0.0
тайконавты 0.003333 0.0 0.0
тв 0.003333 0.0 0.0
теги 0.003333 0.0 0.0
текст 0.003333 0.0 0.0
технический 0.003333 0.0 0.0
технологии 0.003333 1.514128 0.005047
топ 0.003333 0.0 0.0
топлива 0.003333 2.65926 0.008864
топовой 0.003333 3.218876 0.01073
тыс 0.003333 0.0 0.0
убрали 0.003333 0.0 0.0
универсального 0.003333 3.506558 0.011689
упасть 0.003333 0.0 0.0
усиливает 0.003333 2.65926 0.008864
установка 0.003333 3.218876 0.01073
устройства 0.003333 0.0 0.0
ученым 0.003333 0.0 0.0
файлы 0.003333 0.0 0.0
флагманского 0.003333 0.0 0.0
фото 0.003333 0.0 0.0
фундаментальные 0.003333 0.0 0.0
хитом 0.003333 0.0 0.0
цвета 0.003333 3.506558 0.011689
цене 0.003333 2.120264 0.007068
цены 0.003333 0.0 0.0
части 0.003333 0.0 0.0
человека 0.003333 0.0 0.0
чт 0.003333 0.0 0.0
экспорт 0.003333 0.0 0.0
эмбрионы 0.003333 0.0 0.0
эта 0.003333 1.514128 0.005047
южной 0.003333 0.0 0.0
