авиалайнера 0.002309 0.0 0.0
австралии 0.002309 0.0 0.0
автоваз 0.002309 0.0 0.0
автоматом 0.002309 0.0 0.0
автопроизводителя 0.002309 0.0 0.0
автор 0.002309 0.0 0.0
авторы 0.002309 0.0 0.0
администрацией 0.002309 0.0 0.0
адрес 0.002309 0.0 0.0
активным 0.002309 4.60517 0.010635
америке 0.002309 0.0 0.0
аналитики 0.002309 0.0 0.0
астрофизики 0.002309 3.912023 0.009035
белка 0.002309 0.0 0.0
биологические 0.002309 0.0 0.0
биологических 0.002309 0.0 0.0
ближнем 0.002309 0.0 0.0
блоги 0.002309 0.0 0.0
будут 0.002309 0.0 0.0
быстро 0.002309 0.0 0.0
вероятность 0.002309 3.506558 0.008098
весом 0.002309 0.0 0.0
взаимодействий 0.002309 3.506558 0.008098
взаимодействия 0.002309 3.912023 0.009035
взаимодействовал 0.002309 4.60517 0.010635
видео 0.002309 0.0 0.0
видеокарты 0.002309 0.0 0.0
вместе 0.002309 2.65926 0.006141
внедорожники 0.002309 0.0 0.0
водород 0.002309 2.813411 0.006497
возможность 0.002309 1.966113 0.004541
войти 0.002309 0.0 0.0
вопрос 0.002309 1.660731 0.003835
востоке 0.002309 0.0 0.0
впервые 0.002309 2.120264 0.004897
вс 0.002309 0.0 0.0
всему 0.002309 0.0 0.0
вт 0.002309 0.0 0.0
втором 0.002309 2.813411 0.006497
входят 0.002309 0.0 0.0
выброшенный 0.002309 4.60517 0.010635
выделите 0.002309 0.0 0.0
вызывая 0.002309 4.60517 0.010635
высокая 0.002309 3.912023 0.009035
высокоточных 0.002309 4.60517 0.010635
высокоэнергетического 0.002309 4.60517 0.010635
выходит 0.002309 0.0 0.0
главную 0.002309 0.0 0.0
года 0.002309 0.0 0.0
границе 0.002309 3.912023 0.009035
гуманоидными 0.002309 3.506558 0.008098
гутенберга 0.002309 4.60517 0.010635
данные 0.002309 0.0 0.0
данный 0.002309 0.0 0.0
данных 0.002309 0.0 0.0
двигатели 0.002309 0.0 0.0
двигатель 0.002309 0.0 0.0
двух 0.002309 0.0 0.0
двухэтапный 0.002309 4.60517 0.010635
день 0.002309 2.207275 0.005098
дизайн 0.002309 0.0 0.0
директор 0.002309 0.0 0.0
длину 0.002309 4.60517 0.010635
добычи 0.002309 3.506558 0.008098
долларов 0.002309 0.0 0.0
дом 0.002309 0.0 0.0
доставили 0.002309 0.0 0.0
достигает 0.002309 0.0 0.0
других 0.002309 2.040221 0.004712
другому 0.002309 4.60517 0.010635
завершат 0.002309 0.0 0.0
заставляет 0.002309 2.813411 0.006497
защиты 0.002309 0.0 0.0
звездообразовании 0.002309 4.60517 0.010635
земле 0.002309 0.0 0.0
земли 0.002309 0.0 0.0
значение 0.002309 3.912023 0.009035
золотой 0.002309 3.506558 0.008098
зонд 0.002309 0.0 0.0
зонда 0.002309 0.0 0.0
играют 0.002309 3.912023 0.009035
игры 0.002309 0.0 0.0
избыточных 0.002309 4.60517 0.010635
изображение 0.002309 1.514128 0.003497
изотопа 0.002309 4.60517 0.010635
изотопов 0.002309 4.60517 0.010635
изучение 0.002309 3.506558 0.008098
изучения 0.002309 3.218876 0.007434
имеет 0.002309 2.65926 0.006141
инновационный 0.002309 0.0 0.0
института 0.002309 3.506558 0.008098
информации 0.002309 0.0 0.0
иоганна 0.002309 4.60517 0.010635
использовал 0.002309 3.218876 0.007434
использовали 0.002309 3.912023 0.009035
использованием 0.002309 2.813411 0.006497
использования 0.002309 0.0 0.0
исследований 0.002309 0.0 0.0
исследования 0.002309 2.120264 0.004897
источник 0.002309 0.0 0.0
йозеф 0.002309 4.60517 0.010635
кадровый 0.002309 3.506558 0.008098
календарь 0.002309 0.0 0.0
категории 0.002309 0.0 0.0
качеству 0.002309 4.60517 0.010635
кг 0.002309 0.0 0.0
километров 0.002309 0.0 0.0
китая 0.002309 2.995732 0.006919
классическим 0.002309 0.0 0.0
клон 0.002309 0.0 0.0
команда 0.002309 2.120264 0.004897
комментирования 0.002309 0.0 0.0
комфортный 0.002309 0.0 0.0
конец 0.002309 2.525729 0.005833
конференция 0.002309 0.0 0.0
корее 0.002309 0.0 0.0
корпуса 0.002309 0.0 0.0
космос 0.002309 0.0 0.0
космоса 0.002309 0.0 0.0
которые 0.002309 1.309333 0.003024
крайне 0.002309 3.218876 0.007434
кризис 0.002309 3.218876 0.007434
кроссовера 0.002309 0.0 0.0
кроссоверы 0.002309 0.0 0.0
кубических 0.002309 0.0 0.0
куки 0.002309 0.0 0.0
летать 0.002309 0.0 0.0
лету 0.002309 0.0 0.0
листа 0.002309 0.0 0.0
литиевую 0.002309 4.60517 0.010635
литием 0.002309 4.60517 0.010635
лития 0.002309 4.60517 0.010635
лихорадки 0.002309 3.506558 0.008098
логистике 0.002309 3.506558 0.008098
магнитных 0.002309 3.506558 0.008098
мае 0.002309 0.0 0.0
май 0.002309 0.0 0.0
майнце 0.002309 4.60517 0.010635
марка 0.002309 0.0 0.0
материалов 0.002309 0.0 0.0
машину 0.002309 0.0 0.0
мая 0.002309 0.0 0.0
международная 0.002309 3.912023 0.009035
межпланетный 0.002309 0.0 0.0
меняет 0.002309 0.0 0.0
метод 0.002309 1.714798 0.00396
методика 0.002309 4.60517 0.010635
методику 0.002309 4.60517 0.010635
метрового 0.002309 0.0 0.0
миллионов 0.002309 0.0 0.0
мире 0.002309 1.771957 0.004092
миру 0.002309 0.0 0.0
мишень 0.002309 4.60517 0.010635
многочастичных 0.002309 4.60517 0.010635
мобильные 0.002309 0.0 0.0
могут 0.002309 0.0 0.0
модели 0.002309 1.139434 0.002631
момент 0.002309 0.0 0.0
мониторы 0.002309 0.0 0.0
мотобрендов 0.002309 0.0 0.0
мотоциклов 0.002309 0.0 0.0
мощностью 0.002309 1.832581 0.004232
мс 0.002309 0.0 0.0
мультимедиа 0.002309 0.0 0.0
нажмите 0.002309 0.0 0.0
назвал 0.002309 0.0 0.0
названием 0.002309 0.0 0.0
направлялся 0.002309 4.60517 0.010635
наука 0.002309 1.966113 0.004541
находится 0.002309 3.506558 0.008098
нашей 0.002309 0.0 0.0
наши 0.002309 0.0 0.0
нашли 0.002309 0.0 0.0
недели 0.002309 4.60517 0.010635
нейтрон 0.002309 2.995732 0.006919
нейтронно 0.002309 3.912023 0.009035
нейтронные 0.002309 3.912023 0.009035
нейтронным 0.002309 3.506558 0.008098
нейтронов 0.002309 4.60517 0.010635
нестабильных 0.002309 4.60517 0.010635
низкий 0.002309 3.912023 0.009035
новости 0.002309 0.0 0.0
новую 0.002309 3.506558 0.008098
новые 0.002309 0.0 0.0
новый 0.002309 0.0 0.0
носители 0.002309 0.0 0.0
ноутбуки 0.002309 0.0 0.0
нужны 0.002309 0.0 0.0
обзоры 0.002309 0.0 0.0
обнаружения 0.002309 3.218876 0.007434
обработки 0.002309 0.0 0.0
образцы 0.002309 0.0 0.0
объявлена 0.002309 0.0 0.0
одновременно 0.002309 3.506558 0.008098
одного 0.002309 2.525729 0.005833
одноклассник 0.002309 0.0 0.0
оказалась 0.002309 3.912023 0.009035
окупается 0.002309 3.506558 0.008098
орбите 0.002309 0.0 0.0
ос 0.002309 0.0 0.0
основного 0.002309 3.506558 0.008098
остаточным 0.002309 4.60517 0.010635
ответить 0.002309 4.60517 0.010635
отдадут 0.002309 0.0 0.0
отечественного 0.002309 0.0 0.0
отказа 0.002309 0.0 0.0
отказались 0.002309 0.0 0.0
отключили 0.002309 0.0 0.0
открыл 0.002309 4.60517 0.010635
отметил 0.002309 1.469676 0.003394
очень 0.002309 0.0 0.0
ошибку 0.002309 0.0 0.0
первом 0.002309 2.525729 0.005833
передавал 0.002309 4.60517 0.010635
переднего 0.002309 0.0 0.0
пересмотреть 0.002309 2.813411 0.006497
период 0.002309 0.0 0.0
периферия 0.002309 0.0 0.0
персональные 0.002309 0.0 0.0
персональных 0.002309 0.0 0.0
пиар 0.002309 0.0 0.0
пион 0.002309 4.60517 0.010635
пк 0.002309 0.0 0.0
планирует 0.002309 1.714798 0.00396
планшеты 0.002309 0.0 0.0
платформа 0.002309 0.0 0.0
пн 0.002309 0.0 0.0
подвел 0.002309 0.0 0.0
подготовленную 0.002309 4.60517 0.010635
поднял 0.002309 0.0 0.0
подробнее 0.002309 0.0 0.0
подтвердить 0.002309 4.60517 0.010635
подчеркивают 0.002309 3.912023 0.009035
позволили 0.002309 3.912023 0.009035
поиск 0.002309 0.0 0.0
пока 0.002309 0.0 0.0
показали 0.002309 2.813411 0.006497
полезные 0.002309 0.0 0.0
политика 0.002309 0.0 0.0
политикой 0.002309 0.0 0.0
полноприводными 0.002309 0.0 0.0
полученные 0.002309 3.912023 0.009035
полётов 0.002309 0.0 0.0
помогает 0.002309 3.506558 0.008098
понимание 0.002309 3.912023 0.009035
попробовать 0.002309 0.0 0.0
популярная 0.002309 0.0 0.0
популярных 0.002309 0.0 0.0
посещать 0.002309 0.0 0.0
потребовало 0.002309 3.506558 0.008098
похозалла 0.002309 4.60517 0.010635
правила 0.002309 0.0 0.0
прайс 0.002309 0.0 0.0
превысила 0.002309 2.813411 0.006497
предсказывали 0.002309 4.60517 0.010635
представлен 0.002309 0.0 0.0
преодоления 0.002309 3.912023 0.009035
препятствий 0.002309 3.912023 0.009035
прибавка 0.002309 0.0 0.0
привода 0.002309 0.0 0.0
принтеры 0.002309 0.0 0.0
причины 0.002309 0.0 0.0
пробизнес 0.002309 0.0 0.0
проведен 0.002309 0.0 0.0
проведения 0.002309 0.0 0.0
прогнозов 0.002309 4.60517 0.010635
программы 0.002309 0.0 0.0
продавать 0.002309 0.0 0.0
продажи 0.002309 0.0 0.0
продолжая 0.002309 0.0 0.0
проектов 0.002309 0.0 0.0
проекторы 0.002309 0.0 0.0
проекты 0.002309 0.0 0.0
пролить 0.002309 0.0 0.0
противоречивы 0.002309 4.60517 0.010635
протон 0.002309 4.60517 0.010635
протона 0.002309 4.60517 0.010635
протонам 0.002309 4.60517 0.010635
протоном 0.002309 4.60517 0.010635
протону 0.002309 4.60517 0.010635
профессор 0.002309 3.218876 0.007434
процесс 0.002309 0.0 0.0
процессы 0.002309 0.0 0.0
пт 0.002309 0.0 0.0
пучка 0.002309 4.60517 0.010635
пучок 0.002309 4.60517 0.010635
пяти 0.002309 4.60517 0.010635
работа 0.002309 0.941609 0.002175
работы 0.002309 0.0 0.0
разработали 0.002309 2.813411 0.006497
распад 0.002309 3.912023 0.009035
рассеянный 0.002309 4.60517 0.010635
реальных 0.002309 0.0 0.0
регистрировали 0.002309 3.912023 0.009035
регистрировалось 0.002309 4.60517 0.010635
редки 0.002309 3.506558 0.008098
результаты 0.002309 0.0 0.0
реклама 0.002309 0.0 0.0
рекордным 0.002309 3.218876 0.007434
решает 0.002309 0.0 0.0
решать 0.002309 3.506558 0.008098
роботами 0.002309 3.506558 0.008098
роль 0.002309 1.89712 0.004381
россии 0.002309 0.0 0.0
россияне 0.002309 0.0 0.0
рублей 0.002309 0.0 0.0
руководством 0.002309 2.813411 0.006497
рынок 0.002309 0.0 0.0
сайте 0.002309 0.0 0.0
сайты 0.002309 0.0 0.0
самая 0.002309 0.0 0.0
самолётах 0.002309 0.0 0.0
самых 0.002309 0.0 0.0
сантиметров 0.002309 0.0 0.0
сб 0.002309 0.0 0.0
сбора 0.002309 0.0 0.0
свет 0.002309 0.0 0.0
своей 0.002309 0.0 0.0
связи 0.002309 0.0 0.0
связь 0.002309 0.0 0.0
сгенерировано 0.002309 2.65926 0.006141
сегодня 0.002309 0.0 0.0
серверы 0.002309 0.0 0.0
сервисы 0.002309 0.0 0.0
сертификацию 0.002309 0.0 0.0
серьезных 0.002309 4.60517 0.010635
сети 0.002309 0.0 0.0
сигнала 0.002309 3.506558 0.008098
сильные 0.002309 4.60517 0.010635
синтезировала 0.002309 4.60517 0.010635
синтезировали 0.002309 3.506558 0.008098
сколько 0.002309 2.207275 0.005098
скоро 0.002309 0.0 0.0
слабого 0.002309 4.60517 0.010635
сложной 0.002309 3.506558 0.008098
сложности 0.002309 0.0 0.0
снова 0.002309 0.0 0.0
события 0.002309 4.60517 0.010635
советский 0.002309 0.0 0.0
соглашаетесь 0.002309 0.0 0.0
создание 0.002309 2.525729 0.005833
соотношением 0.002309 3.506558 0.008098
состояния 0.002309 3.218876 0.007434
состоящий 0.002309 4.60517 0.010635
сотрудничестве 0.002309 4.60517 0.010635
спасти 0.002309 0.0 0.0
спектрометра 0.002309 4.60517 0.010635
спектрометров 0.002309 4.60517 0.010635
специально 0.002309 3.506558 0.008098
ср 0.002309 0.0 0.0
среда 0.002309 0.0 0.0
ссылки 0.002309 0.0 0.0
стабильности 0.002309 3.506558 0.008098
стал 0.002309 0.0 0.0
стартуют 0.002309 0.0 0.0
статистика 0.002309 0.0 0.0
статьи 0.002309 0.0 0.0
стоимость 0.002309 0.0 0.0
сша 0.002309 0.0 0.0
тайконавты 0.002309 0.0 0.0
такие 0.002309 1.714798 0.00396
таких 0.002309 2.207275 0.005098
тв 0.002309 0.0 0.0
теги 0.002309 0.0 0.0
текст 0.002309 0.0 0.0
теоретических 0.002309 4.60517 0.010635
теории 0.002309 3.912023 0.009035
технический 0.002309 0.0 0.0
толщину 0.002309 4.60517 0.010635
топ 0.002309 0.0 0.0
точности 0.002309 2.813411 0.006497
точность 0.002309 1.832581 0.004232
тыс 0.002309 0.0 0.0
убрали 0.002309 0.0 0.0
увеличило 0.002309 4.60517 0.010635
удерживать 0.002309 4.60517 0.010635
удивительно 0.002309 4.60517 0.010635
удлиненную 0.002309 4.60517 0.010635
указывая 0.002309 4.60517 0.010635
улучшит 0.002309 2.995732 0.006919
университета 0.002309 2.120264 0.004897
университетов 0.002309 4.60517 0.010635
уникальна 0.002309 3.912023 0.009035
упасть 0.002309 0.0 0.0
уровень 0.002309 3.506558 0.008098
ускорителе 0.002309 2.995732 0.006919
устройства 0.002309 0.0 0.0
ученые 0.002309 1.89712 0.004381
ученым 0.002309 0.0 0.0
учеными 0.002309 4.60517 0.010635
ученых 0.002309 3.506558 0.008098
файлы 0.002309 0.0 0.0
физики 0.002309 3.506558 0.008098
флагманского 0.002309 0.0 0.0
фонового 0.002309 4.60517 0.010635
формируя 0.002309 4.60517 0.010635
фото 0.002309 0.0 0.0
фундаментальные 0.002309 0.0 0.0
фундаментальный 0.002309 4.60517 0.010635
химически 0.002309 4.60517 0.010635
хитом 0.002309 0.0 0.0
хрупким 0.002309 4.60517 0.010635
цены 0.002309 0.0 0.0
цифровой 0.002309 3.506558 0.008098
части 0.002309 0.0 0.0
частиц 0.002309 2.525729 0.005833
часто 0.002309 1.714798 0.00396
человека 0.002309 0.0 0.0
четыре 0.002309 2.813411 0.006497
чт 0.002309 0.0 0.0
шума 0.002309 3.912023 0.009035
экзотических 0.002309 4.60517 0.010635
эксперимент 0.002309 1.832581 0.004232
эксперимента 0.002309 2.65926 0.006141
экспорт 0.002309 0.0 0.0
электрон 0.002309 2.813411 0.006497
электронного 0.002309 4.60517 0.010635
электронный 0.002309 4.60517 0.010635
эмбрионы 0.002309 0.0 0.0
энергией 0.002309 2.995732 0.006919
энергию 0.002309 2.995732 0.006919
энергия 0.002309 3.912023 0.009035
эта 0.002309 1.514128 0.003497
этапе 0.002309 3.912023 0.009035
южной 0.002309 0.0 0.0
ядер 0.002309 2.302585 0.005318
ядерной 0.002309 2.813411 0.006497
ядра 0.002309 3.912023 0.009035
ядрах 0.002309 4.60517 0.010635
ядре 0.002309 4.60517 0.010635
ядро 0.002309 3.218876 0.007434
ядром 0.002309 3.506558 0.008098
японии 0.002309 4.60517 0.010635
