авиалайнера 0.002227 0.0 0.0
австралии 0.002227 0.0 0.0
автоваз 0.002227 0.0 0.0
автоматом 0.002227 0.0 0.0
автопроизводителя 0.002227 0.0 0.0
автор 0.002227 0.0 0.0
авторы 0.002227 0.0 0.0
администрацией 0.002227 0.0 0.0
адрес 0.002227 0.0 0.0
америке 0.002227 0.0 0.0
анализ 0.002227 1.966113 0.004379
аналитики 0.002227 0.0 0.0
аппаратов 0.002227 2.525729 0.005625
аппараты 0.002227 3.218876 0.007169
белка 0.002227 0.0 0.0
биологические 0.002227 0.0 0.0
биологических 0.002227 0.0 0.0
ближнем 0.002227 0.0 0.0
блоги 0.002227 0.0 0.0
брони 0.002227 4.60517 0.010257
бросил 0.002227 3.506558 0.00781
будут 0.002227 0.0 0.0
быстрее 0.002227 2.407946 0.005363
быстро 0.002227 0.0 0.0
весом 0.002227 0.0 0.0
видео 0.002227 0.0 0.0
видеокарты 0.002227 0.0 0.0
видимых 0.002227 4.60517 0.010257
внедорожники 0.002227 0.0 0.0
военных 0.002227 3.506558 0.00781
возвращается 0.002227 4.60517 0.010257
войти 0.002227 0.0 0.0
волос 0.002227 3.218876 0.007169
восстанавливаться 0.002227 3.218876 0.007169
восстанавливаются 0.002227 4.60517 0.010257
восстановился 0.002227 4.60517 0.010257
востоке 0.002227 0.0 0.0
впервые 0.002227 2.120264 0.004722
время 0.002227 1.427116 0.003178
вс 0.002227 0.0 0.0
всему 0.002227 0.0 0.0
вт 0.002227 0.0 0.0
входят 0.002227 0.0 0.0
выдающуюся 0.002227 4.60517 0.010257
выделите 0.002227 0.0 0.0
вызов 0.002227 3.218876 0.007169
выполнили 0.002227 4.60517 0.010257
высоких 0.002227 2.995732 0.006672
высокоскоростного 0.002227 3.506558 0.00781
высокоскоростные 0.002227 3.912023 0.008713
высокоскоростным 0.002227 3.912023 0.008713
выходит 0.002227 0.0 0.0
главную 0.002227 0.0 0.0
года 0.002227 0.0 0.0
годы 0.002227 2.407946 0.005363
дальнейших 0.002227 4.60517 0.010257
данные 0.002227 0.0 0.0
данный 0.002227 0.0 0.0
данных 0.002227 0.0 0.0
двигатели 0.002227 0.0 0.0
двигатель 0.002227 0.0 0.0
движущегося 0.002227 4.60517 0.010257
двух 0.002227 0.0 0.0
действует 0.002227 2.813411 0.006266
демонстрирует 0.002227 2.995732 0.006672
диаметром 0.002227 4.60517 0.010257
дизайн 0.002227 0.0 0.0
динамическими 0.002227 4.60517 0.010257
директор 0.002227 0.0 0.0
дневное 0.002227 3.506558 0.00781
доктор 0.002227 3.506558 0.00781
долговечность 0.002227 4.60517 0.010257
долларов 0.002227 0.0 0.0
дом 0.002227 0.0 0.0
доставили 0.002227 0.0 0.0
достигает 0.002227 0.0 0.0
жесткие 0.002227 4.60517 0.010257
жидкое 0.002227 3.912023 0.008713
завершат 0.002227 0.0 0.0
залечивая 0.002227 3.506558 0.00781
запускающего 0.002227 4.60517 0.010257
затем 0.002227 2.813411 0.006266
защитить 0.002227 3.506558 0.00781
защиты 0.002227 0.0 0.0
защищать 0.002227 4.60517 0.010257
заявила 0.002227 3.218876 0.007169
земле 0.002227 0.0 0.0
земли 0.002227 0.0 0.0
значительных 0.002227 3.912023 0.008713
зонд 0.002227 0.0 0.0
зонда 0.002227 0.0 0.0
игры 0.002227 0.0 0.0
изменяется 0.002227 4.60517 0.010257
измерил 0.002227 3.218876 0.007169
изначально 0.002227 3.218876 0.007169
изучить 0.002227 3.912023 0.008713
имитирует 0.002227 4.60517 0.010257
инновационный 0.002227 0.0 0.0
интервалами 0.002227 4.60517 0.010257
информации 0.002227 0.0 0.0
использовали 0.002227 3.912023 0.008713
использованием 0.002227 2.813411 0.006266
использования 0.002227 0.0 0.0
исследований 0.002227 0.0 0.0
исследователи 0.002227 2.302585 0.005128
источник 0.002227 0.0 0.0
календарь 0.002227 0.0 0.0
камера 0.002227 3.912023 0.008713
категории 0.002227 0.0 0.0
кафедры 0.002227 3.912023 0.008713
кг 0.002227 0.0 0.0
километров 0.002227 0.0 0.0
кинетическую 0.002227 4.60517 0.010257
китай 0.002227 1.171183 0.002608
классическим 0.002227 0.0 0.0
клон 0.002227 0.0 0.0
км 0.002227 1.309333 0.002916
ковалентными 0.002227 4.60517 0.010257
команда 0.002227 2.120264 0.004722
комментирования 0.002227 0.0 0.0
комфортный 0.002227 0.0 0.0
конференция 0.002227 0.0 0.0
конфигурация 0.002227 3.506558 0.00781
кораблей 0.002227 3.912023 0.008713
корее 0.002227 0.0 0.0
корпуса 0.002227 0.0 0.0
космические 0.002227 2.207275 0.004916
космический 0.002227 2.302585 0.005128
космических 0.002227 2.302585 0.005128
космического 0.002227 2.302585 0.005128
космос 0.002227 0.0 0.0
космоса 0.002227 0.0 0.0
космосе 0.002227 2.995732 0.006672
которые 0.002227 1.309333 0.002916
который 0.002227 1.386294 0.003088
кремниевые 0.002227 4.60517 0.010257
кроссовера 0.002227 0.0 0.0
кроссоверы 0.002227 0.0 0.0
крошечные 0.002227 4.60517 0.010257
кубических 0.002227 0.0 0.0
куки 0.002227 0.0 0.0
лазерного 0.002227 3.912023 0.008713
лазерный 0.002227 3.912023 0.008713
легкой 0.002227 4.60517 0.010257
летать 0.002227 0.0 0.0
летним 0.002227 3.506558 0.00781
лету 0.002227 0.0 0.0
листа 0.002227 0.0 0.0
луны 0.002227 3.218876 0.007169
любом 0.002227 4.60517 0.010257
мае 0.002227 0.0 0.0
май 0.002227 0.0 0.0
макроуровне 0.002227 3.912023 0.008713
маневров 0.002227 4.60517 0.010257
марка 0.002227 0.0 0.0
масштабе 0.002227 4.60517 0.010257
масштабировать 0.002227 3.506558 0.00781
материал 0.002227 0.0 0.0
материала 0.002227 2.995732 0.006672
материалов 0.002227 0.0 0.0
материаловедения 0.002227 4.60517 0.010257
машину 0.002227 0.0 0.0
мая 0.002227 0.0 0.0
мгновенно 0.002227 3.218876 0.007169
межпланетный 0.002227 0.0 0.0
меняет 0.002227 0.0 0.0
метод 0.002227 1.714798 0.003819
метрового 0.002227 0.0 0.0
микрометеороидов 0.002227 4.60517 0.010257
микрометеороиды 0.002227 4.60517 0.010257
микрометра 0.002227 4.60517 0.010257
микроскопическое 0.002227 4.60517 0.010257
микрочастицами 0.002227 4.60517 0.010257
миллионов 0.002227 0.0 0.0
мире 0.002227 1.771957 0.003946
миру 0.002227 0.0 0.0
мобильные 0.002227 0.0 0.0
могут 0.002227 0.0 0.0
момент 0.002227 0.0 0.0
мониторы 0.002227 0.0 0.0
мотобрендов 0.002227 0.0 0.0
мотоциклов 0.002227 0.0 0.0
мс 0.002227 0.0 0.0
мультимедиа 0.002227 0.0 0.0
мусор 0.002227 2.813411 0.006266
мусора 0.002227 3.218876 0.007169
нагреве 0.002227 4.60517 0.010257
нажмите 0.002227 0.0 0.0
назвал 0.002227 0.0 0.0
названием 0.002227 0.0 0.0
наносекунд 0.002227 3.912023 0.008713
наносекунды 0.002227 4.60517 0.010257
наноуровне 0.002227 4.60517 0.010257
наука 0.002227 1.966113 0.004379
нашей 0.002227 0.0 0.0
наши 0.002227 0.0 0.0
нашли 0.002227 0.0 0.0
низких 0.002227 3.912023 0.008713
низкой 0.002227 2.995732 0.006672
новости 0.002227 0.0 0.0
новые 0.002227 0.0 0.0
новый 0.002227 0.0 0.0
носители 0.002227 0.0 0.0
ноутбуки 0.002227 0.0 0.0
нужны 0.002227 0.0 0.0
обзоры 0.002227 0.0 0.0
обладает 0.002227 3.506558 0.00781
обломков 0.002227 3.912023 0.008713
обработки 0.002227 0.0 0.0
образует 0.002227 4.60517 0.010257
образцы 0.002227 0.0 0.0
объект 0.002227 2.207275 0.004916
объявлена 0.002227 0.0 0.0
одноклассник 0.002227 0.0 0.0
окна 0.002227 3.912023 0.008713
околоземной 0.002227 3.506558 0.00781
орбите 0.002227 0.0 0.0
ос 0.002227 0.0 0.0
оставляя 0.002227 3.218876 0.007169
отверстие 0.002227 4.60517 0.010257
отверстий 0.002227 4.60517 0.010257
отдадут 0.002227 0.0 0.0
отечественного 0.002227 0.0 0.0
отказа 0.002227 0.0 0.0
отказались 0.002227 0.0 0.0
отключили 0.002227 0.0 0.0
открытие 0.002227 2.525729 0.005625
отметил 0.002227 1.469676 0.003273
охлаждении 0.002227 4.60517 0.010257
очень 0.002227 0.0 0.0
очков 0.002227 3.506558 0.00781
ошибку 0.002227 0.0 0.0
первое 0.002227 3.506558 0.00781
переднего 0.002227 0.0 0.0
передовой 0.002227 4.60517 0.010257
переходит 0.002227 3.912023 0.008713
период 0.002227 0.0 0.0
периферия 0.002227 0.0 0.0
персональные 0.002227 0.0 0.0
персональных 0.002227 0.0 0.0
перспективен 0.002227 4.60517 0.010257
пиар 0.002227 0.0 0.0
пк 0.002227 0.0 0.0
плавиться 0.002227 4.60517 0.010257
планирует 0.002227 1.714798 0.003819
планшеты 0.002227 0.0 0.0
платформа 0.002227 0.0 0.0
пн 0.002227 0.0 0.0
поведение 0.002227 3.218876 0.007169
поведением 0.002227 4.60517 0.010257
повреждений 0.002227 3.912023 0.008713
поглотив 0.002227 4.60517 0.010257
поглощает 0.002227 3.912023 0.008713
поглощать 0.002227 4.60517 0.010257
подвел 0.002227 0.0 0.0
поднял 0.002227 0.0 0.0
подробнее 0.002227 0.0 0.0
подчеркнул 0.002227 2.040221 0.004544
поиск 0.002227 0.0 0.0
пока 0.002227 0.0 0.0
показал 0.002227 2.040221 0.004544
показало 0.002227 2.813411 0.006266
полезные 0.002227 0.0 0.0
полимер 0.002227 3.218876 0.007169
полимеры 0.002227 4.60517 0.010257
политика 0.002227 0.0 0.0
политикой 0.002227 0.0 0.0
полноприводными 0.002227 0.0 0.0
полётов 0.002227 0.0 0.0
помощью 0.002227 2.120264 0.004722
попаданием 0.002227 3.506558 0.00781
попала 0.002227 3.912023 0.008713
попробовать 0.002227 0.0 0.0
популярная 0.002227 0.0 0.0
популярных 0.002227 0.0 0.0
посещать 0.002227 0.0 0.0
правила 0.002227 0.0 0.0
прайс 0.002227 0.0 0.0
предположили 0.002227 3.912023 0.008713
представлен 0.002227 0.0 0.0
представляет 0.002227 2.813411 0.006266
прибавка 0.002227 0.0 0.0
привода 0.002227 0.0 0.0
признают 0.002227 4.60517 0.010257
принтеры 0.002227 0.0 0.0
причины 0.002227 0.0 0.0
пробизнес 0.002227 0.0 0.0
проведения 0.002227 0.0 0.0
проверки 0.002227 3.506558 0.00781
программы 0.002227 0.0 0.0
продавать 0.002227 0.0 0.0
продажи 0.002227 0.0 0.0
продолжая 0.002227 0.0 0.0
проектов 0.002227 0.0 0.0
проекторы 0.002227 0.0 0.0
проекты 0.002227 0.0 0.0
пролить 0.002227 0.0 0.0
пропускает 0.002227 4.60517 0.010257
протестирован 0.002227 3.912023 0.008713
протестированный 0.002227 4.60517 0.010257
профессор 0.002227 3.218876 0.007169
процесс 0.002227 0.0 0.0
процессы 0.002227 0.0 0.0
прочной 0.002227 4.60517 0.010257
прочность 0.002227 3.912023 0.008713
пт 0.002227 0.0 0.0
пули 0.002227 3.912023 0.008713
работы 0.002227 0.0 0.0
разработала 0.002227 3.506558 0.00781
разрываются 0.002227 4.60517 0.010257
раны 0.002227 2.65926 0.005923
расплавился 0.002227 4.60517 0.010257
расстояние 0.002227 3.218876 0.007169
расстояния 0.002227 2.995732 0.006672
растягивается 0.002227 4.60517 0.010257
растягиваться 0.002227 4.60517 0.010257
растянулся 0.002227 4.60517 0.010257
реальных 0.002227 0.0 0.0
результаты 0.002227 0.0 0.0
реклама 0.002227 0.0 0.0
решает 0.002227 0.0 0.0
россии 0.002227 0.0 0.0
россияне 0.002227 0.0 0.0
рублей 0.002227 0.0 0.0
рынок 0.002227 0.0 0.0
сайте 0.002227 0.0 0.0
сайты 0.002227 0.0 0.0
самая 0.002227 0.0 0.0
самозаживляющийся 0.002227 3.506558 0.00781
самолётах 0.002227 0.0 0.0
самых 0.002227 0.0 0.0
сантиметров 0.002227 0.0 0.0
сб 0.002227 0.0 0.0
сбора 0.002227 0.0 0.0
свет 0.002227 0.0 0.0
светлана 0.002227 4.60517 0.010257
своей 0.002227 0.0 0.0
свои 0.002227 1.89712 0.004225
свойств 0.002227 4.60517 0.010257
связи 0.002227 0.0 0.0
связь 0.002227 0.0 0.0
связями 0.002227 4.60517 0.010257
сегодня 0.002227 0.0 0.0
серверы 0.002227 0.0 0.0
сервисы 0.002227 0.0 0.0
сертификацию 0.002227 0.0 0.0
серьезную 0.002227 4.60517 0.010257
сети 0.002227 0.0 0.0
сильном 0.002227 4.60517 0.010257
скоро 0.002227 0.0 0.0
скоростью 0.002227 3.506558 0.00781
слегка 0.002227 4.60517 0.010257
следы 0.002227 3.506558 0.00781
сложности 0.002227 0.0 0.0
см 0.002227 0.0 0.0
снова 0.002227 0.0 0.0
советский 0.002227 0.0 0.0
соглашаетесь 0.002227 0.0 0.0
создали 0.002227 2.813411 0.006266
создания 0.002227 2.120264 0.004722
состояние 0.002227 3.506558 0.00781
спасти 0.002227 0.0 0.0
способен 0.002227 2.525729 0.005625
способность 0.002227 3.506558 0.00781
спутники 0.002227 2.995732 0.006672
спутников 0.002227 2.65926 0.005923
ср 0.002227 0.0 0.0
сравнимо 0.002227 3.506558 0.00781
среда 0.002227 0.0 0.0
ссылки 0.002227 0.0 0.0
стал 0.002227 0.0 0.0
стандартам 0.002227 2.995732 0.006672
станции 0.002227 2.813411 0.006266
стартуют 0.002227 0.0 0.0
статистика 0.002227 0.0 0.0
статьи 0.002227 0.0 0.0
стоимость 0.002227 0.0 0.0
столкновении 0.002227 4.60517 0.010257
столкновения 0.002227 3.218876 0.007169
структурой 0.002227 3.506558 0.00781
супергерой 0.002227 3.506558 0.00781
сухишвили 0.002227 4.60517 0.010257
сша 0.002227 0.0 0.0
тайконавты 0.002227 0.0 0.0
таким 0.002227 2.407946 0.005363
такими 0.002227 3.218876 0.007169
тв 0.002227 0.0 0.0
твердую 0.002227 4.60517 0.010257
теги 0.002227 0.0 0.0
текст 0.002227 0.0 0.0
текучесть 0.002227 4.60517 0.010257
текучие 0.002227 4.60517 0.010257
температурах 0.002227 3.912023 0.008713
тепловизоры 0.002227 3.506558 0.00781
тестирование 0.002227 2.995732 0.006672
тестирования 0.002227 3.506558 0.00781
техасского 0.002227 3.218876 0.007169
технический 0.002227 0.0 0.0
технологии 0.002227 1.514128 0.003372
технологий 0.002227 1.771957 0.003946
технологию 0.002227 2.995732 0.006672
томас 0.002227 4.60517 0.010257
топ 0.002227 0.0 0.0
точностью 0.002227 2.302585 0.005128
требует 0.002227 2.302585 0.005128
тыс 0.002227 0.0 0.0
убрали 0.002227 0.0 0.0
угрозу 0.002227 3.912023 0.008713
удара 0.002227 4.60517 0.010257
ударам 0.002227 4.60517 0.010257
ударе 0.002227 4.60517 0.010257
ударного 0.002227 4.60517 0.010257
уклонения 0.002227 3.912023 0.008713
ультраскоростная 0.002227 4.60517 0.010257
университета 0.002227 2.120264 0.004722
уникальной 0.002227 3.912023 0.008713
уникальны 0.002227 3.218876 0.007169
уникальный 0.002227 4.60517 0.010257
упасть 0.002227 0.0 0.0
условиях 0.002227 1.771957 0.003946
устойчивой 0.002227 4.60517 0.010257
устройства 0.002227 0.0 0.0
ученые 0.002227 1.89712 0.004225
ученым 0.002227 0.0 0.0
ученых 0.002227 3.506558 0.00781
файлы 0.002227 0.0 0.0
фиксировала 0.002227 4.60517 0.010257
флагманского 0.002227 0.0 0.0
формате 0.002227 3.506558 0.00781
форму 0.002227 2.65926 0.005923
фото 0.002227 0.0 0.0
фундаментальные 0.002227 0.0 0.0
хитом 0.002227 0.0 0.0
цель 0.002227 2.65926 0.005923
цены 0.002227 0.0 0.0
части 0.002227 0.0 0.0
частица 0.002227 3.218876 0.007169
частицы 0.002227 3.506558 0.00781
человека 0.002227 0.0 0.0
чт 0.002227 0.0 0.0
эдвин 0.002227 4.60517 0.010257
экспозицией 0.002227 3.912023 0.008713
экспорт 0.002227 0.0 0.0
экстремальных 0.002227 3.912023 0.008713
эластичность 0.002227 4.60517 0.010257
эластичные 0.002227 4.60517 0.010257
эмбрионы 0.002227 0.0 0.0
энергию 0.002227 2.995732 0.006672
южной 0.002227 0.0 0.0
