авиалайнера 0.002967 0.0 0.0
австралии 0.002967 0.0 0.0
автоваз 0.002967 0.0 0.0
автоматом 0.002967 0.0 0.0
автопроизводителя 0.002967 0.0 0.0
автор 0.002967 0.0 0.0
авторы 0.002967 0.0 0.0
администрацией 0.002967 0.0 0.0
адрес 0.002967 0.0 0.0
америке 0.002967 0.0 0.0
анализ 0.002967 1.966113 0.005834
аналитики 0.002967 0.0 0.0
апреля 0.002967 1.966113 0.005834
белка 0.002967 0.0 0.0
биологические 0.002967 0.0 0.0
биологических 0.002967 0.0 0.0
ближнем 0.002967 0.0 0.0
блоги 0.002967 0.0 0.0
будут 0.002967 0.0 0.0
быстро 0.002967 0.0 0.0
важно 0.002967 2.120264 0.006292
вернулись 0.002967 4.60517 0.013665
весом 0.002967 0.0 0.0
видео 0.002967 0.0 0.0
видеокарты 0.002967 0.0 0.0
влиянии 0.002967 4.60517 0.013665
влияния 0.002967 3.218876 0.009552
внедорожники 0.002967 0.0 0.0
воздействию 0.002967 4.60517 0.013665
воздействует 0.002967 4.60517 0.013665
возможностью 0.002967 3.506558 0.010405
войти 0.002967 0.0 0.0
востоке 0.002967 0.0 0.0
временного 0.002967 3.912023 0.011608
вс 0.002967 0.0 0.0
всей 0.002967 3.506558 0.010405
всему 0.002967 0.0 0.0
вт 0.002967 0.0 0.0
входят 0.002967 0.0 0.0
выделите 0.002967 0.0 0.0
выполняя 0.002967 4.60517 0.013665
высоте 0.002967 4.60517 0.013665
выходит 0.002967 0.0 0.0
главную 0.002967 0.0 0.0
года 0.002967 0.0 0.0
данные 0.002967 0.0 0.0
данный 0.002967 0.0 0.0
данных 0.002967 0.0 0.0
двигатели 0.002967 0.0 0.0
двигатель 0.002967 0.0 0.0
двух 0.002967 0.0 0.0
дизайн 0.002967 0.0 0.0
директор 0.002967 0.0 0.0
длительного 0.002967 3.912023 0.011608
длительных 0.002967 4.60517 0.013665
долгосрочных 0.002967 3.912023 0.011608
долларов 0.002967 0.0 0.0
дом 0.002967 0.0 0.0
доставив 0.002967 4.60517 0.013665
доставили 0.002967 0.0 0.0
доставлены 0.002967 3.912023 0.011608
достигает 0.002967 0.0 0.0
других 0.002967 2.040221 0.006054
женщину 0.002967 4.60517 0.013665
животных 0.002967 4.60517 0.013665
живые 0.002967 4.60517 0.013665
завершат 0.002967 0.0 0.0
защиты 0.002967 0.0 0.0
здоровья 0.002967 4.60517 0.013665
земле 0.002967 0.0 0.0
земли 0.002967 0.0 0.0
землю 0.002967 2.813411 0.008348
зонд 0.002967 0.0 0.0
зонда 0.002967 0.0 0.0
игры 0.002967 0.0 0.0
имеет 0.002967 2.65926 0.007891
инновационный 0.002967 0.0 0.0
информации 0.002967 0.0 0.0
использования 0.002967 0.0 0.0
исследований 0.002967 0.0 0.0
исследования 0.002967 2.120264 0.006292
источник 0.002967 0.0 0.0
календарь 0.002967 0.0 0.0
категории 0.002967 0.0 0.0
кг 0.002967 0.0 0.0
километров 0.002967 0.0 0.0
китайская 0.002967 3.506558 0.010405
китайские 0.002967 2.525729 0.007495
классическим 0.002967 0.0 0.0
клетки 0.002967 4.60517 0.013665
клон 0.002967 0.0 0.0
км 0.002967 1.309333 0.003885
комментирования 0.002967 0.0 0.0
комфортный 0.002967 0.0 0.0
конференция 0.002967 0.0 0.0
корее 0.002967 0.0 0.0
корпуса 0.002967 0.0 0.0
космическая 0.002967 2.995732 0.008889
космических 0.002967 2.302585 0.006833
космической 0.002967 2.407946 0.007145
космодрома 0.002967 4.60517 0.013665
космонавтов 0.002967 4.60517 0.013665
космос 0.002967 0.0 0.0
космоса 0.002967 0.0 0.0
космосе 0.002967 2.995732 0.008889
костные 0.002967 4.60517 0.013665
которые 0.002967 1.309333 0.003885
крайне 0.002967 3.218876 0.009552
кроссовера 0.002967 0.0 0.0
кроссоверы 0.002967 0.0 0.0
кубических 0.002967 0.0 0.0
куки 0.002967 0.0 0.0
летать 0.002967 0.0 0.0
лету 0.002967 0.0 0.0
листа 0.002967 0.0 0.0
мае 0.002967 0.0 0.0
май 0.002967 0.0 0.0
марка 0.002967 0.0 0.0
материалов 0.002967 0.0 0.0
машину 0.002967 0.0 0.0
мая 0.002967 0.0 0.0
международного 0.002967 4.60517 0.013665
межпланетный 0.002967 0.0 0.0
меняет 0.002967 0.0 0.0
месяцев 0.002967 2.813411 0.008348
методов 0.002967 3.912023 0.011608
метрового 0.002967 0.0 0.0
микрогравитации 0.002967 4.60517 0.013665
микрогравитация 0.002967 4.60517 0.013665
миллионов 0.002967 0.0 0.0
миру 0.002967 0.0 0.0
миссии 0.002967 1.514128 0.004493
миссий 0.002967 2.407946 0.007145
миссия 0.002967 2.120264 0.006292
мобильные 0.002967 0.0 0.0
могут 0.002967 0.0 0.0
момент 0.002967 0.0 0.0
мониторы 0.002967 0.0 0.0
мотобрендов 0.002967 0.0 0.0
мотоциклов 0.002967 0.0 0.0
мс 0.002967 0.0 0.0
мультимедиа 0.002967 0.0 0.0
мушки 0.002967 4.60517 0.013665
нажмите 0.002967 0.0 0.0
назвал 0.002967 0.0 0.0
названием 0.002967 0.0 0.0
наука 0.002967 1.966113 0.005834
науки 0.002967 3.912023 0.011608
научные 0.002967 3.912023 0.011608
находились 0.002967 4.60517 0.013665
нашей 0.002967 0.0 0.0
наши 0.002967 0.0 0.0
нашли 0.002967 0.0 0.0
негативных 0.002967 4.60517 0.013665
новости 0.002967 0.0 0.0
новые 0.002967 0.0 0.0
новый 0.002967 0.0 0.0
новых 0.002967 1.771957 0.005258
носители 0.002967 0.0 0.0
ноутбуки 0.002967 0.0 0.0
нужны 0.002967 0.0 0.0
обеспечения 0.002967 2.995732 0.008889
обзоры 0.002967 0.0 0.0
области 0.002967 2.120264 0.006292
обработки 0.002967 0.0 0.0
образную 0.002967 4.60517 0.013665
образцов 0.002967 2.813411 0.008348
образцы 0.002967 0.0 0.0
объявлена 0.002967 0.0 0.0
одноклассник 0.002967 0.0 0.0
одну 0.002967 3.506558 0.010405
октября 0.002967 4.60517 0.013665
орбитальной 0.002967 3.506558 0.010405
орбите 0.002967 0.0 0.0
организмы 0.002967 4.60517 0.013665
ос 0.002967 0.0 0.0
отдадут 0.002967 0.0 0.0
отечественного 0.002967 0.0 0.0
отказа 0.002967 0.0 0.0
отказались 0.002967 0.0 0.0
отключили 0.002967 0.0 0.0
очень 0.002967 0.0 0.0
ошибку 0.002967 0.0 0.0
переднего 0.002967 0.0 0.0
период 0.002967 0.0 0.0
периферия 0.002967 0.0 0.0
персональные 0.002967 0.0 0.0
персональных 0.002967 0.0 0.0
пиар 0.002967 0.0 0.0
пк 0.002967 0.0 0.0
планирования 0.002967 3.912023 0.011608
планшеты 0.002967 0.0 0.0
платформа 0.002967 0.0 0.0
плодовые 0.002967 4.60517 0.013665
пн 0.002967 0.0 0.0
подвел 0.002967 0.0 0.0
подвергавшиеся 0.002967 4.60517 0.013665
поднял 0.002967 0.0 0.0
подробнее 0.002967 0.0 0.0
позволит 0.002967 2.65926 0.007891
поиск 0.002967 0.0 0.0
пока 0.002967 0.0 0.0
полезные 0.002967 0.0 0.0
политика 0.002967 0.0 0.0
политикой 0.002967 0.0 0.0
полноприводными 0.002967 0.0 0.0
полугодового 0.002967 4.60517 0.013665
полученные 0.002967 3.912023 0.011608
получили 0.002967 3.218876 0.009552
получить 0.002967 2.995732 0.008889
полётов 0.002967 0.0 0.0
помогут 0.002967 2.813411 0.008348
понять 0.002967 3.506558 0.010405
попробовать 0.002967 0.0 0.0
популярная 0.002967 0.0 0.0
популярных 0.002967 0.0 0.0
посещать 0.002967 0.0 0.0
последствий 0.002967 4.60517 0.013665
правила 0.002967 0.0 0.0
прайс 0.002967 0.0 0.0
пребывания 0.002967 3.912023 0.011608
предназначена 0.002967 3.218876 0.009552
представлен 0.002967 0.0 0.0
прибавка 0.002967 0.0 0.0
привода 0.002967 0.0 0.0
принтеры 0.002967 0.0 0.0
причины 0.002967 0.0 0.0
пробизнес 0.002967 0.0 0.0
проведения 0.002967 0.0 0.0
провели 0.002967 4.60517 0.013665
программы 0.002967 0.0 0.0
продавать 0.002967 0.0 0.0
продажи 0.002967 0.0 0.0
продолжая 0.002967 0.0 0.0
проектов 0.002967 0.0 0.0
проекторы 0.002967 0.0 0.0
проекты 0.002967 0.0 0.0
пролить 0.002967 0.0 0.0
протяжении 0.002967 4.60517 0.013665
процессы 0.002967 0.0 0.0
пт 0.002967 0.0 0.0
путешествий 0.002967 4.60517 0.013665
работы 0.002967 0.0 0.0
развитие 0.002967 3.506558 0.010405
развития 0.002967 2.407946 0.007145
разработке 0.002967 2.65926 0.007891
ранней 0.002967 2.995732 0.008889
расположенная 0.002967 4.60517 0.013665
рассчитана 0.002967 4.60517 0.013665
расширения 0.002967 2.995732 0.008889
реальных 0.002967 0.0 0.0
результаты 0.002967 0.0 0.0
реклама 0.002967 0.0 0.0
решает 0.002967 0.0 0.0
россии 0.002967 0.0 0.0
россияне 0.002967 0.0 0.0
рублей 0.002967 0.0 0.0
рынок 0.002967 0.0 0.0
сайте 0.002967 0.0 0.0
сайты 0.002967 0.0 0.0
самая 0.002967 0.0 0.0
самолётах 0.002967 0.0 0.0
самых 0.002967 0.0 0.0
сантиметров 0.002967 0.0 0.0
сб 0.002967 0.0 0.0
сбора 0.002967 0.0 0.0
свет 0.002967 0.0 0.0
своей 0.002967 0.0 0.0
связи 0.002967 0.0 0.0
связь 0.002967 0.0 0.0
сегодня 0.002967 0.0 0.0
серверы 0.002967 0.0 0.0
сервисы 0.002967 0.0 0.0
сертификацию 0.002967 0.0 0.0
сети 0.002967 0.0 0.0
скоро 0.002967 0.0 0.0
сложности 0.002967 0.0 0.0
снова 0.002967 0.0 0.0
советский 0.002967 0.0 0.0
соглашаетесь 0.002967 0.0 0.0
сотрудничества 0.002967 3.506558 0.010405
спасти 0.002967 0.0 0.0
способствовать 0.002967 4.60517 0.013665
ср 0.002967 0.0 0.0
среда 0.002967 0.0 0.0
среды 0.002967 3.912023 0.011608
ссылки 0.002967 0.0 0.0
стадии 0.002967 3.218876 0.009552
стал 0.002967 0.0 0.0
станции 0.002967 2.813411 0.008348
станция 0.002967 2.813411 0.008348
стартовала 0.002967 3.912023 0.011608
стартуют 0.002967 0.0 0.0
статистика 0.002967 0.0 0.0
статьи 0.002967 0.0 0.0
стволовые 0.002967 4.60517 0.013665
стоимость 0.002967 0.0 0.0
сша 0.002967 0.0 0.0
тайконавта 0.002967 4.60517 0.013665
тайконавты 0.002967 0.0 0.0
тасс 0.002967 3.506558 0.010405
тв 0.002967 0.0 0.0
теги 0.002967 0.0 0.0
текст 0.002967 0.0 0.0
технический 0.002967 0.0 0.0
топ 0.002967 0.0 0.0
трех 0.002967 3.218876 0.009552
тыс 0.002967 0.0 0.0
тяньгун 0.002967 4.60517 0.013665
убрали 0.002967 0.0 0.0
упасть 0.002967 0.0 0.0
условиях 0.002967 1.771957 0.005258
устройства 0.002967 0.0 0.0
ученые 0.002967 1.89712 0.005629
ученым 0.002967 0.0 0.0
файлы 0.002967 0.0 0.0
флагманского 0.002967 0.0 0.0
форму 0.002967 2.65926 0.007891
фото 0.002967 0.0 0.0
фундаментальные 0.002967 0.0 0.0
хитом 0.002967 0.0 0.0
ценные 0.002967 3.912023 0.011608
цены 0.002967 0.0 0.0
цзюцюань 0.002967 4.60517 0.013665
части 0.002967 0.0 0.0
человек 0.002967 0.0 0.0
человека 0.002967 0.0 0.0
чт 0.002967 0.0 0.0
шести 0.002967 2.65926 0.007891
шесть 0.002967 2.995732 0.008889
шэньчжоу 0.002967 4.60517 0.013665
экипаж 0.002967 3.218876 0.009552
эксперименты 0.002967 3.912023 0.011608
экспорт 0.002967 0.0 0.0
эмбрионов 0.002967 4.60517 0.013665
эмбрионы 0.002967 0.0 0.0
южной 0.002967 0.0 0.0
