авиалайнера 0.002985 0.0 0.0
австралии 0.002985 0.0 0.0
авто 0.002985 0.0 0.0
автоваз 0.002985 0.0 0.0
автоматизированной 0.002985 3.506558 0.010467
автоматом 0.002985 0.0 0.0
автомобиль 0.002985 2.525729 0.007539
автоновости 0.002985 3.506558 0.010467
автопроизводителя 0.002985 0.0 0.0
автор 0.002985 0.0 0.0
авторы 0.002985 0.0 0.0
администрацией 0.002985 0.0 0.0
адрес 0.002985 0.0 0.0
альтернативные 0.002985 3.218876 0.009609
америке 0.002985 0.0 0.0
аналитики 0.002985 0.0 0.0
аналогичный 0.002985 4.60517 0.013747
атмосферная 0.002985 4.60517 0.013747
белка 0.002985 0.0 0.0
бензиновым 0.002985 3.912023 0.011678
бесключевой 0.002985 4.60517 0.013747
беспроводная 0.002985 3.912023 0.011678
биологические 0.002985 0.0 0.0
биологических 0.002985 0.0 0.0
ближнем 0.002985 0.0 0.0
блоги 0.002985 0.0 0.0
будут 0.002985 0.0 0.0
быстро 0.002985 0.0 0.0
бюджетный 0.002985 3.506558 0.010467
вариатором 0.002985 3.912023 0.011678
велюра 0.002985 4.60517 0.013747
версией 0.002985 3.506558 0.010467
версию 0.002985 2.813411 0.008398
весом 0.002985 0.0 0.0
видео 0.002985 0.0 0.0
видеокарты 0.002985 0.0 0.0
владивостока 0.002985 4.60517 0.013747
вместе 0.002985 2.65926 0.007938
внедорожники 0.002985 0.0 0.0
войти 0.002985 0.0 0.0
востоке 0.002985 0.0 0.0
вразрез 0.002985 4.60517 0.013747
вс 0.002985 0.0 0.0
всему 0.002985 0.0 0.0
вт 0.002985 0.0 0.0
входят 0.002985 0.0 0.0
выделите 0.002985 0.0 0.0
выпускается 0.002985 3.912023 0.011678
выходит 0.002985 0.0 0.0
главную 0.002985 0.0 0.0
года 0.002985 0.0 0.0
данные 0.002985 0.0 0.0
данный 0.002985 0.0 0.0
данных 0.002985 0.0 0.0
двигателем 0.002985 3.218876 0.009609
двигатели 0.002985 0.0 0.0
двигатель 0.002985 0.0 0.0
двух 0.002985 0.0 0.0
дешевле 0.002985 2.525729 0.007539
дизайн 0.002985 0.0 0.0
директор 0.002985 0.0 0.0
дня 0.002985 0.0 0.0
долларов 0.002985 0.0 0.0
дом 0.002985 0.0 0.0
дорогой 0.002985 4.60517 0.013747
доставили 0.002985 0.0 0.0
достигает 0.002985 0.0 0.0
доступ 0.002985 1.347074 0.004021
дюймовым 0.002985 3.506558 0.010467
завершат 0.002985 0.0 0.0
заказ 0.002985 2.525729 0.007539
заказа 0.002985 3.912023 0.011678
заказной 0.002985 4.60517 0.013747
зарядка 0.002985 3.912023 0.011678
защиты 0.002985 0.0 0.0
земле 0.002985 0.0 0.0
земли 0.002985 0.0 0.0
зонд 0.002985 0.0 0.0
зонда 0.002985 0.0 0.0
игры 0.002985 0.0 0.0
идет 0.002985 2.65926 0.007938
индонезии 0.002985 4.60517 0.013747
инновационный 0.002985 0.0 0.0
информации 0.002985 0.0 0.0
использования 0.002985 0.0 0.0
исследований 0.002985 0.0 0.0
источник 0.002985 0.0 0.0
календарь 0.002985 0.0 0.0
каналы 0.002985 3.912023 0.011678
категории 0.002985 0.0 0.0
качества 0.002985 2.995732 0.008942
кг 0.002985 0.0 0.0
километров 0.002985 0.0 0.0
китае 0.002985 2.302585 0.006873
классическим 0.002985 0.0 0.0
клон 0.002985 0.0 0.0
кожи 0.002985 4.60517 0.013747
колесо 0.002985 3.912023 0.011678
комбинированная 0.002985 4.60517 0.013747
комментирования 0.002985 0.0 0.0
компакт 0.002985 2.407946 0.007188
компактвэн 0.002985 4.60517 0.013747
компания 0.002985 0.820981 0.002451
комплектации 0.002985 2.65926 0.007938
комфортный 0.002985 0.0 0.0
конференция 0.002985 0.0 0.0
корее 0.002985 0.0 0.0
коробкой 0.002985 2.813411 0.008398
корпуса 0.002985 0.0 0.0
космос 0.002985 0.0 0.0
космоса 0.002985 0.0 0.0
который 0.002985 1.386294 0.004138
кроссовера 0.002985 0.0 0.0
кроссоверы 0.002985 0.0 0.0
кубических 0.002985 0.0 0.0
кузовом 0.002985 4.60517 0.013747
куки 0.002985 0.0 0.0
летать 0.002985 0.0 0.0
лету 0.002985 0.0 0.0
листа 0.002985 0.0 0.0
литровым 0.002985 3.218876 0.009609
мае 0.002985 0.0 0.0
май 0.002985 0.0 0.0
марка 0.002985 0.0 0.0
материалов 0.002985 0.0 0.0
машину 0.002985 0.0 0.0
машины 0.002985 1.771957 0.005289
мая 0.002985 0.0 0.0
медиасистема 0.002985 3.506558 0.010467
межпланетный 0.002985 0.0 0.0
меняет 0.002985 0.0 0.0
местная 0.002985 3.506558 0.010467
месяц 0.002985 1.832581 0.00547
метрового 0.002985 0.0 0.0
миллионов 0.002985 0.0 0.0
миру 0.002985 0.0 0.0
млн 0.002985 1.108663 0.003309
многофункциональное 0.002985 4.60517 0.013747
мобильные 0.002985 0.0 0.0
могут 0.002985 0.0 0.0
момент 0.002985 0.0 0.0
мониторы 0.002985 0.0 0.0
мотобрендов 0.002985 0.0 0.0
мотоциклов 0.002985 0.0 0.0
мощностью 0.002985 1.832581 0.00547
мс 0.002985 0.0 0.0
мультимедиа 0.002985 0.0 0.0
набережных 0.002985 4.60517 0.013747
нажмите 0.002985 0.0 0.0
назад 0.002985 2.65926 0.007938
назвал 0.002985 0.0 0.0
названием 0.002985 0.0 0.0
наличии 0.002985 4.60517 0.013747
наличия 0.002985 3.506558 0.010467
нашей 0.002985 0.0 0.0
наши 0.002985 0.0 0.0
нашли 0.002985 0.0 0.0
новости 0.002985 0.0 0.0
новые 0.002985 0.0 0.0
новый 0.002985 0.0 0.0
носители 0.002985 0.0 0.0
ноутбуки 0.002985 0.0 0.0
ноябрьске 0.002985 4.60517 0.013747
нужны 0.002985 0.0 0.0
обзоры 0.002985 0.0 0.0
обработки 0.002985 0.0 0.0
образцы 0.002985 0.0 0.0
объявлена 0.002985 0.0 0.0
одноклассник 0.002985 0.0 0.0
оптика 0.002985 4.60517 0.013747
опций 0.002985 4.60517 0.013747
орбите 0.002985 0.0 0.0
ос 0.002985 0.0 0.0
оснащены 0.002985 3.912023 0.011678
отдадут 0.002985 0.0 0.0
отделка 0.002985 4.60517 0.013747
отечественного 0.002985 0.0 0.0
отказа 0.002985 0.0 0.0
отказались 0.002985 0.0 0.0
отключили 0.002985 0.0 0.0
отложена 0.002985 3.506558 0.010467
оценён 0.002985 4.60517 0.013747
очень 0.002985 0.0 0.0
ошибку 0.002985 0.0 0.0
падающим 0.002985 3.912023 0.011678
панель 0.002985 2.995732 0.008942
передач 0.002985 2.120264 0.006329
переднего 0.002985 0.0 0.0
передний 0.002985 3.506558 0.010467
период 0.002985 0.0 0.0
периферия 0.002985 0.0 0.0
персональные 0.002985 0.0 0.0
персональных 0.002985 0.0 0.0
пиар 0.002985 0.0 0.0
пк 0.002985 0.0 0.0
планшеты 0.002985 0.0 0.0
платформа 0.002985 0.0 0.0
пн 0.002985 0.0 0.0
подвел 0.002985 0.0 0.0
поднял 0.002985 0.0 0.0
подождать 0.002985 3.506558 0.010467
подорожал 0.002985 3.218876 0.009609
подробнее 0.002985 0.0 0.0
подсветка 0.002985 3.912023 0.011678
поиск 0.002985 0.0 0.0
пока 0.002985 0.0 0.0
полезные 0.002985 0.0 0.0
политика 0.002985 0.0 0.0
политикой 0.002985 0.0 0.0
полмиллиона 0.002985 4.60517 0.013747
полноприводными 0.002985 0.0 0.0
полётов 0.002985 0.0 0.0
попробовать 0.002985 0.0 0.0
популярная 0.002985 0.0 0.0
популярных 0.002985 0.0 0.0
посещать 0.002985 0.0 0.0
поставляемый 0.002985 4.60517 0.013747
правила 0.002985 0.0 0.0
прайс 0.002985 0.0 0.0
предлагает 0.002985 2.120264 0.006329
представлен 0.002985 0.0 0.0
премиальной 0.002985 4.60517 0.013747
премиальную 0.002985 4.60517 0.013747
прибавка 0.002985 0.0 0.0
приборная 0.002985 4.60517 0.013747
привод 0.002985 0.0 0.0
привода 0.002985 0.0 0.0
принимает 0.002985 4.60517 0.013747
принтеры 0.002985 0.0 0.0
причины 0.002985 0.0 0.0
пробизнес 0.002985 0.0 0.0
проведения 0.002985 0.0 0.0
программы 0.002985 0.0 0.0
продавать 0.002985 0.0 0.0
продавец 0.002985 3.912023 0.011678
продажи 0.002985 0.0 0.0
продолжая 0.002985 0.0 0.0
проектов 0.002985 0.0 0.0
проекторы 0.002985 0.0 0.0
проекты 0.002985 0.0 0.0
пролить 0.002985 0.0 0.0
просит 0.002985 2.65926 0.007938
процессы 0.002985 0.0 0.0
пт 0.002985 0.0 0.0
работы 0.002985 0.0 0.0
реальных 0.002985 0.0 0.0
результаты 0.002985 0.0 0.0
реклама 0.002985 0.0 0.0
решает 0.002985 0.0 0.0
россии 0.002985 0.0 0.0
россию 0.002985 3.506558 0.010467
россия 0.002985 0.0 0.0
россияне 0.002985 0.0 0.0
рублей 0.002985 0.0 0.0
рулевое 0.002985 3.912023 0.011678
рынком 0.002985 3.912023 0.011678
рынок 0.002985 0.0 0.0
сайте 0.002985 0.0 0.0
сайты 0.002985 0.0 0.0
салона 0.002985 3.912023 0.011678
салоном 0.002985 4.60517 0.013747
самая 0.002985 0.0 0.0
самой 0.002985 2.525729 0.007539
самолётах 0.002985 0.0 0.0
самых 0.002985 0.0 0.0
сантиметров 0.002985 0.0 0.0
сб 0.002985 0.0 0.0
сбора 0.002985 0.0 0.0
свет 0.002985 0.0 0.0
светодиодная 0.002985 4.60517 0.013747
своей 0.002985 0.0 0.0
связи 0.002985 0.0 0.0
связь 0.002985 0.0 0.0
сегодня 0.002985 0.0 0.0
седан 0.002985 2.65926 0.007938
семиместный 0.002985 4.60517 0.013747
серверы 0.002985 0.0 0.0
сервисы 0.002985 0.0 0.0
сертификацию 0.002985 0.0 0.0
сети 0.002985 0.0 0.0
скоро 0.002985 0.0 0.0
сложности 0.002985 0.0 0.0
снова 0.002985 0.0 0.0
собой 0.002985 3.218876 0.009609
советский 0.002985 0.0 0.0
соглашаетесь 0.002985 0.0 0.0
спасти 0.002985 0.0 0.0
ср 0.002985 0.0 0.0
среда 0.002985 0.0 0.0
ссылки 0.002985 0.0 0.0
стал 0.002985 0.0 0.0
стали 0.002985 2.65926 0.007938
стартуют 0.002985 0.0 0.0
статистика 0.002985 0.0 0.0
статьи 0.002985 0.0 0.0
стоимость 0.002985 0.0 0.0
стоит 0.002985 1.966113 0.005869
столько 0.002985 2.407946 0.007188
ступенчатым 0.002985 2.995732 0.008942
сша 0.002985 0.0 0.0
тайконавты 0.002985 0.0 0.0
тв 0.002985 0.0 0.0
теги 0.002985 0.0 0.0
текст 0.002985 0.0 0.0
технический 0.002985 0.0 0.0
ткани 0.002985 3.912023 0.011678
топ 0.002985 0.0 0.0
топовой 0.002985 3.218876 0.009609
тыс 0.002985 0.0 0.0
убрали 0.002985 0.0 0.0
увеличилась 0.002985 4.60517 0.013747
удлинённым 0.002985 4.60517 0.013747
улучшенным 0.002985 4.60517 0.013747
упасть 0.002985 0.0 0.0
устройства 0.002985 0.0 0.0
ученым 0.002985 0.0 0.0
файлы 0.002985 0.0 0.0
флагманского 0.002985 0.0 0.0
фото 0.002985 0.0 0.0
фундаментальные 0.002985 0.0 0.0
хитом 0.002985 0.0 0.0
цены 0.002985 0.0 0.0
цифровая 0.002985 3.912023 0.011678
части 0.002985 0.0 0.0
частный 0.002985 4.60517 0.013747
челнах 0.002985 4.60517 0.013747
человека 0.002985 0.0 0.0
чт 0.002985 0.0 0.0
эко 0.002985 2.040221 0.00609
экраном 0.002985 3.506558 0.010467
экспорт 0.002985 0.0 0.0
эмбрионы 0.002985 0.0 0.0
южной 0.002985 0.0 0.0
являет 0.002985 2.65926 0.007938
является 0.002985 3.218876 0.009609
