авиалайнера 0.002336 0.0 0.0
австралии 0.002336 0.0 0.0
автоваз 0.002336 0.0 0.0
автоматом 0.002336 0.0 0.0
автопроизводителя 0.002336 0.0 0.0
автор 0.002336 0.0 0.0
авторы 0.002336 0.0 0.0
агентство 0.002336 3.218876 0.007521
администрацией 0.002336 0.0 0.0
адрес 0.002336 0.0 0.0
америке 0.002336 0.0 0.0
анализа 0.002336 2.65926 0.006213
анализировала 0.002336 4.60517 0.01076
аналитики 0.002336 0.0 0.0
аналитическому 0.002336 4.60517 0.01076
аномальных 0.002336 4.60517 0.01076
белка 0.002336 0.0 0.0
беспрецедентной 0.002336 4.60517 0.01076
биологические 0.002336 0.0 0.0
биологических 0.002336 0.0 0.0
биосфера 0.002336 3.506558 0.008193
ближнем 0.002336 0.0 0.0
блоги 0.002336 0.0 0.0
будут 0.002336 0.0 0.0
быстрее 0.002336 2.407946 0.005626
быстро 0.002336 0.0 0.0
вашингтонского 0.002336 4.60517 0.01076
ведет 0.002336 4.60517 0.01076
весом 0.002336 0.0 0.0
взаимодействий 0.002336 3.506558 0.008193
взрывы 0.002336 4.60517 0.01076
видео 0.002336 0.0 0.0
видеокарты 0.002336 0.0 0.0
влияние 0.002336 3.506558 0.008193
вместе 0.002336 2.65926 0.006213
внедорожники 0.002336 0.0 0.0
возможным 0.002336 3.218876 0.007521
возрастом 0.002336 4.60517 0.01076
войти 0.002336 0.0 0.0
востоке 0.002336 0.0 0.0
впервые 0.002336 2.120264 0.004954
вс 0.002336 0.0 0.0
всему 0.002336 0.0 0.0
вт 0.002336 0.0 0.0
входят 0.002336 0.0 0.0
выделите 0.002336 0.0 0.0
вытолкнув 0.002336 4.60517 0.01076
выходит 0.002336 0.0 0.0
выявлена 0.002336 4.60517 0.01076
галактике 0.002336 4.60517 0.01076
галактические 0.002336 4.60517 0.01076
главную 0.002336 0.0 0.0
года 0.002336 0.0 0.0
годах 0.002336 2.995732 0.006999
году 0.002336 1.272966 0.002974
готовы 0.002336 3.506558 0.008193
групп 0.002336 2.407946 0.005626
группы 0.002336 4.60517 0.01076
дает 0.002336 1.514128 0.003538
данные 0.002336 0.0 0.0
данный 0.002336 0.0 0.0
данных 0.002336 0.0 0.0
двигатели 0.002336 0.0 0.0
двигатель 0.002336 0.0 0.0
движениями 0.002336 3.912023 0.00914
движутся 0.002336 4.60517 0.01076
двух 0.002336 0.0 0.0
дизайн 0.002336 0.0 0.0
дилана 0.002336 4.60517 0.01076
директор 0.002336 0.0 0.0
долларов 0.002336 0.0 0.0
дом 0.002336 0.0 0.0
доставили 0.002336 0.0 0.0
достигает 0.002336 0.0 0.0
другая 0.002336 4.60517 0.01076
европейское 0.002336 4.60517 0.01076
завершат 0.002336 0.0 0.0
завершила 0.002336 2.65926 0.006213
загадка 0.002336 3.506558 0.008193
западного 0.002336 3.912023 0.00914
заставляет 0.002336 2.813411 0.006573
защите 0.002336 3.506558 0.008193
защиты 0.002336 0.0 0.0
звезд 0.002336 2.813411 0.006573
звездах 0.002336 4.60517 0.01076
звездная 0.002336 4.60517 0.01076
звездные 0.002336 4.60517 0.01076
звездных 0.002336 3.506558 0.008193
звезды 0.002336 4.60517 0.01076
земле 0.002336 0.0 0.0
земли 0.002336 0.0 0.0
земных 0.002336 3.218876 0.007521
знаем 0.002336 4.60517 0.01076
зонд 0.002336 0.0 0.0
зонда 0.002336 0.0 0.0
игры 0.002336 0.0 0.0
известная 0.002336 3.912023 0.00914
изменили 0.002336 4.60517 0.01076
изучение 0.002336 3.506558 0.008193
инновационный 0.002336 0.0 0.0
инструменты 0.002336 2.65926 0.006213
информации 0.002336 0.0 0.0
использования 0.002336 0.0 0.0
исследований 0.002336 0.0 0.0
исследования 0.002336 2.120264 0.004954
источник 0.002336 0.0 0.0
ищут 0.002336 3.912023 0.00914
йоханнес 0.002336 4.60517 0.01076
календарь 0.002336 0.0 0.0
категории 0.002336 0.0 0.0
кг 0.002336 0.0 0.0
километров 0.002336 0.0 0.0
классическим 0.002336 0.0 0.0
клон 0.002336 0.0 0.0
комментирования 0.002336 0.0 0.0
комфортный 0.002336 0.0 0.0
конференция 0.002336 0.0 0.0
конце 0.002336 2.207275 0.005157
корее 0.002336 0.0 0.0
короткие 0.002336 4.60517 0.01076
корпуса 0.002336 0.0 0.0
космическое 0.002336 4.60517 0.01076
космос 0.002336 0.0 0.0
космоса 0.002336 0.0 0.0
которая 0.002336 1.560648 0.003646
которые 0.002336 1.309333 0.003059
которых 0.002336 2.813411 0.006573
кроссовера 0.002336 0.0 0.0
кроссоверы 0.002336 0.0 0.0
крупные 0.002336 3.506558 0.008193
крупных 0.002336 2.995732 0.006999
кубических 0.002336 0.0 0.0
куки 0.002336 0.0 0.0
кункель 0.002336 4.60517 0.01076
лет 0.002336 0.0 0.0
летать 0.002336 0.0 0.0
лету 0.002336 0.0 0.0
листа 0.002336 0.0 0.0
любая 0.002336 3.912023 0.00914
мае 0.002336 0.0 0.0
май 0.002336 0.0 0.0
марина 0.002336 4.60517 0.01076
марка 0.002336 0.0 0.0
марсианская 0.002336 3.506558 0.008193
марте 0.002336 2.813411 0.006573
массивные 0.002336 4.60517 0.01076
массового 0.002336 3.912023 0.00914
материалов 0.002336 0.0 0.0
машину 0.002336 0.0 0.0
мая 0.002336 0.0 0.0
межпланетный 0.002336 0.0 0.0
меняет 0.002336 0.0 0.0
места 0.002336 2.813411 0.006573
методами 0.002336 4.60517 0.01076
методы 0.002336 2.813411 0.006573
метрового 0.002336 0.0 0.0
микробов 0.002336 3.506558 0.008193
миллиардах 0.002336 4.60517 0.01076
миллиарды 0.002336 3.912023 0.00914
миллионов 0.002336 0.0 0.0
мире 0.002336 1.771957 0.00414
миру 0.002336 0.0 0.0
миссии 0.002336 1.514128 0.003538
миссия 0.002336 2.120264 0.004954
млечного 0.002336 3.218876 0.007521
млечному 0.002336 4.60517 0.01076
млечный 0.002336 3.218876 0.007521
млн 0.002336 1.108663 0.00259
мобильные 0.002336 0.0 0.0
могли 0.002336 2.813411 0.006573
могут 0.002336 0.0 0.0
моделированию 0.002336 4.60517 0.01076
модель 0.002336 1.469676 0.003434
молодых 0.002336 3.912023 0.00914
момент 0.002336 0.0 0.0
мониторы 0.002336 0.0 0.0
мотобрендов 0.002336 0.0 0.0
мотоциклов 0.002336 0.0 0.0
мс 0.002336 0.0 0.0
мультимедиа 0.002336 0.0 0.0
наблюдения 0.002336 3.912023 0.00914
нажмите 0.002336 0.0 0.0
назвал 0.002336 0.0 0.0
названием 0.002336 0.0 0.0
названная 0.002336 4.60517 0.01076
найдена 0.002336 4.60517 0.01076
нам 0.002336 1.139434 0.002662
нарушает 0.002336 4.60517 0.01076
наука 0.002336 1.966113 0.004594
нашей 0.002336 0.0 0.0
наши 0.002336 0.0 0.0
нашли 0.002336 0.0 0.0
невозможно 0.002336 3.912023 0.00914
неизвестно 0.002336 3.506558 0.008193
необычная 0.002336 4.60517 0.01076
необычной 0.002336 3.912023 0.00914
несколько 0.002336 2.525729 0.005901
нехарактерно 0.002336 3.912023 0.00914
низкомассивных 0.002336 4.60517 0.01076
новому 0.002336 4.60517 0.01076
новости 0.002336 0.0 0.0
новые 0.002336 0.0 0.0
новый 0.002336 0.0 0.0
носители 0.002336 0.0 0.0
ноутбуки 0.002336 0.0 0.0
нужны 0.002336 0.0 0.0
обзоры 0.002336 0.0 0.0
обнаружена 0.002336 4.60517 0.01076
обнаружили 0.002336 2.995732 0.006999
обработки 0.002336 0.0 0.0
образцы 0.002336 0.0 0.0
объему 0.002336 3.912023 0.00914
объявило 0.002336 4.60517 0.01076
объявлена 0.002336 0.0 0.0
обычно 0.002336 3.506558 0.008193
огромному 0.002336 4.60517 0.01076
одноклассник 0.002336 0.0 0.0
одном 0.002336 3.506558 0.008193
ожидаются 0.002336 3.912023 0.00914
орбите 0.002336 0.0 0.0
ос 0.002336 0.0 0.0
отдадут 0.002336 0.0 0.0
отечественного 0.002336 0.0 0.0
отказа 0.002336 0.0 0.0
отказались 0.002336 0.0 0.0
отключили 0.002336 0.0 0.0
открытие 0.002336 2.525729 0.005901
открытии 0.002336 4.60517 0.01076
открытия 0.002336 3.912023 0.00914
отличие 0.002336 2.207275 0.005157
отметил 0.002336 1.469676 0.003434
очень 0.002336 0.0 0.0
ошибку 0.002336 0.0 0.0
партнёры 0.002336 3.218876 0.007521
переднего 0.002336 0.0 0.0
пересмотреть 0.002336 2.813411 0.006573
период 0.002336 0.0 0.0
периферия 0.002336 0.0 0.0
персональные 0.002336 0.0 0.0
персональных 0.002336 0.0 0.0
пиар 0.002336 0.0 0.0
пк 0.002336 0.0 0.0
планеты 0.002336 2.302585 0.00538
планшеты 0.002336 0.0 0.0
платформа 0.002336 0.0 0.0
платформы 0.002336 2.407946 0.005626
пн 0.002336 0.0 0.0
поведение 0.002336 3.218876 0.007521
повлиять 0.002336 3.912023 0.00914
подвел 0.002336 0.0 0.0
поднял 0.002336 0.0 0.0
подробнее 0.002336 0.0 0.0
подхода 0.002336 4.60517 0.01076
подчеркивает 0.002336 3.912023 0.00914
позволила 0.002336 4.60517 0.01076
поиск 0.002336 0.0 0.0
поиска 0.002336 2.813411 0.006573
пока 0.002336 0.0 0.0
покидающих 0.002336 3.506558 0.008193
полезные 0.002336 0.0 0.0
политика 0.002336 0.0 0.0
политикой 0.002336 0.0 0.0
полноприводными 0.002336 0.0 0.0
полётов 0.002336 0.0 0.0
помогает 0.002336 3.506558 0.008193
помощью 0.002336 2.120264 0.004954
попробовать 0.002336 0.0 0.0
популярная 0.002336 0.0 0.0
популярных 0.002336 0.0 0.0
посещать 0.002336 0.0 0.0
похожими 0.002336 4.60517 0.01076
почему 0.002336 3.506558 0.008193
пояснила 0.002336 2.813411 0.006573
правила 0.002336 0.0 0.0
прайс 0.002336 0.0 0.0
предполагают 0.002336 3.912023 0.00914
представлен 0.002336 0.0 0.0
прибавка 0.002336 0.0 0.0
привлёк 0.002336 3.218876 0.007521
привода 0.002336 0.0 0.0
примерно 0.002336 2.995732 0.006999
приносить 0.002336 4.60517 0.01076
принтеры 0.002336 0.0 0.0
причины 0.002336 0.0 0.0
пробизнес 0.002336 0.0 0.0
проведения 0.002336 0.0 0.0
программы 0.002336 0.0 0.0
продавать 0.002336 0.0 0.0
продажи 0.002336 0.0 0.0
продолжат 0.002336 3.506558 0.008193
продолжая 0.002336 0.0 0.0
проекта 0.002336 2.407946 0.005626
проектов 0.002336 0.0 0.0
проекторы 0.002336 0.0 0.0
проекты 0.002336 0.0 0.0
происходит 0.002336 2.995732 0.006999
пролить 0.002336 0.0 0.0
процессы 0.002336 0.0 0.0
пт 0.002336 0.0 0.0
пути 0.002336 2.813411 0.006573
путь 0.002336 2.120264 0.004954
работы 0.002336 0.0 0.0
развития 0.002336 2.407946 0.005626
разлететься 0.002336 4.60517 0.01076
разлетятся 0.002336 4.60517 0.01076
размера 0.002336 3.506558 0.008193
разработать 0.002336 3.912023 0.00914
ранее 0.002336 1.771957 0.00414
распавшись 0.002336 4.60517 0.01076
распадающаяся 0.002336 4.60517 0.01076
расположенные 0.002336 3.912023 0.00914
раунде 0.002336 3.506558 0.008193
реальных 0.002336 0.0 0.0
регионе 0.002336 4.60517 0.01076
результате 0.002336 3.912023 0.00914
результаты 0.002336 0.0 0.0
реклама 0.002336 0.0 0.0
реконструировать 0.002336 4.60517 0.01076
рекордно 0.002336 3.912023 0.00914
релизы 0.002336 4.60517 0.01076
решает 0.002336 0.0 0.0
россии 0.002336 0.0 0.0
россияне 0.002336 0.0 0.0
рублей 0.002336 0.0 0.0
руководством 0.002336 2.813411 0.006573
рынок 0.002336 0.0 0.0
сайте 0.002336 0.0 0.0
сайты 0.002336 0.0 0.0
салманн 0.002336 4.60517 0.01076
самая 0.002336 0.0 0.0
самолётах 0.002336 0.0 0.0
самых 0.002336 0.0 0.0
сантиметров 0.002336 0.0 0.0
сб 0.002336 0.0 0.0
сбора 0.002336 0.0 0.0
сверхновые 0.002336 3.912023 0.00914
сверхновых 0.002336 3.912023 0.00914
свет 0.002336 0.0 0.0
световых 0.002336 3.506558 0.008193
своей 0.002336 0.0 0.0
связи 0.002336 0.0 0.0
связь 0.002336 0.0 0.0
сделанном 0.002336 4.60517 0.01076
северной 0.002336 3.912023 0.00914
сегодня 0.002336 0.0 0.0
семей 0.002336 2.995732 0.006999
семьи 0.002336 4.60517 0.01076
семья 0.002336 4.60517 0.01076
сенсационном 0.002336 4.60517 0.01076
серверы 0.002336 0.0 0.0
сервисы 0.002336 0.0 0.0
сертификацию 0.002336 0.0 0.0
сети 0.002336 0.0 0.0
скопления 0.002336 4.60517 0.01076
скоплениями 0.002336 4.60517 0.01076
скоро 0.002336 0.0 0.0
скоростью 0.002336 3.506558 0.008193
слабые 0.002336 3.506558 0.008193
сложности 0.002336 0.0 0.0
снова 0.002336 0.0 0.0
соавтор 0.002336 3.912023 0.00914
собирающая 0.002336 4.60517 0.01076
совершенно 0.002336 4.60517 0.01076
советский 0.002336 0.0 0.0
согласованно 0.002336 4.60517 0.01076
соглашаетесь 0.002336 0.0 0.0
соседние 0.002336 4.60517 0.01076
сосредоточившись 0.002336 3.912023 0.00914
состоящая 0.002336 4.60517 0.01076
сотнях 0.002336 4.60517 0.01076
спасти 0.002336 0.0 0.0
спектроскопические 0.002336 4.60517 0.01076
спектроскопических 0.002336 4.60517 0.01076
ср 0.002336 0.0 0.0
среда 0.002336 0.0 0.0
сроки 0.002336 2.525729 0.005901
ссылки 0.002336 0.0 0.0
стал 0.002336 0.0 0.0
стало 0.002336 2.525729 0.005901
стартуют 0.002336 0.0 0.0
статистика 0.002336 0.0 0.0
статьи 0.002336 0.0 0.0
стоимость 0.002336 0.0 0.0
стремительно 0.002336 3.912023 0.00914
сша 0.002336 0.0 0.0
тайконавты 0.002336 0.0 0.0
таких 0.002336 2.207275 0.005157
такого 0.002336 3.506558 0.008193
тв 0.002336 0.0 0.0
теги 0.002336 0.0 0.0
текст 0.002336 0.0 0.0
технический 0.002336 0.0 0.0
типичных 0.002336 4.60517 0.01076
топ 0.002336 0.0 0.0
точной 0.002336 3.218876 0.007521
точности 0.002336 2.813411 0.006573
традиционными 0.002336 4.60517 0.01076
траектории 0.002336 3.506558 0.008193
тыс 0.002336 0.0 0.0
убрали 0.002336 0.0 0.0
угрозой 0.002336 2.65926 0.006213
университета 0.002336 2.120264 0.004954
уникальна 0.002336 3.912023 0.00914
уникальность 0.002336 4.60517 0.01076
упасть 0.002336 0.0 0.0
устройства 0.002336 0.0 0.0
ученые 0.002336 1.89712 0.004433
ученый 0.002336 4.60517 0.01076
ученым 0.002336 0.0 0.0
файлы 0.002336 0.0 0.0
финальный 0.002336 3.912023 0.00914
флагманского 0.002336 0.0 0.0
флориды 0.002336 4.60517 0.01076
формируются 0.002336 3.912023 0.00914
фото 0.002336 0.0 0.0
фундаментальные 0.002336 0.0 0.0
хаотично 0.002336 3.506558 0.008193
хитом 0.002336 0.0 0.0
хусон 0.002336 4.60517 0.01076
хусона 0.002336 4.60517 0.01076
цены 0.002336 0.0 0.0
части 0.002336 0.0 0.0
человека 0.002336 0.0 0.0
чт 0.002336 0.0 0.0
экспорт 0.002336 0.0 0.0
эмбрионы 0.002336 0.0 0.0
эта 0.002336 1.514128 0.003538
южной 0.002336 0.0 0.0
