авиалайнера 0.002976 0.0 0.0
австралии 0.002976 0.0 0.0
автоваз 0.002976 0.0 0.0
автоматом 0.002976 0.0 0.0
автопроизводителя 0.002976 0.0 0.0
автор 0.002976 0.0 0.0
авторы 0.002976 0.0 0.0
администрацией 0.002976 0.0 0.0
адрес 0.002976 0.0 0.0
америке 0.002976 0.0 0.0
аналитики 0.002976 0.0 0.0
аппаратах 0.002976 4.60517 0.013706
астероид 0.002976 2.995732 0.008916
астероида 0.002976 3.912023 0.011643
белка 0.002976 0.0 0.0
биологические 0.002976 0.0 0.0
биологических 0.002976 0.0 0.0
ближнем 0.002976 0.0 0.0
блоги 0.002976 0.0 0.0
будут 0.002976 0.0 0.0
быстро 0.002976 0.0 0.0
бьют 0.002976 2.302585 0.006853
вариантами 0.002976 4.60517 0.013706
весом 0.002976 0.0 0.0
видео 0.002976 0.0 0.0
видеокарты 0.002976 0.0 0.0
внедорожники 0.002976 0.0 0.0
внимательно 0.002976 4.60517 0.013706
возможными 0.002976 3.912023 0.011643
возникнут 0.002976 4.60517 0.013706
войти 0.002976 0.0 0.0
востоке 0.002976 0.0 0.0
время 0.002976 1.427116 0.004247
вс 0.002976 0.0 0.0
всему 0.002976 0.0 0.0
вт 0.002976 0.0 0.0
входят 0.002976 0.0 0.0
выделите 0.002976 0.0 0.0
выключенными 0.002976 4.60517 0.013706
выходит 0.002976 0.0 0.0
выяснения 0.002976 4.60517 0.013706
главную 0.002976 0.0 0.0
года 0.002976 0.0 0.0
гравитации 0.002976 3.912023 0.011643
давления 0.002976 4.60517 0.013706
данные 0.002976 0.0 0.0
данный 0.002976 0.0 0.0
данных 0.002976 0.0 0.0
дать 0.002976 1.832581 0.005454
двигатели 0.002976 0.0 0.0
двигатель 0.002976 0.0 0.0
двигательной 0.002976 4.60517 0.013706
двигателя 0.002976 1.89712 0.005646
двух 0.002976 0.0 0.0
действий 0.002976 2.813411 0.008373
диагностики 0.002976 4.60517 0.013706
дизайн 0.002976 0.0 0.0
директор 0.002976 0.0 0.0
долларов 0.002976 0.0 0.0
дом 0.002976 0.0 0.0
доставили 0.002976 0.0 0.0
достигает 0.002976 0.0 0.0
достичь 0.002976 4.60517 0.013706
завершат 0.002976 0.0 0.0
запущенный 0.002976 3.506558 0.010436
защиты 0.002976 0.0 0.0
земле 0.002976 0.0 0.0
земли 0.002976 0.0 0.0
зонд 0.002976 0.0 0.0
зонда 0.002976 0.0 0.0
игры 0.002976 0.0 0.0
изучение 0.002976 3.506558 0.010436
изучения 0.002976 3.218876 0.00958
инновационной 0.002976 4.60517 0.013706
инновационный 0.002976 0.0 0.0
инструментами 0.002976 4.60517 0.013706
интерес 0.002976 2.407946 0.007167
информации 0.002976 0.0 0.0
информацию 0.002976 4.60517 0.013706
использования 0.002976 0.0 0.0
использовано 0.002976 4.60517 0.013706
испытал 0.002976 3.912023 0.011643
исследований 0.002976 0.0 0.0
истории 0.002976 2.65926 0.007914
источник 0.002976 0.0 0.0
июня 0.002976 2.995732 0.008916
календарь 0.002976 0.0 0.0
категории 0.002976 0.0 0.0
кг 0.002976 0.0 0.0
километров 0.002976 0.0 0.0
классическим 0.002976 0.0 0.0
клон 0.002976 0.0 0.0
комментирования 0.002976 0.0 0.0
комфортный 0.002976 0.0 0.0
конференция 0.002976 0.0 0.0
корее 0.002976 0.0 0.0
корпуса 0.002976 0.0 0.0
космической 0.002976 2.407946 0.007167
космос 0.002976 0.0 0.0
космоса 0.002976 0.0 0.0
кроссовера 0.002976 0.0 0.0
кроссоверы 0.002976 0.0 0.0
кубических 0.002976 0.0 0.0
куки 0.002976 0.0 0.0
летать 0.002976 0.0 0.0
летопись 0.002976 4.60517 0.013706
лету 0.002976 0.0 0.0
листа 0.002976 0.0 0.0
магнитного 0.002976 4.60517 0.013706
мае 0.002976 0.0 0.0
май 0.002976 0.0 0.0
марка 0.002976 0.0 0.0
материалов 0.002976 0.0 0.0
машину 0.002976 0.0 0.0
мая 0.002976 0.0 0.0
межпланетный 0.002976 0.0 0.0
межпланетных 0.002976 4.60517 0.013706
меняет 0.002976 0.0 0.0
металлического 0.002976 4.60517 0.013706
метрового 0.002976 0.0 0.0
миллионов 0.002976 0.0 0.0
минимум 0.002976 2.65926 0.007914
миру 0.002976 0.0 0.0
миссии 0.002976 1.514128 0.004506
мобильные 0.002976 0.0 0.0
могут 0.002976 0.0 0.0
момент 0.002976 0.0 0.0
мониторы 0.002976 0.0 0.0
мотобрендов 0.002976 0.0 0.0
мотоциклов 0.002976 0.0 0.0
мс 0.002976 0.0 0.0
мультимедиа 0.002976 0.0 0.0
нажмите 0.002976 0.0 0.0
назвал 0.002976 0.0 0.0
названием 0.002976 0.0 0.0
наука 0.002976 1.966113 0.005852
научный 0.002976 3.912023 0.011643
находясь 0.002976 4.60517 0.013706
нашей 0.002976 0.0 0.0
наши 0.002976 0.0 0.0
нашли 0.002976 0.0 0.0
неполадки 0.002976 3.218876 0.00958
неполадку 0.002976 4.60517 0.013706
новости 0.002976 0.0 0.0
новые 0.002976 0.0 0.0
новый 0.002976 0.0 0.0
носители 0.002976 0.0 0.0
ноутбуки 0.002976 0.0 0.0
нужны 0.002976 0.0 0.0
обзоры 0.002976 0.0 0.0
обработки 0.002976 0.0 0.0
образцы 0.002976 0.0 0.0
объявлена 0.002976 0.0 0.0
огромный 0.002976 4.60517 0.013706
одноклассник 0.002976 0.0 0.0
опасения 0.002976 3.912023 0.011643
орбите 0.002976 0.0 0.0
ос 0.002976 0.0 0.0
оснащен 0.002976 2.120264 0.00631
основанной 0.002976 4.60517 0.013706
особенно 0.002976 1.609438 0.00479
оставаться 0.002976 4.60517 0.013706
отдадут 0.002976 0.0 0.0
отечественного 0.002976 0.0 0.0
отказа 0.002976 0.0 0.0
отказались 0.002976 0.0 0.0
отключили 0.002976 0.0 0.0
отключить 0.002976 4.60517 0.013706
очень 0.002976 0.0 0.0
ошибку 0.002976 0.0 0.0
первый 0.002976 2.65926 0.007914
переднего 0.002976 0.0 0.0
период 0.002976 0.0 0.0
периода 0.002976 4.60517 0.013706
периферия 0.002976 0.0 0.0
персональные 0.002976 0.0 0.0
персональных 0.002976 0.0 0.0
пиар 0.002976 0.0 0.0
пк 0.002976 0.0 0.0
плана 0.002976 2.813411 0.008373
планет 0.002976 0.0 0.0
планшеты 0.002976 0.0 0.0
платформа 0.002976 0.0 0.0
пн 0.002976 0.0 0.0
подвел 0.002976 0.0 0.0
поднял 0.002976 0.0 0.0
подробнее 0.002976 0.0 0.0
поиск 0.002976 0.0 0.0
поиска 0.002976 2.813411 0.008373
пока 0.002976 0.0 0.0
полезные 0.002976 0.0 0.0
полетом 0.002976 4.60517 0.013706
политика 0.002976 0.0 0.0
политикой 0.002976 0.0 0.0
полноприводными 0.002976 0.0 0.0
поля 0.002976 3.912023 0.011643
полётов 0.002976 0.0 0.0
попробовать 0.002976 0.0 0.0
популярная 0.002976 0.0 0.0
популярных 0.002976 0.0 0.0
посещать 0.002976 0.0 0.0
правила 0.002976 0.0 0.0
прайс 0.002976 0.0 0.0
представлен 0.002976 0.0 0.0
представляет 0.002976 2.813411 0.008373
прибавка 0.002976 0.0 0.0
привода 0.002976 0.0 0.0
принтеры 0.002976 0.0 0.0
принял 0.002976 4.60517 0.013706
причин 0.002976 0.0 0.0
причины 0.002976 0.0 0.0
пробизнес 0.002976 0.0 0.0
проблемой 0.002976 3.506558 0.010436
проблемы 0.002976 2.813411 0.008373
проведения 0.002976 0.0 0.0
программы 0.002976 0.0 0.0
продавать 0.002976 0.0 0.0
продажи 0.002976 0.0 0.0
продолжая 0.002976 0.0 0.0
проектов 0.002976 0.0 0.0
проекторы 0.002976 0.0 0.0
проекты 0.002976 0.0 0.0
пролить 0.002976 0.0 0.0
протопланеты 0.002976 3.912023 0.011643
процессы 0.002976 0.0 0.0
психея 0.002976 4.60517 0.013706
пт 0.002976 0.0 0.0
работают 0.002976 2.65926 0.007914
работы 0.002976 0.0 0.0
разработки 0.002976 2.65926 0.007914
ранней 0.002976 2.995732 0.008916
расстоянии 0.002976 2.995732 0.008916
реальных 0.002976 0.0 0.0
результаты 0.002976 0.0 0.0
реклама 0.002976 0.0 0.0
решает 0.002976 0.0 0.0
решение 0.002976 2.040221 0.006072
решения 0.002976 2.040221 0.006072
риска 0.002976 2.813411 0.008373
россии 0.002976 0.0 0.0
россияне 0.002976 0.0 0.0
рублей 0.002976 0.0 0.0
рынок 0.002976 0.0 0.0
сайте 0.002976 0.0 0.0
сайты 0.002976 0.0 0.0
самая 0.002976 0.0 0.0
самолётах 0.002976 0.0 0.0
самых 0.002976 0.0 0.0
сантиметров 0.002976 0.0 0.0
сб 0.002976 0.0 0.0
сбора 0.002976 0.0 0.0
свет 0.002976 0.0 0.0
своей 0.002976 0.0 0.0
связи 0.002976 0.0 0.0
связь 0.002976 0.0 0.0
сделало 0.002976 4.60517 0.013706
сегодня 0.002976 0.0 0.0
серверы 0.002976 0.0 0.0
сервисы 0.002976 0.0 0.0
середины 0.002976 3.912023 0.011643
сертификацию 0.002976 0.0 0.0
серьезной 0.002976 4.60517 0.013706
серьезные 0.002976 4.60517 0.013706
сети 0.002976 0.0 0.0
силовой 0.002976 3.506558 0.010436
системе 0.002976 2.995732 0.008916
системы 0.002976 1.469676 0.004374
ситуацией 0.002976 4.60517 0.013706
ситуацию 0.002976 3.912023 0.011643
скоро 0.002976 0.0 0.0
следят 0.002976 4.60517 0.013706
сложной 0.002976 3.506558 0.010436
сложности 0.002976 0.0 0.0
случай 0.002976 2.995732 0.008916
снижение 0.002976 3.506558 0.010436
снова 0.002976 0.0 0.0
советский 0.002976 0.0 0.0
соглашаетесь 0.002976 0.0 0.0
солнечной 0.002976 3.218876 0.00958
состава 0.002976 3.912023 0.011643
спасти 0.002976 0.0 0.0
специалисты 0.002976 2.995732 0.008916
способности 0.002976 2.995732 0.008916
ср 0.002976 0.0 0.0
среда 0.002976 0.0 0.0
срыва 0.002976 4.60517 0.013706
ссылки 0.002976 0.0 0.0
стал 0.002976 0.0 0.0
стартуют 0.002976 0.0 0.0
статистика 0.002976 0.0 0.0
статьи 0.002976 0.0 0.0
стоимость 0.002976 0.0 0.0
столкнулся 0.002976 4.60517 0.013706
считается 0.002976 3.912023 0.011643
сша 0.002976 0.0 0.0
тайконавты 0.002976 0.0 0.0
такого 0.002976 3.506558 0.010436
тв 0.002976 0.0 0.0
теги 0.002976 0.0 0.0
текст 0.002976 0.0 0.0
технический 0.002976 0.0 0.0
течение 0.002976 2.813411 0.008373
типа 0.002976 3.218876 0.00958
топ 0.002976 0.0 0.0
топлива 0.002976 2.65926 0.007914
тревогу 0.002976 3.218876 0.00958
тыс 0.002976 0.0 0.0
убрали 0.002976 0.0 0.0
удастся 0.002976 3.506558 0.010436
упасть 0.002976 0.0 0.0
управления 0.002976 2.040221 0.006072
установке 0.002976 3.506558 0.010436
устранения 0.002976 3.912023 0.011643
устранить 0.002976 3.912023 0.011643
устройства 0.002976 0.0 0.0
утверждая 0.002976 4.60517 0.013706
ученым 0.002976 0.0 0.0
файлы 0.002976 0.0 0.0
флагманского 0.002976 0.0 0.0
формировании 0.002976 4.60517 0.013706
фото 0.002976 0.0 0.0
фундаментальные 0.002976 0.0 0.0
хитом 0.002976 0.0 0.0
холла 0.002976 4.60517 0.013706
ценную 0.002976 4.60517 0.013706
центр 0.002976 1.714798 0.005104
цены 0.002976 0.0 0.0
части 0.002976 0.0 0.0
человека 0.002976 0.0 0.0
чт 0.002976 0.0 0.0
экспорт 0.002976 0.0 0.0
эмбрионы 0.002976 0.0 0.0
эры 0.002976 4.60517 0.013706
эффекте 0.002976 4.60517 0.013706
южной 0.002976 0.0 0.0
ядром 0.002976 3.506558 0.010436
