аварии 0.002392 2.813411 0.006731
авиалайнера 0.002392 0.0 0.0
австралии 0.002392 0.0 0.0
автоваз 0.002392 0.0 0.0
автоматом 0.002392 0.0 0.0
автопроизводителя 0.002392 0.0 0.0
автор 0.002392 0.0 0.0
авторы 0.002392 0.0 0.0
агентство 0.002392 3.218876 0.007701
администрацией 0.002392 0.0 0.0
адрес 0.002392 0.0 0.0
америке 0.002392 0.0 0.0
анализа 0.002392 2.65926 0.006362
аналитики 0.002392 0.0 0.0
антенн 0.002392 3.912023 0.009359
апофис 0.002392 4.60517 0.011017
аппарат 0.002392 1.660731 0.003973
аппарата 0.002392 2.813411 0.006731
аппараты 0.002392 3.218876 0.007701
апреля 0.002392 1.966113 0.004704
астероид 0.002392 2.995732 0.007167
астероиду 0.002392 4.60517 0.011017
астронавтки 0.002392 3.506558 0.008389
батареи 0.002392 3.506558 0.008389
безопасному 0.002392 3.506558 0.008389
белка 0.002392 0.0 0.0
биологические 0.002392 0.0 0.0
биологических 0.002392 0.0 0.0
ближнем 0.002392 0.0 0.0
блоги 0.002392 0.0 0.0
будут 0.002392 0.0 0.0
будущего 0.002392 2.525729 0.006042
будущие 0.002392 4.60517 0.011017
быстро 0.002392 0.0 0.0
важным 0.002392 2.995732 0.007167
весну 0.002392 4.60517 0.011017
весом 0.002392 0.0 0.0
видео 0.002392 0.0 0.0
видеокарты 0.002392 0.0 0.0
включить 0.002392 4.60517 0.011017
вместе 0.002392 2.65926 0.006362
внедорожники 0.002392 0.0 0.0
воды 0.002392 2.813411 0.006731
водяной 0.002392 4.60517 0.011017
возможности 0.002392 2.65926 0.006362
возможность 0.002392 1.966113 0.004704
войти 0.002392 0.0 0.0
восстановится 0.002392 4.60517 0.011017
восстановить 0.002392 3.506558 0.008389
востоке 0.002392 0.0 0.0
вращается 0.002392 3.912023 0.009359
вращение 0.002392 2.65926 0.006362
вс 0.002392 0.0 0.0
всему 0.002392 0.0 0.0
вт 0.002392 0.0 0.0
вторая 0.002392 3.912023 0.009359
вторичной 0.002392 4.60517 0.011017
входят 0.002392 0.0 0.0
выводы 0.002392 3.506558 0.008389
выделите 0.002392 0.0 0.0
выполнения 0.002392 3.506558 0.008389
выхода 0.002392 3.218876 0.007701
выходит 0.002392 0.0 0.0
выходить 0.002392 3.912023 0.009359
глава 0.002392 2.813411 0.006731
главную 0.002392 0.0 0.0
глобальную 0.002392 4.60517 0.011017
го 0.002392 0.0 0.0
год 0.002392 0.0 0.0
года 0.002392 0.0 0.0
году 0.002392 1.272966 0.003045
группу 0.002392 4.60517 0.011017
данные 0.002392 0.0 0.0
данный 0.002392 0.0 0.0
данных 0.002392 0.0 0.0
даст 0.002392 2.813411 0.006731
двигатели 0.002392 0.0 0.0
двигатель 0.002392 0.0 0.0
двух 0.002392 0.0 0.0
день 0.002392 2.207275 0.005281
дизайн 0.002392 0.0 0.0
директор 0.002392 0.0 0.0
должен 0.002392 3.218876 0.007701
долларов 0.002392 0.0 0.0
дом 0.002392 0.0 0.0
доставили 0.002392 0.0 0.0
достигает 0.002392 0.0 0.0
едва 0.002392 2.407946 0.005761
её 0.002392 1.203973 0.00288
завершат 0.002392 0.0 0.0
задача 0.002392 2.995732 0.007167
задержек 0.002392 3.506558 0.008389
запуском 0.002392 3.912023 0.009359
запущенный 0.002392 3.506558 0.008389
зарядить 0.002392 4.60517 0.011017
защиты 0.002392 0.0 0.0
земле 0.002392 0.0 0.0
земли 0.002392 0.0 0.0
землёй 0.002392 3.912023 0.009359
зонд 0.002392 0.0 0.0
зонда 0.002392 0.0 0.0
зондом 0.002392 4.60517 0.011017
игры 0.002392 0.0 0.0
измениться 0.002392 4.60517 0.011017
иллюстрация 0.002392 2.120264 0.005072
инновационный 0.002392 0.0 0.0
интернету 0.002392 3.506558 0.008389
информации 0.002392 0.0 0.0
искать 0.002392 3.912023 0.009359
использования 0.002392 0.0 0.0
исследовании 0.002392 4.60517 0.011017
исследований 0.002392 0.0 0.0
источник 0.002392 0.0 0.0
июня 0.002392 2.995732 0.007167
календарь 0.002392 0.0 0.0
категории 0.002392 0.0 0.0
качестве 0.002392 2.813411 0.006731
квантовые 0.002392 3.218876 0.007701
кг 0.002392 0.0 0.0
километров 0.002392 0.0 0.0
классическим 0.002392 0.0 0.0
клон 0.002392 0.0 0.0
команд 0.002392 1.966113 0.004704
команда 0.002392 2.120264 0.005072
комментирования 0.002392 0.0 0.0
компании 0.002392 1.347074 0.003223
комфортный 0.002392 0.0 0.0
конференция 0.002392 0.0 0.0
корее 0.002392 0.0 0.0
корпуса 0.002392 0.0 0.0
коррекции 0.002392 3.912023 0.009359
космические 0.002392 2.207275 0.005281
космос 0.002392 0.0 0.0
космоса 0.002392 0.0 0.0
который 0.002392 1.386294 0.003316
кроссовера 0.002392 0.0 0.0
кроссоверы 0.002392 0.0 0.0
кубических 0.002392 0.0 0.0
куки 0.002392 0.0 0.0
лета 0.002392 0.0 0.0
летать 0.002392 0.0 0.0
лету 0.002392 0.0 0.0
листа 0.002392 0.0 0.0
луиза 0.002392 4.60517 0.011017
луна 0.002392 3.912023 0.009359
луне 0.002392 2.813411 0.006731
лунную 0.002392 4.60517 0.011017
лёд 0.002392 3.912023 0.009359
мае 0.002392 0.0 0.0
май 0.002392 0.0 0.0
марка 0.002392 0.0 0.0
материалов 0.002392 0.0 0.0
машину 0.002392 0.0 0.0
мая 0.002392 0.0 0.0
медленно 0.002392 3.506558 0.008389
межпланетный 0.002392 0.0 0.0
менее 0.002392 2.207275 0.005281
меняет 0.002392 0.0 0.0
метрового 0.002392 0.0 0.0
мешает 0.002392 4.60517 0.011017
миллионов 0.002392 0.0 0.0
миру 0.002392 0.0 0.0
миссии 0.002392 1.514128 0.003622
миссий 0.002392 2.407946 0.005761
миссию 0.002392 2.813411 0.006731
мкс 0.002392 2.813411 0.006731
мобильные 0.002392 0.0 0.0
могут 0.002392 0.0 0.0
моделируем 0.002392 4.60517 0.011017
модулем 0.002392 4.60517 0.011017
момент 0.002392 0.0 0.0
мониторинг 0.002392 3.912023 0.009359
мониторы 0.002392 0.0 0.0
мотобрендов 0.002392 0.0 0.0
мотоциклов 0.002392 0.0 0.0
мс 0.002392 0.0 0.0
мультимедиа 0.002392 0.0 0.0
нагрузки 0.002392 2.65926 0.006362
нажмите 0.002392 0.0 0.0
назвал 0.002392 0.0 0.0
названием 0.002392 0.0 0.0
наземных 0.002392 4.60517 0.011017
наук 0.002392 1.89712 0.004539
научили 0.002392 2.995732 0.007167
научной 0.002392 4.60517 0.011017
нашей 0.002392 0.0 0.0
наши 0.002392 0.0 0.0
нашли 0.002392 0.0 0.0
невелики 0.002392 4.60517 0.011017
недорогие 0.002392 4.60517 0.011017
недостаточно 0.002392 3.506558 0.008389
независимую 0.002392 4.60517 0.011017
неясна 0.002392 4.60517 0.011017
низкого 0.002392 4.60517 0.011017
нить 0.002392 1.514128 0.003622
новости 0.002392 0.0 0.0
новые 0.002392 0.0 0.0
новый 0.002392 0.0 0.0
носители 0.002392 0.0 0.0
ноутбуки 0.002392 0.0 0.0
нужны 0.002392 0.0 0.0
обзоры 0.002392 0.0 0.0
обработки 0.002392 0.0 0.0
образцы 0.002392 0.0 0.0
объявлена 0.002392 0.0 0.0
одна 0.002392 1.049822 0.002512
однажды 0.002392 4.60517 0.011017
одноклассник 0.002392 0.0 0.0
окончательное 0.002392 4.60517 0.011017
орбите 0.002392 0.0 0.0
орбиту 0.002392 3.218876 0.007701
ориентация 0.002392 4.60517 0.011017
ориентированной 0.002392 3.912023 0.009359
ос 0.002392 0.0 0.0
осени 0.002392 4.60517 0.011017
особенно 0.002392 1.609438 0.00385
остаются 0.002392 2.813411 0.006731
отдадут 0.002392 0.0 0.0
отдела 0.002392 3.218876 0.007701
отечественного 0.002392 0.0 0.0
отказа 0.002392 0.0 0.0
отказались 0.002392 0.0 0.0
отключили 0.002392 0.0 0.0
отменена 0.002392 4.60517 0.011017
отобранных 0.002392 4.60517 0.011017
отправки 0.002392 3.912023 0.009359
отслеживаем 0.002392 4.60517 0.011017
оценку 0.002392 4.60517 0.011017
очень 0.002392 0.0 0.0
очередь 0.002392 3.506558 0.008389
ошибку 0.002392 0.0 0.0
панели 0.002392 2.813411 0.006731
панелям 0.002392 4.60517 0.011017
параллельно 0.002392 1.89712 0.004539
передачи 0.002392 3.506558 0.008389
переднего 0.002392 0.0 0.0
перенесена 0.002392 4.60517 0.011017
перестал 0.002392 3.912023 0.009359
период 0.002392 0.0 0.0
периферия 0.002392 0.0 0.0
персональные 0.002392 0.0 0.0
персональных 0.002392 0.0 0.0
перчатке 0.002392 3.506558 0.008389
пиар 0.002392 0.0 0.0
пк 0.002392 0.0 0.0
планетарных 0.002392 4.60517 0.011017
планшеты 0.002392 0.0 0.0
платформа 0.002392 0.0 0.0
пн 0.002392 0.0 0.0
подвел 0.002392 0.0 0.0
поднял 0.002392 0.0 0.0
подробнее 0.002392 0.0 0.0
позволив 0.002392 4.60517 0.011017
поиск 0.002392 0.0 0.0
поймать 0.002392 4.60517 0.011017
пока 0.002392 0.0 0.0
полезной 0.002392 3.912023 0.009359
полезные 0.002392 0.0 0.0
политика 0.002392 0.0 0.0
политикой 0.002392 0.0 0.0
полноприводными 0.002392 0.0 0.0
положение 0.002392 4.60517 0.011017
получать 0.002392 4.60517 0.011017
получают 0.002392 3.218876 0.007701
полётов 0.002392 0.0 0.0
помогут 0.002392 2.813411 0.006731
помощью 0.002392 2.120264 0.005072
попробовать 0.002392 0.0 0.0
популярная 0.002392 0.0 0.0
популярных 0.002392 0.0 0.0
попытки 0.002392 3.218876 0.007701
посадочным 0.002392 4.60517 0.011017
посещать 0.002392 0.0 0.0
пояснила 0.002392 2.813411 0.006731
правила 0.002392 0.0 0.0
прайс 0.002392 0.0 0.0
представлен 0.002392 0.0 0.0
прибавка 0.002392 0.0 0.0
привода 0.002392 0.0 0.0
признала 0.002392 4.60517 0.011017
принтеры 0.002392 0.0 0.0
принято 0.002392 4.60517 0.011017
причин 0.002392 0.0 0.0
причины 0.002392 0.0 0.0
пробизнес 0.002392 0.0 0.0
проблем 0.002392 2.040221 0.004881
проведения 0.002392 0.0 0.0
проведёт 0.002392 4.60517 0.011017
программы 0.002392 0.0 0.0
продавать 0.002392 0.0 0.0
продажи 0.002392 0.0 0.0
продлило 0.002392 3.506558 0.008389
продолжает 0.002392 2.407946 0.005761
продолжая 0.002392 0.0 0.0
проектов 0.002392 0.0 0.0
проекторы 0.002392 0.0 0.0
проекты 0.002392 0.0 0.0
проктер 0.002392 4.60517 0.011017
пролить 0.002392 0.0 0.0
проложили 0.002392 3.506558 0.008389
процессы 0.002392 0.0 0.0
пт 0.002392 0.0 0.0
путь 0.002392 2.120264 0.005072
работы 0.002392 0.0 0.0
радио 0.002392 2.813411 0.006731
ракете 0.002392 2.995732 0.007167
ракетой 0.002392 4.60517 0.011017
рамках 0.002392 2.302585 0.005509
рассматривается 0.002392 3.912023 0.009359
реальных 0.002392 0.0 0.0
результаты 0.002392 0.0 0.0
реклама 0.002392 0.0 0.0
решает 0.002392 0.0 0.0
решение 0.002392 2.040221 0.004881
риска 0.002392 2.813411 0.006731
рискованные 0.002392 4.60517 0.011017
россии 0.002392 0.0 0.0
россияне 0.002392 0.0 0.0
рублей 0.002392 0.0 0.0
рынок 0.002392 0.0 0.0
сайте 0.002392 0.0 0.0
сайты 0.002392 0.0 0.0
самая 0.002392 0.0 0.0
самовосстанавливаться 0.002392 3.506558 0.008389
самолётах 0.002392 0.0 0.0
самых 0.002392 0.0 0.0
сантиметров 0.002392 0.0 0.0
сб 0.002392 0.0 0.0
сближения 0.002392 4.60517 0.011017
сбора 0.002392 0.0 0.0
свет 0.002392 0.0 0.0
света 0.002392 3.912023 0.009359
своей 0.002392 0.0 0.0
связи 0.002392 0.0 0.0
связь 0.002392 0.0 0.0
сегодня 0.002392 0.0 0.0
серверы 0.002392 0.0 0.0
сервисы 0.002392 0.0 0.0
середине 0.002392 3.506558 0.008389
середины 0.002392 3.912023 0.009359
сертификацию 0.002392 0.0 0.0
сети 0.002392 0.0 0.0
сеть 0.002392 2.995732 0.007167
сигнал 0.002392 2.207275 0.005281
системы 0.002392 1.469676 0.003516
ситуация 0.002392 3.218876 0.007701
скоро 0.002392 0.0 0.0
скорректировать 0.002392 3.912023 0.009359
следующий 0.002392 3.912023 0.009359
сложная 0.002392 4.60517 0.011017
сложности 0.002392 0.0 0.0
снова 0.002392 0.0 0.0
советский 0.002392 0.0 0.0
соглашаетесь 0.002392 0.0 0.0
солнечной 0.002392 3.218876 0.007701
солнечным 0.002392 4.60517 0.011017
сообщило 0.002392 4.60517 0.011017
сорвала 0.002392 3.506558 0.008389
состоянии 0.002392 4.60517 0.011017
спасти 0.002392 0.0 0.0
специалисты 0.002392 2.995732 0.007167
спутнике 0.002392 3.912023 0.009359
ср 0.002392 0.0 0.0
среда 0.002392 0.0 0.0
ссылки 0.002392 0.0 0.0
ставит 0.002392 2.040221 0.004881
стал 0.002392 0.0 0.0
старта 0.002392 2.525729 0.006042
стартовать 0.002392 4.60517 0.011017
стартуют 0.002392 0.0 0.0
статистика 0.002392 0.0 0.0
статьи 0.002392 0.0 0.0
стоимость 0.002392 0.0 0.0
судьба 0.002392 3.912023 0.009359
судьбе 0.002392 4.60517 0.011017
сформировало 0.002392 4.60517 0.011017
сша 0.002392 0.0 0.0
тайконавты 0.002392 0.0 0.0
тв 0.002392 0.0 0.0
теги 0.002392 0.0 0.0
текст 0.002392 0.0 0.0
текущие 0.002392 3.912023 0.009359
телескопов 0.002392 3.912023 0.009359
технический 0.002392 0.0 0.0
топ 0.002392 0.0 0.0
траектории 0.002392 3.506558 0.008389
третья 0.002392 4.60517 0.011017
трудности 0.002392 4.60517 0.011017
трёх 0.002392 2.207275 0.005281
тыс 0.002392 0.0 0.0
убрали 0.002392 0.0 0.0
угрозу 0.002392 3.912023 0.009359
удалось 0.002392 3.506558 0.008389
улучшиться 0.002392 4.60517 0.011017
упасть 0.002392 0.0 0.0
установили 0.002392 2.65926 0.006362
устройства 0.002392 0.0 0.0
ученым 0.002392 0.0 0.0
учёные 0.002392 1.966113 0.004704
файлы 0.002392 0.0 0.0
флагманского 0.002392 0.0 0.0
фото 0.002392 0.0 0.0
фундаментальные 0.002392 0.0 0.0
хитом 0.002392 0.0 0.0
ценой 0.002392 2.813411 0.006731
цены 0.002392 0.0 0.0
часов 0.002392 2.525729 0.006042
части 0.002392 0.0 0.0
человека 0.002392 0.0 0.0
чт 0.002392 0.0 0.0
шанс 0.002392 3.218876 0.007701
шансы 0.002392 3.506558 0.008389
экспорт 0.002392 0.0 0.0
эмбрионы 0.002392 0.0 0.0
энергии 0.002392 2.207275 0.005281
энергопотребления 0.002392 4.60517 0.011017
этапом 0.002392 3.506558 0.008389
южной 0.002392 0.0 0.0
