авиалайнера 0.002083 0.0 0.0
австралии 0.002083 0.0 0.0
автоваз 0.002083 0.0 0.0
автоматом 0.002083 0.0 0.0
автомобилей 0.002083 2.207275 0.004598
автомобили 0.002083 1.966113 0.004096
автопроизводителя 0.002083 0.0 0.0
автор 0.002083 0.0 0.0
авторы 0.002083 0.0 0.0
адаптировано 0.002083 4.60517 0.009594
администрацией 0.002083 0.0 0.0
адрес 0.002083 0.0 0.0
азота 0.002083 4.60517 0.009594
америке 0.002083 0.0 0.0
аналитики 0.002083 0.0 0.0
аналоги 0.002083 2.995732 0.006241
атомного 0.002083 4.60517 0.009594
атомных 0.002083 3.912023 0.00815
белка 0.002083 0.0 0.0
беспилотников 0.002083 3.912023 0.00815
беспилотные 0.002083 3.912023 0.00815
беспилотных 0.002083 4.60517 0.009594
библиотеки 0.002083 3.506558 0.007305
биологические 0.002083 0.0 0.0
биологических 0.002083 0.0 0.0
ближнем 0.002083 0.0 0.0
блоги 0.002083 0.0 0.0
бросил 0.002083 3.506558 0.007305
будут 0.002083 0.0 0.0
быстро 0.002083 0.0 0.0
важна 0.002083 4.60517 0.009594
вес 0.002083 0.0 0.0
весом 0.002083 0.0 0.0
видение 0.002083 3.912023 0.00815
видео 0.002083 0.0 0.0
видеокарты 0.002083 0.0 0.0
внедорожники 0.002083 0.0 0.0
водителям 0.002083 4.60517 0.009594
военным 0.002083 4.60517 0.009594
военных 0.002083 3.506558 0.007305
возможное 0.002083 4.60517 0.009594
войти 0.002083 0.0 0.0
востоке 0.002083 0.0 0.0
врачам 0.002083 4.60517 0.009594
вс 0.002083 0.0 0.0
всему 0.002083 0.0 0.0
всём 0.002083 4.60517 0.009594
вт 0.002083 0.0 0.0
входят 0.002083 0.0 0.0
выделите 0.002083 0.0 0.0
вызов 0.002083 3.218876 0.006706
высокоскоростного 0.002083 3.506558 0.007305
выходит 0.002083 0.0 0.0
генераторы 0.002083 3.506558 0.007305
гибкой 0.002083 4.60517 0.009594
главную 0.002083 0.0 0.0
года 0.002083 0.0 0.0
границе 0.002083 3.912023 0.00815
громоздки 0.002083 4.60517 0.009594
данные 0.002083 0.0 0.0
данный 0.002083 0.0 0.0
данных 0.002083 0.0 0.0
двери 0.002083 3.218876 0.006706
двигатели 0.002083 0.0 0.0
двигатель 0.002083 0.0 0.0
двух 0.002083 0.0 0.0
действует 0.002083 2.813411 0.005861
детектор 0.002083 3.506558 0.007305
детекторы 0.002083 3.912023 0.00815
детекции 0.002083 4.60517 0.009594
диапазоне 0.002083 3.506558 0.007305
дизайн 0.002083 0.0 0.0
директор 0.002083 0.0 0.0
добавила 0.002083 3.218876 0.006706
дожде 0.002083 3.912023 0.00815
долго 0.002083 2.120264 0.004417
долларов 0.002083 0.0 0.0
дом 0.002083 0.0 0.0
доставили 0.002083 0.0 0.0
достаточно 0.002083 2.525729 0.005262
достигает 0.002083 0.0 0.0
других 0.002083 2.040221 0.00425
другое 0.002083 4.60517 0.009594
её 0.002083 1.203973 0.002508
жидкого 0.002083 3.506558 0.007305
завершат 0.002083 0.0 0.0
задач 0.002083 1.609438 0.003353
задача 0.002083 2.995732 0.006241
залечивая 0.002083 3.506558 0.007305
защиты 0.002083 0.0 0.0
земле 0.002083 0.0 0.0
земли 0.002083 0.0 0.0
зонд 0.002083 0.0 0.0
зонда 0.002083 0.0 0.0
игры 0.002083 0.0 0.0
изменения 0.002083 3.218876 0.006706
изменит 0.002083 2.995732 0.006241
изменить 0.002083 2.995732 0.006241
изображение 0.002083 1.514128 0.003154
ии 0.002083 0.0 0.0
инженеры 0.002083 2.525729 0.005262
инновационный 0.002083 0.0 0.0
института 0.002083 3.506558 0.007305
интегрировать 0.002083 2.813411 0.005861
информации 0.002083 0.0 0.0
инфракрасном 0.002083 4.60517 0.009594
инфракрасные 0.002083 4.60517 0.009594
инфракрасным 0.002083 4.60517 0.009594
использования 0.002083 0.0 0.0
используют 0.002083 2.995732 0.006241
использующие 0.002083 3.912023 0.00815
исследование 0.002083 2.120264 0.004417
исследований 0.002083 0.0 0.0
исследователи 0.002083 2.302585 0.004797
источник 0.002083 0.0 0.0
источники 0.002083 3.218876 0.006706
кадмия 0.002083 4.60517 0.009594
каждый 0.002083 2.525729 0.005262
календарь 0.002083 0.0 0.0
категории 0.002083 0.0 0.0
качество 0.002083 3.506558 0.007305
кг 0.002083 0.0 0.0
киберпреступникам 0.002083 3.506558 0.007305
килограммов 0.002083 4.60517 0.009594
километров 0.002083 0.0 0.0
классическим 0.002083 0.0 0.0
клон 0.002083 0.0 0.0
кода 0.002083 2.525729 0.005262
колебаний 0.002083 3.506558 0.007305
команда 0.002083 2.120264 0.004417
команды 0.002083 3.912023 0.00815
комментирования 0.002083 0.0 0.0
коммерциализации 0.002083 4.60517 0.009594
комнатной 0.002083 3.912023 0.00815
компактный 0.002083 3.506558 0.007305
компьютеров 0.002083 3.912023 0.00815
комфортный 0.002083 0.0 0.0
конференция 0.002083 0.0 0.0
корее 0.002083 0.0 0.0
корпус 0.002083 0.0 0.0
корпуса 0.002083 0.0 0.0
космического 0.002083 2.302585 0.004797
космос 0.002083 0.0 0.0
космоса 0.002083 0.0 0.0
которая 0.002083 1.560648 0.003251
который 0.002083 1.386294 0.002888
критично 0.002083 3.506558 0.007305
кроссовера 0.002083 0.0 0.0
кроссоверы 0.002083 0.0 0.0
кубических 0.002083 0.0 0.0
куки 0.002083 0.0 0.0
легко 0.002083 3.506558 0.007305
лет 0.002083 0.0 0.0
летать 0.002083 0.0 0.0
летним 0.002083 3.506558 0.007305
лету 0.002083 0.0 0.0
листа 0.002083 0.0 0.0
магния 0.002083 4.60517 0.009594
мае 0.002083 0.0 0.0
май 0.002083 0.0 0.0
марка 0.002083 0.0 0.0
масок 0.002083 4.60517 0.009594
массачусетского 0.002083 4.60517 0.009594
массивных 0.002083 3.506558 0.007305
масштабировать 0.002083 3.506558 0.007305
материал 0.002083 0.0 0.0
материала 0.002083 2.995732 0.006241
материалов 0.002083 0.0 0.0
материалу 0.002083 4.60517 0.009594
материалы 0.002083 3.912023 0.00815
машину 0.002083 0.0 0.0
мая 0.002083 0.0 0.0
мгновенно 0.002083 3.218876 0.006706
межпланетный 0.002083 0.0 0.0
меняет 0.002083 0.0 0.0
метод 0.002083 1.714798 0.003572
метрового 0.002083 0.0 0.0
механического 0.002083 4.60517 0.009594
микротрещину 0.002083 4.60517 0.009594
миллионов 0.002083 0.0 0.0
миниатюрных 0.002083 4.60517 0.009594
минимальные 0.002083 3.912023 0.00815
минимизировать 0.002083 3.506558 0.007305
миру 0.002083 0.0 0.0
мкм 0.002083 4.60517 0.009594
мобильные 0.002083 0.0 0.0
могут 0.002083 0.0 0.0
момент 0.002083 0.0 0.0
мониторы 0.002083 0.0 0.0
мотобрендов 0.002083 0.0 0.0
мотоциклов 0.002083 0.0 0.0
мс 0.002083 0.0 0.0
мультимедиа 0.002083 0.0 0.0
мусора 0.002083 3.218876 0.006706
навигацию 0.002083 3.506558 0.007305
нажмите 0.002083 0.0 0.0
назвал 0.002083 0.0 0.0
названием 0.002083 0.0 0.0
наноматериалы 0.002083 4.60517 0.009594
нанометров 0.002083 4.60517 0.009594
наноплёнки 0.002083 4.60517 0.009594
напряжения 0.002083 4.60517 0.009594
нашей 0.002083 0.0 0.0
наши 0.002083 0.0 0.0
нашли 0.002083 0.0 0.0
небольшого 0.002083 4.60517 0.009594
неохлаждаемые 0.002083 4.60517 0.009594
нерешаемой 0.002083 4.60517 0.009594
нескольких 0.002083 3.912023 0.00815
несколько 0.002083 2.525729 0.005262
несуществующие 0.002083 3.506558 0.007305
ниобат 0.002083 4.60517 0.009594
нм 0.002083 3.912023 0.00815
новая 0.002083 3.218876 0.006706
новости 0.002083 0.0 0.0
новые 0.002083 0.0 0.0
новый 0.002083 0.0 0.0
носимые 0.002083 3.912023 0.00815
носимых 0.002083 4.60517 0.009594
носители 0.002083 0.0 0.0
ноутбуки 0.002083 0.0 0.0
ночное 0.002083 4.60517 0.009594
нужно 0.002083 2.65926 0.00554
нужны 0.002083 0.0 0.0
обзоры 0.002083 0.0 0.0
обнаружения 0.002083 3.218876 0.006706
обнаружили 0.002083 2.995732 0.006241
обработки 0.002083 0.0 0.0
образцы 0.002083 0.0 0.0
объектов 0.002083 2.813411 0.005861
объявлена 0.002083 0.0 0.0
обычных 0.002083 4.60517 0.009594
одноклассник 0.002083 0.0 0.0
ожидается 0.002083 2.813411 0.005861
оптику 0.002083 4.60517 0.009594
орбите 0.002083 0.0 0.0
ос 0.002083 0.0 0.0
ослабление 0.002083 4.60517 0.009594
ослабляет 0.002083 4.60517 0.009594
основе 0.002083 2.207275 0.004598
оставалась 0.002083 4.60517 0.009594
отдадут 0.002083 0.0 0.0
отделить 0.002083 4.60517 0.009594
отделять 0.002083 4.60517 0.009594
отечественного 0.002083 0.0 0.0
отказа 0.002083 0.0 0.0
отказались 0.002083 0.0 0.0
отказаться 0.002083 3.218876 0.006706
отключили 0.002083 0.0 0.0
открывает 0.002083 2.813411 0.005861
открывая 0.002083 3.218876 0.006706
отметила 0.002083 2.813411 0.005861
отслаивается 0.002083 4.60517 0.009594
отслоения 0.002083 4.60517 0.009594
охлаждаемые 0.002083 4.60517 0.009594
охлаждения 0.002083 3.506558 0.007305
очень 0.002083 0.0 0.0
очки 0.002083 3.912023 0.00815
очков 0.002083 3.506558 0.007305
ошибку 0.002083 0.0 0.0
первые 0.002083 1.560648 0.003251
переднего 0.002083 0.0 0.0
период 0.002083 0.0 0.0
периферия 0.002083 0.0 0.0
персональные 0.002083 0.0 0.0
персональных 0.002083 0.0 0.0
перспективы 0.002083 3.506558 0.007305
пиар 0.002083 0.0 0.0
пироэлектрические 0.002083 4.60517 0.009594
пироэлектрического 0.002083 4.60517 0.009594
питания 0.002083 4.60517 0.009594
пк 0.002083 0.0 0.0
планшеты 0.002083 0.0 0.0
платформа 0.002083 0.0 0.0
плёнка 0.002083 4.60517 0.009594
плёнки 0.002083 4.60517 0.009594
плёнкой 0.002083 4.60517 0.009594
пн 0.002083 0.0 0.0
повреждений 0.002083 3.912023 0.00815
подвел 0.002083 0.0 0.0
подложки 0.002083 4.60517 0.009594
подложкой 0.002083 4.60517 0.009594
поднял 0.002083 0.0 0.0
подробнее 0.002083 0.0 0.0
подход 0.002083 1.89712 0.003952
позволило 0.002083 3.506558 0.007305
позволяет 0.002083 1.832581 0.003818
поиск 0.002083 0.0 0.0
пока 0.002083 0.0 0.0
полезные 0.002083 0.0 0.0
полимер 0.002083 3.218876 0.006706
политика 0.002083 0.0 0.0
политикой 0.002083 0.0 0.0
полноприводными 0.002083 0.0 0.0
полупроводников 0.002083 4.60517 0.009594
полётов 0.002083 0.0 0.0
помощью 0.002083 2.120264 0.004417
попробовать 0.002083 0.0 0.0
популярная 0.002083 0.0 0.0
популярных 0.002083 0.0 0.0
посещать 0.002083 0.0 0.0
появятся 0.002083 3.506558 0.007305
пояснила 0.002083 2.813411 0.005861
правила 0.002083 0.0 0.0
прайс 0.002083 0.0 0.0
превзойдя 0.002083 4.60517 0.009594
предположили 0.002083 3.912023 0.00815
представили 0.002083 2.813411 0.005861
представлен 0.002083 0.0 0.0
предстоит 0.002083 3.506558 0.007305
прибавка 0.002083 0.0 0.0
привести 0.002083 3.506558 0.007305
привода 0.002083 0.0 0.0
применение 0.002083 3.912023 0.00815
принтеры 0.002083 0.0 0.0
причины 0.002083 0.0 0.0
пробизнес 0.002083 0.0 0.0
проведения 0.002083 0.0 0.0
провела 0.002083 2.65926 0.00554
программы 0.002083 0.0 0.0
продавать 0.002083 0.0 0.0
продажи 0.002083 0.0 0.0
продемонстрировал 0.002083 2.995732 0.006241
продолжая 0.002083 0.0 0.0
проектов 0.002083 0.0 0.0
проекторы 0.002083 0.0 0.0
проекты 0.002083 0.0 0.0
производству 0.002083 4.60517 0.009594
произошёл 0.002083 3.912023 0.00815
пролить 0.002083 0.0 0.0
прорыв 0.002083 1.714798 0.003572
прототипы 0.002083 3.912023 0.00815
процессы 0.002083 0.0 0.0
пт 0.002083 0.0 0.0
работы 0.002083 0.0 0.0
размером 0.002083 3.218876 0.006706
разработанный 0.002083 3.912023 0.00815
разработка 0.002083 3.218876 0.006706
раны 0.002083 2.65926 0.00554
реагировал 0.002083 3.506558 0.007305
реальных 0.002083 0.0 0.0
результаты 0.002083 0.0 0.0
реклама 0.002083 0.0 0.0
решает 0.002083 0.0 0.0
решить 0.002083 3.912023 0.00815
робототехника 0.002083 3.218876 0.006706
россии 0.002083 0.0 0.0
россияне 0.002083 0.0 0.0
ртути 0.002083 4.60517 0.009594
рублей 0.002083 0.0 0.0
руководством 0.002083 2.813411 0.005861
рынок 0.002083 0.0 0.0
сайте 0.002083 0.0 0.0
сайты 0.002083 0.0 0.0
самая 0.002083 0.0 0.0
самозаживляющийся 0.002083 3.506558 0.007305
самолётах 0.002083 0.0 0.0
самых 0.002083 0.0 0.0
сантиметров 0.002083 0.0 0.0
сб 0.002083 0.0 0.0
сбора 0.002083 0.0 0.0
свет 0.002083 0.0 0.0
свинец 0.002083 4.60517 0.009594
свинца 0.002083 4.60517 0.009594
своей 0.002083 0.0 0.0
свои 0.002083 1.89712 0.003952
связей 0.002083 4.60517 0.009594
связи 0.002083 0.0 0.0
связь 0.002083 0.0 0.0
сегодня 0.002083 0.0 0.0
секунду 0.002083 3.506558 0.007305
сенсор 0.002083 3.912023 0.00815
сенсоры 0.002083 4.60517 0.009594
серверы 0.002083 0.0 0.0
сервисы 0.002083 0.0 0.0
сертификацию 0.002083 0.0 0.0
сети 0.002083 0.0 0.0
сигналам 0.002083 4.60517 0.009594
синьюань 0.002083 4.60517 0.009594
системы 0.002083 1.469676 0.003062
скоро 0.002083 0.0 0.0
слабым 0.002083 4.60517 0.009594
следующих 0.002083 3.506558 0.007305
словам 0.002083 2.302585 0.004797
сложности 0.002083 0.0 0.0
сложных 0.002083 2.813411 0.005861
слоёв 0.002083 4.60517 0.009594
смогут 0.002083 2.65926 0.00554
снижает 0.002083 2.407946 0.005017
снова 0.002083 0.0 0.0
собрав 0.002083 4.60517 0.009594
советский 0.002083 0.0 0.0
современные 0.002083 2.302585 0.004797
соглашаетесь 0.002083 0.0 0.0
создав 0.002083 2.407946 0.005017
создали 0.002083 2.813411 0.005861
созданию 0.002083 2.525729 0.005262
создать 0.002083 2.813411 0.005861
составе 0.002083 4.60517 0.009594
сохранив 0.002083 3.506558 0.007305
спасти 0.002083 0.0 0.0
спутников 0.002083 2.65926 0.00554
ср 0.002083 0.0 0.0
среда 0.002083 0.0 0.0
ссылаются 0.002083 3.506558 0.007305
ссылки 0.002083 0.0 0.0
стал 0.002083 0.0 0.0
стандартам 0.002083 2.995732 0.006241
стартуют 0.002083 0.0 0.0
статистика 0.002083 0.0 0.0
статьи 0.002083 0.0 0.0
стоимость 0.002083 0.0 0.0
страдают 0.002083 4.60517 0.009594
структуры 0.002083 2.525729 0.005262
супергерой 0.002083 3.506558 0.007305
схемы 0.002083 4.60517 0.009594
сша 0.002083 0.0 0.0
тайконавты 0.002083 0.0 0.0
такие 0.002083 1.714798 0.003572
тв 0.002083 0.0 0.0
теги 0.002083 0.0 0.0
текст 0.002083 0.0 0.0
теллурида 0.002083 4.60517 0.009594
температур 0.002083 2.525729 0.005262
температуре 0.002083 3.506558 0.007305
температуры 0.002083 3.912023 0.00815
тепловизоров 0.002083 4.60517 0.009594
тепловизоры 0.002083 3.506558 0.007305
тепловых 0.002083 3.912023 0.00815
тесты 0.002083 2.995732 0.006241
технический 0.002083 0.0 0.0
технологии 0.002083 1.514128 0.003154
технологий 0.002083 1.771957 0.003692
технологического 0.002083 3.912023 0.00815
технология 0.002083 2.302585 0.004797
течение 0.002083 2.813411 0.005861
титанат 0.002083 4.60517 0.009594
толщиной 0.002083 3.912023 0.00815
топ 0.002083 0.0 0.0
традиционные 0.002083 2.995732 0.006241
требовалось 0.002083 3.506558 0.007305
требующие 0.002083 3.506558 0.007305
тумане 0.002083 4.60517 0.009594
турмалин 0.002083 4.60517 0.009594
тыс 0.002083 0.0 0.0
убрали 0.002083 0.0 0.0
удалённых 0.002083 3.506558 0.007305
удастся 0.002083 3.506558 0.007305
улучшающие 0.002083 4.60517 0.009594
улучшив 0.002083 4.60517 0.009594
ультратонкие 0.002083 4.60517 0.009594
упасть 0.002083 0.0 0.0
условиях 0.002083 1.771957 0.003692
успех 0.002083 2.207275 0.004598
устройств 0.002083 0.0 0.0
устройства 0.002083 0.0 0.0
ученым 0.002083 0.0 0.0
учёные 0.002083 1.966113 0.004096
файлы 0.002083 0.0 0.0
флагманского 0.002083 0.0 0.0
формате 0.002083 3.506558 0.007305
форме 0.002083 2.525729 0.005262
фото 0.002083 0.0 0.0
фундаментальные 0.002083 0.0 0.0
хитом 0.002083 0.0 0.0
ходе 0.002083 2.65926 0.00554
цены 0.002083 0.0 0.0
части 0.002083 0.0 0.0
часто 0.002083 1.714798 0.003572
человека 0.002083 0.0 0.0
чжан 0.002083 4.60517 0.009594
чт 0.002083 0.0 0.0
чувствительность 0.002083 4.60517 0.009594
шумов 0.002083 4.60517 0.009594
шумы 0.002083 4.60517 0.009594
экспериментов 0.002083 3.506558 0.007305
экспорт 0.002083 0.0 0.0
электроники 0.002083 3.912023 0.00815
эмбрионы 0.002083 0.0 0.0
южной 0.002083 0.0 0.0
