авиалайнера 0.002801 0.0 0.0
австралии 0.002801 0.0 0.0
автоваз 0.002801 0.0 0.0
автоматом 0.002801 0.0 0.0
автопроизводителя 0.002801 0.0 0.0
автор 0.002801 0.0 0.0
авторы 0.002801 0.0 0.0
администрацией 0.002801 0.0 0.0
администрация 0.002801 3.218876 0.009016
адрес 0.002801 0.0 0.0
амбициозные 0.002801 3.912023 0.010958
американской 0.002801 4.60517 0.0129
америке 0.002801 0.0 0.0
аминокислот 0.002801 3.506558 0.009822
аналитики 0.002801 0.0 0.0
астронавтки 0.002801 3.506558 0.009822
аэронавтике 0.002801 4.60517 0.0129
белка 0.002801 0.0 0.0
белый 0.002801 3.912023 0.010958
биологические 0.002801 0.0 0.0
биологических 0.002801 0.0 0.0
ближнем 0.002801 0.0 0.0
блоги 0.002801 0.0 0.0
будут 0.002801 0.0 0.0
будущем 0.002801 2.995732 0.008391
быстро 0.002801 0.0 0.0
бюджет 0.002801 2.65926 0.007449
бюджета 0.002801 4.60517 0.0129
весом 0.002801 0.0 0.0
видео 0.002801 0.0 0.0
видеокарты 0.002801 0.0 0.0
внедорожники 0.002801 0.0 0.0
возвращение 0.002801 4.60517 0.0129
возвращения 0.002801 3.912023 0.010958
войти 0.002801 0.0 0.0
вопросы 0.002801 2.525729 0.007075
востоке 0.002801 0.0 0.0
время 0.002801 1.427116 0.003998
вс 0.002801 0.0 0.0
всему 0.002801 0.0 0.0
вт 0.002801 0.0 0.0
входят 0.002801 0.0 0.0
выделено 0.002801 4.60517 0.0129
выделите 0.002801 0.0 0.0
выживания 0.002801 3.506558 0.009822
вызывает 0.002801 3.912023 0.010958
высадка 0.002801 3.912023 0.010958
высадки 0.002801 4.60517 0.0129
выходит 0.002801 0.0 0.0
главную 0.002801 0.0 0.0
год 0.002801 0.0 0.0
года 0.002801 0.0 0.0
году 0.002801 1.272966 0.003566
грунта 0.002801 4.60517 0.0129
дальнейшая 0.002801 4.60517 0.0129
данные 0.002801 0.0 0.0
данный 0.002801 0.0 0.0
данных 0.002801 0.0 0.0
двигатели 0.002801 0.0 0.0
двигатель 0.002801 0.0 0.0
двух 0.002801 0.0 0.0
декларирует 0.002801 4.60517 0.0129
денег 0.002801 3.506558 0.009822
деятельность 0.002801 4.60517 0.0129
дизайн 0.002801 0.0 0.0
директор 0.002801 0.0 0.0
долларов 0.002801 0.0 0.0
дом 0.002801 0.0 0.0
доставили 0.002801 0.0 0.0
доставке 0.002801 3.218876 0.009016
доставку 0.002801 3.506558 0.009822
достигает 0.002801 0.0 0.0
европе 0.002801 2.65926 0.007449
едва 0.002801 2.407946 0.006745
завершат 0.002801 0.0 0.0
зависеть 0.002801 3.912023 0.010958
займется 0.002801 3.506558 0.009822
затронут 0.002801 4.60517 0.0129
защиты 0.002801 0.0 0.0
земле 0.002801 0.0 0.0
земли 0.002801 0.0 0.0
землю 0.002801 2.813411 0.007881
зонд 0.002801 0.0 0.0
зонда 0.002801 0.0 0.0
игры 0.002801 0.0 0.0
изображение 0.002801 1.514128 0.004241
илона 0.002801 2.207275 0.006183
инновационный 0.002801 0.0 0.0
информации 0.002801 0.0 0.0
использования 0.002801 0.0 0.0
исследование 0.002801 2.120264 0.005939
исследований 0.002801 0.0 0.0
исследованию 0.002801 3.506558 0.009822
источник 0.002801 0.0 0.0
календарь 0.002801 0.0 0.0
категории 0.002801 0.0 0.0
кг 0.002801 0.0 0.0
километров 0.002801 0.0 0.0
китай 0.002801 1.171183 0.003281
классическим 0.002801 0.0 0.0
клон 0.002801 0.0 0.0
ключевых 0.002801 2.995732 0.008391
комментирования 0.002801 0.0 0.0
компания 0.002801 0.820981 0.0023
комфортный 0.002801 0.0 0.0
конгресса 0.002801 3.506558 0.009822
конференция 0.002801 0.0 0.0
корее 0.002801 0.0 0.0
корпуса 0.002801 0.0 0.0
космического 0.002801 2.302585 0.00645
космической 0.002801 2.407946 0.006745
космическую 0.002801 3.912023 0.010958
космонавтики 0.002801 4.60517 0.0129
космонавтикой 0.002801 4.60517 0.0129
космос 0.002801 0.0 0.0
космоса 0.002801 0.0 0.0
котором 0.002801 3.218876 0.009016
которые 0.002801 1.309333 0.003668
кроссовера 0.002801 0.0 0.0
кроссоверы 0.002801 0.0 0.0
кубических 0.002801 0.0 0.0
куки 0.002801 0.0 0.0
летать 0.002801 0.0 0.0
лету 0.002801 0.0 0.0
листа 0.002801 0.0 0.0
луну 0.002801 3.218876 0.009016
людей 0.002801 2.302585 0.00645
мае 0.002801 0.0 0.0
май 0.002801 0.0 0.0
марка 0.002801 0.0 0.0
марс 0.002801 2.525729 0.007075
марса 0.002801 3.218876 0.009016
марсианского 0.002801 4.60517 0.0129
маска 0.002801 2.207275 0.006183
материалов 0.002801 0.0 0.0
машину 0.002801 0.0 0.0
мая 0.002801 0.0 0.0
международную 0.002801 3.912023 0.010958
межпланетный 0.002801 0.0 0.0
меньше 0.002801 2.407946 0.006745
меняет 0.002801 0.0 0.0
метрового 0.002801 0.0 0.0
миллионов 0.002801 0.0 0.0
миру 0.002801 0.0 0.0
миссию 0.002801 2.813411 0.007881
миссия 0.002801 2.120264 0.005939
мкс 0.002801 2.813411 0.007881
млн 0.002801 1.108663 0.003105
млрд 0.002801 2.302585 0.00645
мобильные 0.002801 0.0 0.0
могут 0.002801 0.0 0.0
момент 0.002801 0.0 0.0
мониторы 0.002801 0.0 0.0
мотобрендов 0.002801 0.0 0.0
мотоциклов 0.002801 0.0 0.0
мс 0.002801 0.0 0.0
мультимедиа 0.002801 0.0 0.0
нажмите 0.002801 0.0 0.0
назвал 0.002801 0.0 0.0
названием 0.002801 0.0 0.0
намерена 0.002801 3.912023 0.010958
направления 0.002801 3.912023 0.010958
наука 0.002801 1.966113 0.005507
научных 0.002801 3.218876 0.009016
находятся 0.002801 3.912023 0.010958
национального 0.002801 4.60517 0.0129
нашей 0.002801 0.0 0.0
наши 0.002801 0.0 0.0
нашли 0.002801 0.0 0.0
негативно 0.002801 4.60517 0.0129
несколько 0.002801 2.525729 0.007075
нить 0.002801 1.514128 0.004241
новое 0.002801 3.218876 0.009016
новости 0.002801 0.0 0.0
новые 0.002801 0.0 0.0
новый 0.002801 0.0 0.0
носители 0.002801 0.0 0.0
ноутбуки 0.002801 0.0 0.0
нужны 0.002801 0.0 0.0
обзоры 0.002801 0.0 0.0
обнаружить 0.002801 3.506558 0.009822
обработки 0.002801 0.0 0.0
образцов 0.002801 2.813411 0.007881
образцы 0.002801 0.0 0.0
объявлена 0.002801 0.0 0.0
одной 0.002801 1.832581 0.005133
одноклассник 0.002801 0.0 0.0
опередив 0.002801 4.60517 0.0129
орбите 0.002801 0.0 0.0
орбиты 0.002801 2.65926 0.007449
органику 0.002801 3.506558 0.009822
ос 0.002801 0.0 0.0
основные 0.002801 3.506558 0.009822
отдадут 0.002801 0.0 0.0
отечественного 0.002801 0.0 0.0
отказа 0.002801 0.0 0.0
отказались 0.002801 0.0 0.0
отключили 0.002801 0.0 0.0
очень 0.002801 0.0 0.0
ошибку 0.002801 0.0 0.0
переднего 0.002801 0.0 0.0
период 0.002801 0.0 0.0
периферия 0.002801 0.0 0.0
персональные 0.002801 0.0 0.0
персональных 0.002801 0.0 0.0
перчатке 0.002801 3.506558 0.009822
пиар 0.002801 0.0 0.0
пилотируемой 0.002801 3.912023 0.010958
пк 0.002801 0.0 0.0
планируется 0.002801 3.506558 0.009822
планов 0.002801 3.912023 0.010958
планшеты 0.002801 0.0 0.0
платформа 0.002801 0.0 0.0
пн 0.002801 0.0 0.0
подвел 0.002801 0.0 0.0
поднял 0.002801 0.0 0.0
подробнее 0.002801 0.0 0.0
подчеркивая 0.002801 3.912023 0.010958
поиск 0.002801 0.0 0.0
пока 0.002801 0.0 0.0
полезные 0.002801 0.0 0.0
политика 0.002801 0.0 0.0
политикой 0.002801 0.0 0.0
полноприводными 0.002801 0.0 0.0
полётов 0.002801 0.0 0.0
попадут 0.002801 4.60517 0.0129
попробовать 0.002801 0.0 0.0
популярная 0.002801 0.0 0.0
популярных 0.002801 0.0 0.0
посещать 0.002801 0.0 0.0
правила 0.002801 0.0 0.0
прайс 0.002801 0.0 0.0
практически 0.002801 2.995732 0.008391
предлагает 0.002801 2.120264 0.005939
предложенное 0.002801 4.60517 0.0129
представил 0.002801 1.514128 0.004241
представлен 0.002801 0.0 0.0
предусмотрено 0.002801 4.60517 0.0129
президента 0.002801 3.218876 0.009016
прибавка 0.002801 0.0 0.0
привода 0.002801 0.0 0.0
принтеры 0.002801 0.0 0.0
приоритетность 0.002801 4.60517 0.0129
причины 0.002801 0.0 0.0
пробизнес 0.002801 0.0 0.0
проведения 0.002801 0.0 0.0
программ 0.002801 0.0 0.0
программы 0.002801 0.0 0.0
продавать 0.002801 0.0 0.0
продажи 0.002801 0.0 0.0
продолжая 0.002801 0.0 0.0
проект 0.002801 0.0 0.0
проектов 0.002801 0.0 0.0
проекторы 0.002801 0.0 0.0
проекты 0.002801 0.0 0.0
пролить 0.002801 0.0 0.0
пространства 0.002801 3.218876 0.009016
процессы 0.002801 0.0 0.0
пт 0.002801 0.0 0.0
работы 0.002801 0.0 0.0
раскрыло 0.002801 3.506558 0.009822
расходы 0.002801 3.912023 0.010958
реализации 0.002801 3.912023 0.010958
реальных 0.002801 0.0 0.0
результаты 0.002801 0.0 0.0
реклама 0.002801 0.0 0.0
решает 0.002801 0.0 0.0
решения 0.002801 2.040221 0.005715
риска 0.002801 2.813411 0.007881
россии 0.002801 0.0 0.0
россияне 0.002801 0.0 0.0
рублей 0.002801 0.0 0.0
рынок 0.002801 0.0 0.0
сайте 0.002801 0.0 0.0
сайты 0.002801 0.0 0.0
самая 0.002801 0.0 0.0
самолётах 0.002801 0.0 0.0
самых 0.002801 0.0 0.0
сантиметров 0.002801 0.0 0.0
сб 0.002801 0.0 0.0
сбора 0.002801 0.0 0.0
свет 0.002801 0.0 0.0
своей 0.002801 0.0 0.0
связанных 0.002801 3.912023 0.010958
связи 0.002801 0.0 0.0
связь 0.002801 0.0 0.0
сгенерировано 0.002801 2.65926 0.007449
сегодня 0.002801 0.0 0.0
секрет 0.002801 3.506558 0.009822
серверы 0.002801 0.0 0.0
сервисы 0.002801 0.0 0.0
сертификацию 0.002801 0.0 0.0
сети 0.002801 0.0 0.0
сказаться 0.002801 4.60517 0.0129
скоро 0.002801 0.0 0.0
сложности 0.002801 0.0 0.0
снова 0.002801 0.0 0.0
советский 0.002801 0.0 0.0
соглашаетесь 0.002801 0.0 0.0
сократить 0.002801 2.65926 0.007449
сокращение 0.002801 3.912023 0.010958
сокращения 0.002801 3.506558 0.009822
сорвала 0.002801 3.506558 0.009822
спасти 0.002801 0.0 0.0
ср 0.002801 0.0 0.0
среда 0.002801 0.0 0.0
ссылки 0.002801 0.0 0.0
стал 0.002801 0.0 0.0
станцию 0.002801 3.218876 0.009016
стартуют 0.002801 0.0 0.0
статистика 0.002801 0.0 0.0
статьи 0.002801 0.0 0.0
стоимость 0.002801 0.0 0.0
стороны 0.002801 2.525729 0.007075
судьба 0.002801 3.912023 0.010958
существенно 0.002801 3.506558 0.009822
сша 0.002801 0.0 0.0
тайконавты 0.002801 0.0 0.0
такие 0.002801 1.714798 0.004803
тасс 0.002801 3.506558 0.009822
тв 0.002801 0.0 0.0
теги 0.002801 0.0 0.0
текст 0.002801 0.0 0.0
текущем 0.002801 4.60517 0.0129
технический 0.002801 0.0 0.0
топ 0.002801 0.0 0.0
тыс 0.002801 0.0 0.0
убрали 0.002801 0.0 0.0
увеличить 0.002801 3.912023 0.010958
угрозой 0.002801 2.65926 0.007449
уменьшить 0.002801 4.60517 0.0129
упасть 0.002801 0.0 0.0
управления 0.002801 2.040221 0.005715
урезание 0.002801 4.60517 0.0129
устройства 0.002801 0.0 0.0
ученым 0.002801 0.0 0.0
файлы 0.002801 0.0 0.0
федерального 0.002801 3.912023 0.010958
финансирование 0.002801 3.912023 0.010958
финансирования 0.002801 3.912023 0.010958
финансовом 0.002801 3.912023 0.010958
финансовый 0.002801 3.506558 0.009822
флагманского 0.002801 0.0 0.0
фото 0.002801 0.0 0.0
фундаментальные 0.002801 0.0 0.0
хитом 0.002801 0.0 0.0
цели 0.002801 2.995732 0.008391
ценой 0.002801 2.813411 0.007881
цены 0.002801 0.0 0.0
части 0.002801 0.0 0.0
человека 0.002801 0.0 0.0
чт 0.002801 0.0 0.0
экспорт 0.002801 0.0 0.0
эмбрионы 0.002801 0.0 0.0
энергии 0.002801 2.207275 0.006183
этих 0.002801 3.506558 0.009822
южной 0.002801 0.0 0.0
