аварии 0.003165 2.813411 0.008903
аварий 0.003165 2.813411 0.008903
авария 0.003165 3.218876 0.010186
авиалайнера 0.003165 0.0 0.0
австралии 0.003165 0.0 0.0
авто 0.003165 0.0 0.0
автоваз 0.003165 0.0 0.0
автоматом 0.003165 0.0 0.0
автомобиля 0.003165 2.995732 0.00948
автопроизводителя 0.003165 0.0 0.0
автор 0.003165 0.0 0.0
авторы 0.003165 0.0 0.0
администрацией 0.003165 0.0 0.0
адрес 0.003165 0.0 0.0
аксессуаров 0.003165 4.60517 0.014573
активируется 0.003165 4.60517 0.014573
америке 0.003165 0.0 0.0
аналитики 0.003165 0.0 0.0
анонсировала 0.003165 2.813411 0.008903
аппарат 0.003165 1.660731 0.005255
безопасности 0.003165 1.966113 0.006222
белка 0.003165 0.0 0.0
биологические 0.003165 0.0 0.0
биологических 0.003165 0.0 0.0
ближнем 0.003165 0.0 0.0
блоги 0.003165 0.0 0.0
будут 0.003165 0.0 0.0
быстро 0.003165 0.0 0.0
вводит 0.003165 4.60517 0.014573
версии 0.003165 1.714798 0.005427
весом 0.003165 0.0 0.0
видео 0.003165 0.0 0.0
видеокарты 0.003165 0.0 0.0
владельцу 0.003165 4.60517 0.014573
внедорожники 0.003165 0.0 0.0
вождении 0.003165 4.60517 0.014573
войти 0.003165 0.0 0.0
востоке 0.003165 0.0 0.0
времени 0.003165 1.89712 0.006004
время 0.003165 1.427116 0.004516
вс 0.003165 0.0 0.0
всему 0.003165 0.0 0.0
вт 0.003165 0.0 0.0
входят 0.003165 0.0 0.0
выделите 0.003165 0.0 0.0
выносливости 0.003165 4.60517 0.014573
выходит 0.003165 0.0 0.0
гигантскую 0.003165 3.506558 0.011097
гиперзвуковых 0.003165 2.995732 0.00948
главную 0.003165 0.0 0.0
года 0.003165 0.0 0.0
гоночной 0.003165 4.60517 0.014573
гоночном 0.003165 4.60517 0.014573
гуанчжоу 0.003165 4.60517 0.014573
данные 0.003165 0.0 0.0
данный 0.003165 0.0 0.0
данных 0.003165 0.0 0.0
двигатели 0.003165 0.0 0.0
двигатель 0.003165 0.0 0.0
двигателя 0.003165 1.89712 0.006004
двух 0.003165 0.0 0.0
дизайн 0.003165 0.0 0.0
директор 0.003165 0.0 0.0
добавляет 0.003165 3.912023 0.01238
долларов 0.003165 0.0 0.0
дом 0.003165 0.0 0.0
дороге 0.003165 4.60517 0.014573
доставили 0.003165 0.0 0.0
достигает 0.003165 0.0 0.0
достижения 0.003165 2.995732 0.00948
дтп 0.003165 4.60517 0.014573
её 0.003165 1.203973 0.00381
завершат 0.003165 0.0 0.0
защиты 0.003165 0.0 0.0
земле 0.003165 0.0 0.0
земли 0.003165 0.0 0.0
зонд 0.003165 0.0 0.0
зонда 0.003165 0.0 0.0
игры 0.003165 0.0 0.0
инновационный 0.003165 0.0 0.0
информации 0.003165 0.0 0.0
использованием 0.003165 2.813411 0.008903
использования 0.003165 0.0 0.0
испытаний 0.003165 2.65926 0.008415
исследований 0.003165 0.0 0.0
источник 0.003165 0.0 0.0
календарь 0.003165 0.0 0.0
категории 0.003165 0.0 0.0
квалификации 0.003165 4.60517 0.014573
кг 0.003165 0.0 0.0
километров 0.003165 0.0 0.0
классическим 0.003165 0.0 0.0
клон 0.003165 0.0 0.0
комментирования 0.003165 0.0 0.0
компания 0.003165 0.820981 0.002598
комфортный 0.003165 0.0 0.0
конференция 0.003165 0.0 0.0
корее 0.003165 0.0 0.0
корпуса 0.003165 0.0 0.0
космическая 0.003165 2.995732 0.00948
космос 0.003165 0.0 0.0
космоса 0.003165 0.0 0.0
котором 0.003165 3.218876 0.010186
который 0.003165 1.386294 0.004387
кроссовера 0.003165 0.0 0.0
кроссоверы 0.003165 0.0 0.0
круга 0.003165 3.912023 0.01238
кубических 0.003165 0.0 0.0
куки 0.003165 0.0 0.0
летать 0.003165 0.0 0.0
лету 0.003165 0.0 0.0
листа 0.003165 0.0 0.0
любой 0.003165 4.60517 0.014573
мае 0.003165 0.0 0.0
май 0.003165 0.0 0.0
максимальной 0.003165 4.60517 0.014573
марка 0.003165 0.0 0.0
материалов 0.003165 0.0 0.0
машину 0.003165 0.0 0.0
мая 0.003165 0.0 0.0
межпланетный 0.003165 0.0 0.0
меняет 0.003165 0.0 0.0
метрового 0.003165 0.0 0.0
миллиона 0.003165 2.995732 0.00948
миллионов 0.003165 0.0 0.0
миру 0.003165 0.0 0.0
млечного 0.003165 3.218876 0.010186
многоразовый 0.003165 3.506558 0.011097
мобильные 0.003165 0.0 0.0
могут 0.003165 0.0 0.0
момент 0.003165 0.0 0.0
мониторы 0.003165 0.0 0.0
мотобрендов 0.003165 0.0 0.0
мотоциклов 0.003165 0.0 0.0
мощности 0.003165 3.218876 0.010186
мощность 0.003165 1.560648 0.004939
мс 0.003165 0.0 0.0
мультимедиа 0.003165 0.0 0.0
нажмите 0.003165 0.0 0.0
назвал 0.003165 0.0 0.0
названием 0.003165 0.0 0.0
направлено 0.003165 4.60517 0.014573
нашей 0.003165 0.0 0.0
наши 0.003165 0.0 0.0
нашли 0.003165 0.0 0.0
необходимо 0.003165 2.407946 0.00762
неопытном 0.003165 4.60517 0.014573
новичков 0.003165 4.60517 0.014573
новости 0.003165 0.0 0.0
новые 0.003165 0.0 0.0
новый 0.003165 0.0 0.0
носители 0.003165 0.0 0.0
ноутбуки 0.003165 0.0 0.0
нужны 0.003165 0.0 0.0
обзоры 0.003165 0.0 0.0
обновление 0.003165 3.218876 0.010186
обновления 0.003165 2.525729 0.007993
обработки 0.003165 0.0 0.0
образцы 0.003165 0.0 0.0
объявлена 0.003165 0.0 0.0
ограничение 0.003165 4.60517 0.014573
одноклассник 0.003165 0.0 0.0
орбите 0.003165 0.0 0.0
ос 0.003165 0.0 0.0
особенно 0.003165 1.609438 0.005093
отдадут 0.003165 0.0 0.0
отечественного 0.003165 0.0 0.0
отказа 0.003165 0.0 0.0
отказались 0.003165 0.0 0.0
отключили 0.003165 0.0 0.0
официальной 0.003165 4.60517 0.014573
официальном 0.003165 3.506558 0.011097
очень 0.003165 0.0 0.0
ошибку 0.003165 0.0 0.0
переднего 0.003165 0.0 0.0
период 0.003165 0.0 0.0
периферия 0.003165 0.0 0.0
персональные 0.003165 0.0 0.0
персональных 0.003165 0.0 0.0
пиар 0.003165 0.0 0.0
пк 0.003165 0.0 0.0
планшеты 0.003165 0.0 0.0
платформа 0.003165 0.0 0.0
пн 0.003165 0.0 0.0
повредил 0.003165 3.506558 0.011097
повышение 0.003165 3.506558 0.011097
подвел 0.003165 0.0 0.0
поддержки 0.003165 3.912023 0.01238
поднял 0.003165 0.0 0.0
подробнее 0.003165 0.0 0.0
поиск 0.003165 0.0 0.0
пока 0.003165 0.0 0.0
показать 0.003165 3.218876 0.010186
полезные 0.003165 0.0 0.0
политика 0.003165 0.0 0.0
политикой 0.003165 0.0 0.0
полная 0.003165 3.506558 0.011097
полной 0.003165 2.65926 0.008415
полноприводными 0.003165 0.0 0.0
полётов 0.003165 0.0 0.0
попал 0.003165 2.813411 0.008903
попробовать 0.003165 0.0 0.0
популярная 0.003165 0.0 0.0
популярных 0.003165 0.0 0.0
посещать 0.003165 0.0 0.0
пояснила 0.003165 2.813411 0.008903
правила 0.003165 0.0 0.0
прайс 0.003165 0.0 0.0
предназначена 0.003165 3.218876 0.010186
представлен 0.003165 0.0 0.0
прибавка 0.003165 0.0 0.0
привода 0.003165 0.0 0.0
принтеры 0.003165 0.0 0.0
причины 0.003165 0.0 0.0
пробизнес 0.003165 0.0 0.0
проведения 0.003165 0.0 0.0
программы 0.003165 0.0 0.0
продавать 0.003165 0.0 0.0
продажи 0.003165 0.0 0.0
продолжая 0.003165 0.0 0.0
проектов 0.003165 0.0 0.0
проекторы 0.003165 0.0 0.0
проекты 0.003165 0.0 0.0
пролить 0.003165 0.0 0.0
процессы 0.003165 0.0 0.0
пт 0.003165 0.0 0.0
пульсар 0.003165 3.506558 0.011097
пути 0.003165 2.813411 0.008903
работы 0.003165 0.0 0.0
разблокировать 0.003165 4.60517 0.014573
разблокировки 0.003165 4.60517 0.014573
реальное 0.003165 4.60517 0.014573
реальных 0.003165 0.0 0.0
режим 0.003165 2.407946 0.00762
режиме 0.003165 2.995732 0.00948
результаты 0.003165 0.0 0.0
реклама 0.003165 0.0 0.0
рекомендованное 0.003165 4.60517 0.014573
решает 0.003165 0.0 0.0
решение 0.003165 2.040221 0.006456
риск 0.003165 1.89712 0.006004
россии 0.003165 0.0 0.0
россияне 0.003165 0.0 0.0
рублей 0.003165 0.0 0.0
рынок 0.003165 0.0 0.0
сайте 0.003165 0.0 0.0
сайты 0.003165 0.0 0.0
самая 0.003165 0.0 0.0
самолётах 0.003165 0.0 0.0
самых 0.003165 0.0 0.0
сантиметров 0.003165 0.0 0.0
сб 0.003165 0.0 0.0
сбора 0.003165 0.0 0.0
свет 0.003165 0.0 0.0
своей 0.003165 0.0 0.0
связи 0.003165 0.0 0.0
связь 0.003165 0.0 0.0
сегодня 0.003165 0.0 0.0
серверы 0.003165 0.0 0.0
сервисы 0.003165 0.0 0.0
сертификацию 0.003165 0.0 0.0
сети 0.003165 0.0 0.0
скоро 0.003165 0.0 0.0
скорости 0.003165 2.813411 0.008903
сложности 0.003165 0.0 0.0
служба 0.003165 3.912023 0.01238
снижает 0.003165 2.407946 0.00762
снова 0.003165 0.0 0.0
советский 0.003165 0.0 0.0
соглашаетесь 0.003165 0.0 0.0
спасти 0.003165 0.0 0.0
специальных 0.003165 4.60517 0.014573
ср 0.003165 0.0 0.0
среда 0.003165 0.0 0.0
ссылки 0.003165 0.0 0.0
стал 0.003165 0.0 0.0
стандартного 0.003165 4.60517 0.014573
стартуют 0.003165 0.0 0.0
статистика 0.003165 0.0 0.0
статьи 0.003165 0.0 0.0
стоимость 0.003165 0.0 0.0
структуру 0.003165 2.813411 0.008903
сша 0.003165 0.0 0.0
тайконавты 0.003165 0.0 0.0
тв 0.003165 0.0 0.0
теги 0.003165 0.0 0.0
текст 0.003165 0.0 0.0
технический 0.003165 0.0 0.0
топ 0.003165 0.0 0.0
трассе 0.003165 4.60517 0.014573
трека 0.003165 4.60517 0.014573
треке 0.003165 4.60517 0.014573
тыс 0.003165 0.0 0.0
убрали 0.003165 0.0 0.0
упасть 0.003165 0.0 0.0
урезали 0.003165 3.506558 0.011097
уровне 0.003165 2.65926 0.008415
устройства 0.003165 0.0 0.0
участвовали 0.003165 3.912023 0.01238
ученым 0.003165 0.0 0.0
учитывая 0.003165 3.218876 0.010186
файлы 0.003165 0.0 0.0
флагманского 0.003165 0.0 0.0
фото 0.003165 0.0 0.0
фундаментальные 0.003165 0.0 0.0
хитом 0.003165 0.0 0.0
цены 0.003165 0.0 0.0
час 0.003165 0.0 0.0
части 0.003165 0.0 0.0
человека 0.003165 0.0 0.0
чт 0.003165 0.0 0.0
шин 0.003165 0.0 0.0
экспорт 0.003165 0.0 0.0
экстремальную 0.003165 4.60517 0.014573
эмбрионы 0.003165 0.0 0.0
южной 0.003165 0.0 0.0
