авиалайнера 0.003436 0.0 0.0
австралии 0.003436 0.0 0.0
автоваз 0.003436 0.0 0.0
автоматом 0.003436 0.0 0.0
автопроизводителя 0.003436 0.0 0.0
автор 0.003436 0.0 0.0
авторы 0.003436 0.0 0.0
администрацией 0.003436 0.0 0.0
адрес 0.003436 0.0 0.0
алюминиевый 0.003436 4.60517 0.015825
америке 0.003436 0.0 0.0
аналитики 0.003436 0.0 0.0
белка 0.003436 0.0 0.0
биологические 0.003436 0.0 0.0
биологических 0.003436 0.0 0.0
ближнем 0.003436 0.0 0.0
блоги 0.003436 0.0 0.0
будут 0.003436 0.0 0.0
быстрее 0.003436 2.407946 0.008275
быстро 0.003436 0.0 0.0
весом 0.003436 0.0 0.0
видео 0.003436 0.0 0.0
видеокарты 0.003436 0.0 0.0
внедорожники 0.003436 0.0 0.0
возможность 0.003436 1.966113 0.006756
войти 0.003436 0.0 0.0
востоке 0.003436 0.0 0.0
вс 0.003436 0.0 0.0
всему 0.003436 0.0 0.0
встретить 0.003436 4.60517 0.015825
вт 0.003436 0.0 0.0
входят 0.003436 0.0 0.0
выделите 0.003436 0.0 0.0
выделить 0.003436 4.60517 0.015825
выходит 0.003436 0.0 0.0
главную 0.003436 0.0 0.0
года 0.003436 0.0 0.0
данные 0.003436 0.0 0.0
данный 0.003436 0.0 0.0
данных 0.003436 0.0 0.0
двигатели 0.003436 0.0 0.0
двигатель 0.003436 0.0 0.0
двух 0.003436 0.0 0.0
диагональю 0.003436 3.912023 0.013443
дизайн 0.003436 0.0 0.0
директор 0.003436 0.0 0.0
добрый 0.003436 3.506558 0.01205
долларов 0.003436 0.0 0.0
дом 0.003436 0.0 0.0
доставили 0.003436 0.0 0.0
достигает 0.003436 0.0 0.0
дюйма 0.003436 3.912023 0.013443
ещё 0.003436 1.89712 0.006519
завершат 0.003436 0.0 0.0
заодно 0.003436 3.506558 0.01205
защиты 0.003436 0.0 0.0
земле 0.003436 0.0 0.0
земли 0.003436 0.0 0.0
зонд 0.003436 0.0 0.0
зонда 0.003436 0.0 0.0
зрение 0.003436 3.506558 0.01205
играх 0.003436 3.218876 0.011061
игру 0.003436 2.995732 0.010295
игры 0.003436 0.0 0.0
инновационный 0.003436 0.0 0.0
информации 0.003436 0.0 0.0
использования 0.003436 0.0 0.0
испортит 0.003436 3.506558 0.01205
исследований 0.003436 0.0 0.0
источник 0.003436 0.0 0.0
кадровую 0.003436 4.60517 0.015825
каких 0.003436 4.60517 0.015825
календарь 0.003436 0.0 0.0
категории 0.003436 0.0 0.0
кг 0.003436 0.0 0.0
километров 0.003436 0.0 0.0
классическим 0.003436 0.0 0.0
клон 0.003436 0.0 0.0
комментирования 0.003436 0.0 0.0
компания 0.003436 0.820981 0.002821
комфортный 0.003436 0.0 0.0
консоли 0.003436 3.506558 0.01205
конференция 0.003436 0.0 0.0
корее 0.003436 0.0 0.0
корпус 0.003436 0.0 0.0
корпуса 0.003436 0.0 0.0
космос 0.003436 0.0 0.0
космоса 0.003436 0.0 0.0
который 0.003436 1.386294 0.004764
крайне 0.003436 3.218876 0.011061
кроссовера 0.003436 0.0 0.0
кроссоверы 0.003436 0.0 0.0
кубических 0.003436 0.0 0.0
куки 0.003436 0.0 0.0
летать 0.003436 0.0 0.0
лету 0.003436 0.0 0.0
листа 0.003436 0.0 0.0
мае 0.003436 0.0 0.0
май 0.003436 0.0 0.0
марка 0.003436 0.0 0.0
материалов 0.003436 0.0 0.0
машину 0.003436 0.0 0.0
мая 0.003436 0.0 0.0
межпланетный 0.003436 0.0 0.0
меняет 0.003436 0.0 0.0
метрового 0.003436 0.0 0.0
миллионов 0.003436 0.0 0.0
миру 0.003436 0.0 0.0
мобильные 0.003436 0.0 0.0
могут 0.003436 0.0 0.0
модели 0.003436 1.139434 0.003916
момент 0.003436 0.0 0.0
монитор 0.003436 0.0 0.0
монитора 0.003436 4.60517 0.015825
мониторы 0.003436 0.0 0.0
мотобрендов 0.003436 0.0 0.0
мотоциклов 0.003436 0.0 0.0
мс 0.003436 0.0 0.0
мультимедиа 0.003436 0.0 0.0
нажмите 0.003436 0.0 0.0
назвал 0.003436 0.0 0.0
названием 0.003436 0.0 0.0
настраивать 0.003436 3.912023 0.013443
нашей 0.003436 0.0 0.0
наши 0.003436 0.0 0.0
нашли 0.003436 0.0 0.0
немалую 0.003436 4.60517 0.015825
неясно 0.003436 4.60517 0.015825
новинка 0.003436 3.506558 0.01205
новости 0.003436 0.0 0.0
новые 0.003436 0.0 0.0
новый 0.003436 0.0 0.0
носители 0.003436 0.0 0.0
ноутбуки 0.003436 0.0 0.0
нужны 0.003436 0.0 0.0
обзоры 0.003436 0.0 0.0
обработки 0.003436 0.0 0.0
образцы 0.003436 0.0 0.0
объявлена 0.003436 0.0 0.0
одноклассник 0.003436 0.0 0.0
орбите 0.003436 0.0 0.0
оригинальной 0.003436 3.912023 0.013443
ос 0.003436 0.0 0.0
основана 0.003436 4.60517 0.015825
отдадут 0.003436 0.0 0.0
отечественного 0.003436 0.0 0.0
отказа 0.003436 0.0 0.0
отказались 0.003436 0.0 0.0
отключили 0.003436 0.0 0.0
отличие 0.003436 2.207275 0.007585
отображать 0.003436 4.60517 0.015825
очень 0.003436 0.0 0.0
ошибку 0.003436 0.0 0.0
панели 0.003436 2.813411 0.009668
панель 0.003436 2.995732 0.010295
переднего 0.003436 0.0 0.0
период 0.003436 0.0 0.0
периферия 0.003436 0.0 0.0
персональные 0.003436 0.0 0.0
персональных 0.003436 0.0 0.0
пиар 0.003436 0.0 0.0
пикселей 0.003436 3.912023 0.013443
пк 0.003436 0.0 0.0
планшеты 0.003436 0.0 0.0
платформа 0.003436 0.0 0.0
пн 0.003436 0.0 0.0
повысила 0.003436 3.218876 0.011061
подвел 0.003436 0.0 0.0
поднял 0.003436 0.0 0.0
подробнее 0.003436 0.0 0.0
подсветка 0.003436 3.912023 0.013443
поиск 0.003436 0.0 0.0
пока 0.003436 0.0 0.0
полезные 0.003436 0.0 0.0
политика 0.003436 0.0 0.0
политикой 0.003436 0.0 0.0
полноприводными 0.003436 0.0 0.0
пользователей 0.003436 2.65926 0.009138
полётов 0.003436 0.0 0.0
попробовать 0.003436 0.0 0.0
популярная 0.003436 0.0 0.0
популярных 0.003436 0.0 0.0
посещать 0.003436 0.0 0.0
правила 0.003436 0.0 0.0
прайс 0.003436 0.0 0.0
пределах 0.003436 4.60517 0.015825
представила 0.003436 1.832581 0.006298
представлен 0.003436 0.0 0.0
прибавка 0.003436 0.0 0.0
привода 0.003436 0.0 0.0
придумала 0.003436 3.506558 0.01205
принтеры 0.003436 0.0 0.0
причины 0.003436 0.0 0.0
пробизнес 0.003436 0.0 0.0
проведения 0.003436 0.0 0.0
программы 0.003436 0.0 0.0
продавать 0.003436 0.0 0.0
продажи 0.003436 0.0 0.0
продолжая 0.003436 0.0 0.0
проектов 0.003436 0.0 0.0
проекторы 0.003436 0.0 0.0
проекты 0.003436 0.0 0.0
пролить 0.003436 0.0 0.0
процессоры 0.003436 2.525729 0.008679
процессы 0.003436 0.0 0.0
пт 0.003436 0.0 0.0
работают 0.003436 2.65926 0.009138
работы 0.003436 0.0 0.0
разгон 0.003436 2.525729 0.008679
разгона 0.003436 3.506558 0.01205
разрешением 0.003436 3.912023 0.013443
реальных 0.003436 0.0 0.0
редко 0.003436 4.60517 0.015825
резко 0.003436 2.995732 0.010295
результаты 0.003436 0.0 0.0
реклама 0.003436 0.0 0.0
решает 0.003436 0.0 0.0
россии 0.003436 0.0 0.0
россияне 0.003436 0.0 0.0
рублей 0.003436 0.0 0.0
рынок 0.003436 0.0 0.0
сайте 0.003436 0.0 0.0
сайты 0.003436 0.0 0.0
самая 0.003436 0.0 0.0
самолётах 0.003436 0.0 0.0
самых 0.003436 0.0 0.0
сантиметров 0.003436 0.0 0.0
сб 0.003436 0.0 0.0
сбора 0.003436 0.0 0.0
свет 0.003436 0.0 0.0
своей 0.003436 0.0 0.0
свои 0.003436 1.89712 0.006519
связи 0.003436 0.0 0.0
связь 0.003436 0.0 0.0
сегодня 0.003436 0.0 0.0
серверы 0.003436 0.0 0.0
сервисы 0.003436 0.0 0.0
серого 0.003436 4.60517 0.015825
сертификацию 0.003436 0.0 0.0
сети 0.003436 0.0 0.0
скоро 0.003436 0.0 0.0
сложности 0.003436 0.0 0.0
снова 0.003436 0.0 0.0
советский 0.003436 0.0 0.0
соглашаетесь 0.003436 0.0 0.0
спасти 0.003436 0.0 0.0
способная 0.003436 4.60517 0.015825
ср 0.003436 0.0 0.0
среда 0.003436 0.0 0.0
ссылки 0.003436 0.0 0.0
стал 0.003436 0.0 0.0
стартуют 0.003436 0.0 0.0
старый 0.003436 3.506558 0.01205
статистика 0.003436 0.0 0.0
статьи 0.003436 0.0 0.0
стоимость 0.003436 0.0 0.0
суть 0.003436 4.60517 0.015825
сша 0.003436 0.0 0.0
тайконавты 0.003436 0.0 0.0
тв 0.003436 0.0 0.0
теги 0.003436 0.0 0.0
текст 0.003436 0.0 0.0
технический 0.003436 0.0 0.0
топ 0.003436 0.0 0.0
точно 0.003436 1.108663 0.00381
тыс 0.003436 0.0 0.0
убрали 0.003436 0.0 0.0
упасть 0.003436 0.0 0.0
уровней 0.003436 4.60517 0.015825
устройства 0.003436 0.0 0.0
ученым 0.003436 0.0 0.0
файлы 0.003436 0.0 0.0
флагманского 0.003436 0.0 0.0
фото 0.003436 0.0 0.0
фундаментальные 0.003436 0.0 0.0
функцией 0.003436 3.506558 0.01205
хитом 0.003436 0.0 0.0
хочет 0.003436 2.813411 0.009668
цветной 0.003436 3.506558 0.01205
цветов 0.003436 4.60517 0.015825
цена 0.003436 1.714798 0.005893
цену 0.003436 3.506558 0.01205
цены 0.003436 0.0 0.0
части 0.003436 0.0 0.0
частоту 0.003436 2.995732 0.010295
человека 0.003436 0.0 0.0
чт 0.003436 0.0 0.0
экспорт 0.003436 0.0 0.0
эмбрионы 0.003436 0.0 0.0
южной 0.003436 0.0 0.0
явно 0.003436 4.60517 0.015825
