авиалайнера 0.002203 0.0 0.0
австралии 0.002203 0.0 0.0
автоваз 0.002203 0.0 0.0
автоматом 0.002203 0.0 0.0
автономно 0.002203 3.218876 0.00709
автопроизводителя 0.002203 0.0 0.0
автор 0.002203 0.0 0.0
авторы 0.002203 0.0 0.0
адвокатов 0.002203 4.60517 0.010144
администрацией 0.002203 0.0 0.0
адрес 0.002203 0.0 0.0
алгоритмами 0.002203 3.506558 0.007724
альтман 0.002203 3.506558 0.007724
америке 0.002203 0.0 0.0
аналитики 0.002203 0.0 0.0
аналитических 0.002203 4.60517 0.010144
апрель 0.002203 3.218876 0.00709
апреля 0.002203 1.966113 0.004331
аудио 0.002203 3.506558 0.007724
байдена 0.002203 4.60517 0.010144
безопасности 0.002203 1.966113 0.004331
белка 0.002203 0.0 0.0
биологические 0.002203 0.0 0.0
биологических 0.002203 0.0 0.0
ближнем 0.002203 0.0 0.0
блоги 0.002203 0.0 0.0
большую 0.002203 4.60517 0.010144
бот 0.002203 0.0 0.0
будут 0.002203 0.0 0.0
будущих 0.002203 2.65926 0.005857
быстро 0.002203 0.0 0.0
ввс 0.002203 3.218876 0.00709
версия 0.002203 2.65926 0.005857
весеннего 0.002203 4.60517 0.010144
весом 0.002203 0.0 0.0
видео 0.002203 0.0 0.0
видеокарты 0.002203 0.0 0.0
включали 0.002203 4.60517 0.010144
внедорожники 0.002203 0.0 0.0
войти 0.002203 0.0 0.0
востоке 0.002203 0.0 0.0
впервые 0.002203 2.120264 0.00467
впечатляют 0.002203 4.60517 0.010144
вред 0.002203 2.525729 0.005563
время 0.002203 1.427116 0.003143
вс 0.002203 0.0 0.0
всему 0.002203 0.0 0.0
встроенная 0.002203 3.912023 0.008617
вт 0.002203 0.0 0.0
входят 0.002203 0.0 0.0
вывода 0.002203 3.506558 0.007724
выдавая 0.002203 3.912023 0.008617
выделите 0.002203 0.0 0.0
вызвала 0.002203 3.506558 0.007724
выходит 0.002203 0.0 0.0
галлюцинировала 0.002203 4.60517 0.010144
гибридных 0.002203 3.218876 0.00709
гиперзвукового 0.002203 3.506558 0.007724
глава 0.002203 2.813411 0.006197
главную 0.002203 0.0 0.0
го 0.002203 0.0 0.0
года 0.002203 0.0 0.0
готов 0.002203 1.237874 0.002727
дальше 0.002203 4.60517 0.010144
данные 0.002203 0.0 0.0
данный 0.002203 0.0 0.0
данных 0.002203 0.0 0.0
двигатели 0.002203 0.0 0.0
двигатель 0.002203 0.0 0.0
двигателя 0.002203 1.89712 0.004179
двух 0.002203 0.0 0.0
двухлетняя 0.002203 4.60517 0.010144
дебаты 0.002203 4.60517 0.010144
диалогах 0.002203 4.60517 0.010144
дизайн 0.002203 0.0 0.0
директор 0.002203 0.0 0.0
дискуссия 0.002203 4.60517 0.010144
долларов 0.002203 0.0 0.0
дом 0.002203 0.0 0.0
доставили 0.002203 0.0 0.0
достигает 0.002203 0.0 0.0
достижения 0.002203 2.995732 0.006599
доступе 0.002203 2.525729 0.005563
доступной 0.002203 4.60517 0.010144
ещё 0.002203 1.89712 0.004179
её 0.002203 1.203973 0.002652
жену 0.002203 4.60517 0.010144
журналиста 0.002203 4.60517 0.010144
завершат 0.002203 0.0 0.0
завершила 0.002203 2.65926 0.005857
задач 0.002203 1.609438 0.003545
закрывает 0.002203 4.60517 0.010144
закрывается 0.002203 4.60517 0.010144
заложила 0.002203 4.60517 0.010144
заменит 0.002203 4.60517 0.010144
заморозить 0.002203 4.60517 0.010144
запасом 0.002203 2.65926 0.005857
запросов 0.002203 4.60517 0.010144
запуском 0.002203 3.912023 0.008617
захвата 0.002203 3.912023 0.008617
защиты 0.002203 0.0 0.0
заявлении 0.002203 3.506558 0.007724
земле 0.002203 0.0 0.0
земли 0.002203 0.0 0.0
злоупотреблял 0.002203 4.60517 0.010144
зонд 0.002203 0.0 0.0
зонда 0.002203 0.0 0.0
игры 0.002203 0.0 0.0
избегает 0.002203 4.60517 0.010144
избежала 0.002203 4.60517 0.010144
изображений 0.002203 3.506558 0.007724
ии 0.002203 0.0 0.0
илон 0.002203 2.207275 0.004862
илона 0.002203 2.207275 0.004862
именем 0.002203 3.912023 0.008617
имитацией 0.002203 4.60517 0.010144
инновационный 0.002203 0.0 0.0
инструментов 0.002203 3.506558 0.007724
интеллект 0.002203 1.966113 0.004331
интеллекта 0.002203 2.525729 0.005563
информации 0.002203 0.0 0.0
инциденты 0.002203 3.912023 0.008617
искусственный 0.002203 3.912023 0.008617
использования 0.002203 0.0 0.0
испытания 0.002203 2.302585 0.005072
исследований 0.002203 0.0 0.0
истории 0.002203 2.65926 0.005857
источник 0.002203 0.0 0.0
календарь 0.002203 0.0 0.0
категории 0.002203 0.0 0.0
кг 0.002203 0.0 0.0
километров 0.002203 0.0 0.0
классическим 0.002203 0.0 0.0
клон 0.002203 0.0 0.0
км 0.002203 1.309333 0.002884
комментирования 0.002203 0.0 0.0
компании 0.002203 1.347074 0.002967
компания 0.002203 0.820981 0.001808
комфортный 0.002203 0.0 0.0
конгресса 0.002203 3.506558 0.007724
контент 0.002203 3.506558 0.007724
конференция 0.002203 0.0 0.0
корее 0.002203 0.0 0.0
корпуса 0.002203 0.0 0.0
космос 0.002203 0.0 0.0
космоса 0.002203 0.0 0.0
который 0.002203 1.386294 0.003054
креативность 0.002203 4.60517 0.010144
креативных 0.002203 4.60517 0.010144
критики 0.002203 3.912023 0.008617
кроссовера 0.002203 0.0 0.0
кроссоверы 0.002203 0.0 0.0
кубических 0.002203 0.0 0.0
куки 0.002203 0.0 0.0
легендарная 0.002203 3.506558 0.007724
летать 0.002203 0.0 0.0
лету 0.002203 0.0 0.0
листа 0.002203 0.0 0.0
логических 0.002203 0.0 0.0
логического 0.002203 2.995732 0.006599
ложный 0.002203 4.60517 0.010144
лётные 0.002203 3.506558 0.007724
мае 0.002203 0.0 0.0
май 0.002203 0.0 0.0
манипулировать 0.002203 4.60517 0.010144
манипуляций 0.002203 4.60517 0.010144
марка 0.002203 0.0 0.0
маркировки 0.002203 4.60517 0.010144
марте 0.002203 2.813411 0.006197
маск 0.002203 2.207275 0.004862
маска 0.002203 2.207275 0.004862
материалов 0.002203 0.0 0.0
машинное 0.002203 4.60517 0.010144
машину 0.002203 0.0 0.0
мая 0.002203 0.0 0.0
межпланетный 0.002203 0.0 0.0
меняет 0.002203 0.0 0.0
метрового 0.002203 0.0 0.0
миллионов 0.002203 0.0 0.0
мир 0.002203 0.0 0.0
мира 0.002203 3.506558 0.007724
миру 0.002203 0.0 0.0
млн 0.002203 1.108663 0.002442
мобильные 0.002203 0.0 0.0
могут 0.002203 0.0 0.0
модели 0.002203 1.139434 0.00251
модель 0.002203 1.469676 0.003237
момент 0.002203 0.0 0.0
момента 0.002203 3.506558 0.007724
мониторы 0.002203 0.0 0.0
мотобрендов 0.002203 0.0 0.0
мотоциклов 0.002203 0.0 0.0
мощностью 0.002203 1.832581 0.004037
мс 0.002203 0.0 0.0
мультимедиа 0.002203 0.0 0.0
мультимодальный 0.002203 4.60517 0.010144
мурати 0.002203 4.60517 0.010144
нажмите 0.002203 0.0 0.0
назвал 0.002203 0.0 0.0
названием 0.002203 0.0 0.0
наименований 0.002203 4.60517 0.010144
начавшаяся 0.002203 4.60517 0.010144
начала 0.002203 2.302585 0.005072
нашей 0.002203 0.0 0.0
наши 0.002203 0.0 0.0
нашли 0.002203 0.0 0.0
нашуметь 0.002203 4.60517 0.010144
нейросети 0.002203 4.60517 0.010144
новости 0.002203 0.0 0.0
новые 0.002203 0.0 0.0
новый 0.002203 0.0 0.0
носители 0.002203 0.0 0.0
ноутбуки 0.002203 0.0 0.0
ноябре 0.002203 3.912023 0.008617
нужны 0.002203 0.0 0.0
нумерация 0.002203 4.60517 0.010144
обзоры 0.002203 0.0 0.0
обнажило 0.002203 4.60517 0.010144
обновления 0.002203 2.525729 0.005563
обработки 0.002203 0.0 0.0
обработкой 0.002203 3.912023 0.008617
образом 0.002203 3.506558 0.007724
образцы 0.002203 0.0 0.0
обратная 0.002203 3.912023 0.008617
обучение 0.002203 4.60517 0.010144
объединяющих 0.002203 4.60517 0.010144
объявлена 0.002203 0.0 0.0
обязывающему 0.002203 4.60517 0.010144
одноклассник 0.002203 0.0 0.0
октябре 0.002203 3.912023 0.008617
опубликовал 0.002203 3.506558 0.007724
орбите 0.002203 0.0 0.0
ос 0.002203 0.0 0.0
основу 0.002203 3.218876 0.00709
оставить 0.002203 3.506558 0.007724
останется 0.002203 3.506558 0.007724
отдадут 0.002203 0.0 0.0
отечественного 0.002203 0.0 0.0
отказа 0.002203 0.0 0.0
отказались 0.002203 0.0 0.0
отключили 0.002203 0.0 0.0
открытое 0.002203 3.912023 0.008617
отметила 0.002203 2.813411 0.006197
официального 0.002203 3.218876 0.00709
очень 0.002203 0.0 0.0
ошибку 0.002203 0.0 0.0
параллельно 0.002203 1.89712 0.004179
параметров 0.002203 2.813411 0.006197
пауза 0.002203 4.60517 0.010144
переднего 0.002203 0.0 0.0
переломного 0.002203 4.60517 0.010144
период 0.002203 0.0 0.0
периферия 0.002203 0.0 0.0
персональные 0.002203 0.0 0.0
персональных 0.002203 0.0 0.0
пиар 0.002203 0.0 0.0
письмо 0.002203 4.60517 0.010144
пк 0.002203 0.0 0.0
планшеты 0.002203 0.0 0.0
платформ 0.002203 0.0 0.0
платформа 0.002203 0.0 0.0
пн 0.002203 0.0 0.0
подвел 0.002203 0.0 0.0
поддержку 0.002203 2.65926 0.005857
подлинным 0.002203 4.60517 0.010144
поднял 0.002203 0.0 0.0
подписали 0.002203 3.912023 0.008617
подробнее 0.002203 0.0 0.0
подчеркнув 0.002203 3.912023 0.008617
подчеркнула 0.002203 2.995732 0.006599
позволит 0.002203 2.65926 0.005857
поиск 0.002203 0.0 0.0
пока 0.002203 0.0 0.0
показали 0.002203 2.813411 0.006197
полгода 0.002203 3.218876 0.00709
полезные 0.002203 0.0 0.0
политика 0.002203 0.0 0.0
политикой 0.002203 0.0 0.0
полноприводными 0.002203 0.0 0.0
получила 0.002203 2.407946 0.005304
полётов 0.002203 0.0 0.0
пониманием 0.002203 4.60517 0.010144
попробовать 0.002203 0.0 0.0
популярная 0.002203 0.0 0.0
популярных 0.002203 0.0 0.0
пор 0.002203 0.0 0.0
поразившая 0.002203 4.60517 0.010144
посещать 0.002203 0.0 0.0
последовали 0.002203 4.60517 0.010144
правила 0.002203 0.0 0.0
прайс 0.002203 0.0 0.0
представила 0.002203 1.832581 0.004037
представлен 0.002203 0.0 0.0
предупреждений 0.002203 4.60517 0.010144
прекратила 0.002203 4.60517 0.010144
прибавка 0.002203 0.0 0.0
привела 0.002203 4.60517 0.010144
привода 0.002203 0.0 0.0
призывом 0.002203 4.60517 0.010144
принтеры 0.002203 0.0 0.0
принёс 0.002203 4.60517 0.010144
причины 0.002203 0.0 0.0
причинять 0.002203 4.60517 0.010144
пробизнес 0.002203 0.0 0.0
проведения 0.002203 0.0 0.0
проверить 0.002203 4.60517 0.010144
программы 0.002203 0.0 0.0
продавать 0.002203 0.0 0.0
продажи 0.002203 0.0 0.0
продвинутые 0.002203 4.60517 0.010144
продолжая 0.002203 0.0 0.0
продолжила 0.002203 4.60517 0.010144
проектами 0.002203 3.218876 0.00709
проектов 0.002203 0.0 0.0
проекторы 0.002203 0.0 0.0
проекты 0.002203 0.0 0.0
пролить 0.002203 0.0 0.0
прорывов 0.002203 3.912023 0.008617
прохождению 0.002203 3.506558 0.007724
процентиля 0.002203 4.60517 0.010144
процессы 0.002203 0.0 0.0
прямой 0.002203 4.60517 0.010144
пт 0.002203 0.0 0.0
публичном 0.002203 4.60517 0.010144
путаницу 0.002203 4.60517 0.010144
работы 0.002203 0.0 0.0
разгоном 0.002203 3.506558 0.007724
разработку 0.002203 2.995732 0.006599
разработчиков 0.002203 2.813411 0.006197
разрыв 0.002203 3.218876 0.00709
ранняя 0.002203 4.60517 0.010144
реальных 0.002203 0.0 0.0
регулярно 0.002203 3.912023 0.008617
результатами 0.002203 4.60517 0.010144
результаты 0.002203 0.0 0.0
реклама 0.002203 0.0 0.0
релиза 0.002203 4.60517 0.010144
ресурсов 0.002203 3.506558 0.007724
решает 0.002203 0.0 0.0
решение 0.002203 2.040221 0.004494
решением 0.002203 2.813411 0.006197
роль 0.002203 1.89712 0.004179
россии 0.002203 0.0 0.0
россияне 0.002203 0.0 0.0
рублей 0.002203 0.0 0.0
рынок 0.002203 0.0 0.0
сайте 0.002203 0.0 0.0
сайты 0.002203 0.0 0.0
самая 0.002203 0.0 0.0
самолётах 0.002203 0.0 0.0
саморепликации 0.002203 4.60517 0.010144
самых 0.002203 0.0 0.0
сантиметров 0.002203 0.0 0.0
сб 0.002203 0.0 0.0
сбора 0.002203 0.0 0.0
свет 0.002203 0.0 0.0
своей 0.002203 0.0 0.0
своём 0.002203 3.912023 0.008617
связи 0.002203 0.0 0.0
связь 0.002203 0.0 0.0
сегодня 0.002203 0.0 0.0
секунды 0.002203 2.207275 0.004862
серверы 0.002203 0.0 0.0
сервисы 0.002203 0.0 0.0
сертификацию 0.002203 0.0 0.0
сети 0.002203 0.0 0.0
сидней 0.002203 4.60517 0.010144
систем 0.002203 0.653926 0.00144
системы 0.002203 1.469676 0.003237
сих 0.002203 2.407946 0.005304
скандал 0.002203 4.60517 0.010144
скандалов 0.002203 4.60517 0.010144
скоро 0.002203 0.0 0.0
сложности 0.002203 0.0 0.0
сложных 0.002203 2.813411 0.006197
снизил 0.002203 3.912023 0.008617
снова 0.002203 0.0 0.0
совершенствовать 0.002203 3.506558 0.007724
советский 0.002203 0.0 0.0
совместимость 0.002203 3.912023 0.008617
соглашаетесь 0.002203 0.0 0.0
состоялась 0.002203 3.912023 0.008617
сотрудничество 0.002203 2.65926 0.005857
сохранить 0.002203 3.218876 0.00709
сохраняя 0.002203 3.506558 0.007724
сочетает 0.002203 2.995732 0.006599
спасти 0.002203 0.0 0.0
способен 0.002203 2.525729 0.005563
спровоцировало 0.002203 4.60517 0.010144
ср 0.002203 0.0 0.0
среда 0.002203 0.0 0.0
ссылки 0.002203 0.0 0.0
стабильностью 0.002203 4.60517 0.010144
стал 0.002203 0.0 0.0
стартуют 0.002203 0.0 0.0
статистика 0.002203 0.0 0.0
статьи 0.002203 0.0 0.0
стоимость 0.002203 0.0 0.0
стратегию 0.002203 3.506558 0.007724
существующими 0.002203 4.60517 0.010144
сходил 0.002203 4.60517 0.010144
сценарии 0.002203 4.60517 0.010144
сша 0.002203 0.0 0.0
сэм 0.002203 3.506558 0.007724
тайконавты 0.002203 0.0 0.0
таким 0.002203 2.407946 0.005304
тв 0.002203 0.0 0.0
теги 0.002203 0.0 0.0
текст 0.002203 0.0 0.0
тестировать 0.002203 3.506558 0.007724
тестов 0.002203 2.65926 0.005857
тесты 0.002203 2.995732 0.006599
технические 0.002203 3.912023 0.008617
технический 0.002203 0.0 0.0
технологию 0.002203 2.995732 0.006599
топ 0.002203 0.0 0.0
трансляции 0.002203 3.912023 0.008617
трлн 0.002203 4.60517 0.010144
тыс 0.002203 0.0 0.0
убедительный 0.002203 4.60517 0.010144
убрали 0.002203 0.0 0.0
уговаривал 0.002203 4.60517 0.010144
указу 0.002203 4.60517 0.010144
улучшенной 0.002203 4.60517 0.010144
ума 0.002203 1.771957 0.003903
упасть 0.002203 0.0 0.0
уровне 0.002203 2.65926 0.005857
успела 0.002203 4.60517 0.010144
устройства 0.002203 0.0 0.0
ученым 0.002203 0.0 0.0
ушла 0.002203 3.218876 0.00709
файлы 0.002203 0.0 0.0
феврале 0.002203 3.912023 0.008617
февраль 0.002203 4.60517 0.010144
флагманского 0.002203 0.0 0.0
фото 0.002203 0.0 0.0
фундаментальные 0.002203 0.0 0.0
хаотичную 0.002203 4.60517 0.010144
хитом 0.002203 0.0 0.0
хода 0.002203 1.609438 0.003545
цены 0.002203 0.0 0.0
части 0.002203 0.0 0.0
чат 0.002203 1.049822 0.002312
человек 0.002203 0.0 0.0
человека 0.002203 0.0 0.0
чт 0.002203 0.0 0.0
экзаменах 0.002203 4.60517 0.010144
экспорт 0.002203 0.0 0.0
эмбрионы 0.002203 0.0 0.0
эмодзи 0.002203 4.60517 0.010144
эмоциями 0.002203 4.60517 0.010144
эру 0.002203 2.525729 0.005563
южной 0.002203 0.0 0.0
языковые 0.002203 3.506558 0.007724
