авиалайнера 0.003559 0.0 0.0
австралии 0.003559 0.0 0.0
автоваз 0.003559 0.0 0.0
автоматом 0.003559 0.0 0.0
автопроизводителя 0.003559 0.0 0.0
автор 0.003559 0.0 0.0
авторы 0.003559 0.0 0.0
администрацией 0.003559 0.0 0.0
адрес 0.003559 0.0 0.0
америке 0.003559 0.0 0.0
аналитики 0.003559 0.0 0.0
аппараты 0.003559 3.218876 0.011455
апрель 0.003559 3.218876 0.011455
базируется 0.003559 4.60517 0.016389
белка 0.003559 0.0 0.0
биологические 0.003559 0.0 0.0
биологических 0.003559 0.0 0.0
ближнем 0.003559 0.0 0.0
блоги 0.003559 0.0 0.0
будут 0.003559 0.0 0.0
быстро 0.003559 0.0 0.0
весом 0.003559 0.0 0.0
весь 0.003559 3.912023 0.013922
видео 0.003559 0.0 0.0
видеокарты 0.003559 0.0 0.0
внедорожники 0.003559 0.0 0.0
возглавил 0.003559 2.813411 0.010012
возглавили 0.003559 3.218876 0.011455
войти 0.003559 0.0 0.0
востоке 0.003559 0.0 0.0
впервые 0.003559 2.120264 0.007545
вс 0.003559 0.0 0.0
всему 0.003559 0.0 0.0
вся 0.003559 3.912023 0.013922
вт 0.003559 0.0 0.0
втором 0.003559 2.813411 0.010012
входят 0.003559 0.0 0.0
выделите 0.003559 0.0 0.0
высокопроизводительных 0.003559 3.506558 0.012479
выходит 0.003559 0.0 0.0
генпрокуратура 0.003559 3.506558 0.012479
главную 0.003559 0.0 0.0
года 0.003559 0.0 0.0
данные 0.003559 0.0 0.0
данный 0.003559 0.0 0.0
данных 0.003559 0.0 0.0
двигатели 0.003559 0.0 0.0
двигатель 0.003559 0.0 0.0
двух 0.003559 0.0 0.0
дизайн 0.003559 0.0 0.0
директор 0.003559 0.0 0.0
долларов 0.003559 0.0 0.0
дом 0.003559 0.0 0.0
доставили 0.003559 0.0 0.0
достигает 0.003559 0.0 0.0
завершат 0.003559 0.0 0.0
заняли 0.003559 4.60517 0.016389
защиты 0.003559 0.0 0.0
земле 0.003559 0.0 0.0
земли 0.003559 0.0 0.0
зонд 0.003559 0.0 0.0
зонда 0.003559 0.0 0.0
игры 0.003559 0.0 0.0
инновационный 0.003559 0.0 0.0
информации 0.003559 0.0 0.0
использования 0.003559 0.0 0.0
исследований 0.003559 0.0 0.0
источник 0.003559 0.0 0.0
календарь 0.003559 0.0 0.0
камерофон 0.003559 3.506558 0.012479
категории 0.003559 0.0 0.0
кг 0.003559 0.0 0.0
километров 0.003559 0.0 0.0
классическим 0.003559 0.0 0.0
клон 0.003559 0.0 0.0
комментирования 0.003559 0.0 0.0
комфортный 0.003559 0.0 0.0
конференция 0.003559 0.0 0.0
корее 0.003559 0.0 0.0
корпуса 0.003559 0.0 0.0
космос 0.003559 0.0 0.0
космоса 0.003559 0.0 0.0
кроссовера 0.003559 0.0 0.0
кроссоверы 0.003559 0.0 0.0
крутой 0.003559 3.506558 0.012479
кубических 0.003559 0.0 0.0
куки 0.003559 0.0 0.0
лежит 0.003559 3.218876 0.011455
летать 0.003559 0.0 0.0
лету 0.003559 0.0 0.0
линейка 0.003559 3.912023 0.013922
линейки 0.003559 3.912023 0.013922
листа 0.003559 0.0 0.0
мае 0.003559 0.0 0.0
май 0.003559 0.0 0.0
марка 0.003559 0.0 0.0
материалов 0.003559 0.0 0.0
машину 0.003559 0.0 0.0
мая 0.003559 0.0 0.0
межпланетный 0.003559 0.0 0.0
меняет 0.003559 0.0 0.0
места 0.003559 2.813411 0.010012
местах 0.003559 3.506558 0.012479
метрового 0.003559 0.0 0.0
миллионов 0.003559 0.0 0.0
миру 0.003559 0.0 0.0
млн 0.003559 1.108663 0.003945
мобильные 0.003559 0.0 0.0
могут 0.003559 0.0 0.0
модели 0.003559 1.139434 0.004055
момент 0.003559 0.0 0.0
мониторы 0.003559 0.0 0.0
мотобрендов 0.003559 0.0 0.0
мотоциклов 0.003559 0.0 0.0
мощный 0.003559 2.995732 0.010661
мс 0.003559 0.0 0.0
мультимедиа 0.003559 0.0 0.0
нажмите 0.003559 0.0 0.0
назвал 0.003559 0.0 0.0
названием 0.003559 0.0 0.0
нашей 0.003559 0.0 0.0
наши 0.003559 0.0 0.0
нашли 0.003559 0.0 0.0
неделе 0.003559 2.995732 0.010661
новости 0.003559 0.0 0.0
новые 0.003559 0.0 0.0
новый 0.003559 0.0 0.0
носители 0.003559 0.0 0.0
ноутбуки 0.003559 0.0 0.0
нужны 0.003559 0.0 0.0
обзоры 0.003559 0.0 0.0
обработки 0.003559 0.0 0.0
образцы 0.003559 0.0 0.0
объявлена 0.003559 0.0 0.0
одного 0.003559 2.525729 0.008988
одной 0.003559 1.832581 0.006522
одноклассник 0.003559 0.0 0.0
однокристальных 0.003559 4.60517 0.016389
оккупировала 0.003559 4.60517 0.016389
орбите 0.003559 0.0 0.0
ос 0.003559 0.0 0.0
основе 0.003559 2.207275 0.007855
отдадут 0.003559 0.0 0.0
отечественного 0.003559 0.0 0.0
отказа 0.003559 0.0 0.0
отказались 0.003559 0.0 0.0
отключили 0.003559 0.0 0.0
очень 0.003559 0.0 0.0
ошибку 0.003559 0.0 0.0
первые 0.003559 1.560648 0.005554
первых 0.003559 2.995732 0.010661
переднего 0.003559 0.0 0.0
пересаживается 0.003559 3.506558 0.012479
период 0.003559 0.0 0.0
периферия 0.003559 0.0 0.0
персональные 0.003559 0.0 0.0
персональных 0.003559 0.0 0.0
пиар 0.003559 0.0 0.0
пк 0.003559 0.0 0.0
планшеты 0.003559 0.0 0.0
платформа 0.003559 0.0 0.0
платформах 0.003559 4.60517 0.016389
пн 0.003559 0.0 0.0
подвел 0.003559 0.0 0.0
подешевел 0.003559 3.506558 0.012479
поднял 0.003559 0.0 0.0
подробнее 0.003559 0.0 0.0
позиции 0.003559 2.813411 0.010012
поиск 0.003559 0.0 0.0
пока 0.003559 0.0 0.0
полезные 0.003559 0.0 0.0
политика 0.003559 0.0 0.0
политикой 0.003559 0.0 0.0
полноприводными 0.003559 0.0 0.0
пользу 0.003559 1.560648 0.005554
полётов 0.003559 0.0 0.0
попробовать 0.003559 0.0 0.0
популярная 0.003559 0.0 0.0
популярных 0.003559 0.0 0.0
посещать 0.003559 0.0 0.0
построен 0.003559 3.218876 0.011455
правила 0.003559 0.0 0.0
прайс 0.003559 0.0 0.0
представила 0.003559 1.832581 0.006522
представлен 0.003559 0.0 0.0
прибавка 0.003559 0.0 0.0
привода 0.003559 0.0 0.0
принтеры 0.003559 0.0 0.0
причины 0.003559 0.0 0.0
пробизнес 0.003559 0.0 0.0
проведения 0.003559 0.0 0.0
программы 0.003559 0.0 0.0
продавать 0.003559 0.0 0.0
продажи 0.003559 0.0 0.0
продолжая 0.003559 0.0 0.0
проектов 0.003559 0.0 0.0
проекторы 0.003559 0.0 0.0
проекты 0.003559 0.0 0.0
производителя 0.003559 0.0 0.0
пролить 0.003559 0.0 0.0
процессы 0.003559 0.0 0.0
прошлой 0.003559 4.60517 0.016389
пт 0.003559 0.0 0.0
работы 0.003559 0.0 0.0
разных 0.003559 3.912023 0.013922
распределение 0.003559 3.506558 0.012479
реальных 0.003559 0.0 0.0
результаты 0.003559 0.0 0.0
рейтинг 0.003559 2.995732 0.010661
реклама 0.003559 0.0 0.0
решает 0.003559 0.0 0.0
россии 0.003559 0.0 0.0
российской 0.003559 3.506558 0.012479
россияне 0.003559 0.0 0.0
рублей 0.003559 0.0 0.0
рынок 0.003559 0.0 0.0
сайте 0.003559 0.0 0.0
сайты 0.003559 0.0 0.0
самая 0.003559 0.0 0.0
самолётах 0.003559 0.0 0.0
самый 0.003559 2.813411 0.010012
самых 0.003559 0.0 0.0
сантиметров 0.003559 0.0 0.0
сб 0.003559 0.0 0.0
сбора 0.003559 0.0 0.0
сборки 0.003559 2.813411 0.010012
свежий 0.003559 4.60517 0.016389
свет 0.003559 0.0 0.0
своей 0.003559 0.0 0.0
связи 0.003559 0.0 0.0
связь 0.003559 0.0 0.0
сегодня 0.003559 0.0 0.0
серверы 0.003559 0.0 0.0
сервисы 0.003559 0.0 0.0
сертификацию 0.003559 0.0 0.0
сети 0.003559 0.0 0.0
систем 0.003559 0.653926 0.002327
скоро 0.003559 0.0 0.0
сложности 0.003559 0.0 0.0
смартфонов 0.003559 3.218876 0.011455
смартфоны 0.003559 3.912023 0.013922
снова 0.003559 0.0 0.0
советский 0.003559 0.0 0.0
соглашаетесь 0.003559 0.0 0.0
спасти 0.003559 0.0 0.0
ср 0.003559 0.0 0.0
среда 0.003559 0.0 0.0
ссылки 0.003559 0.0 0.0
стал 0.003559 0.0 0.0
стартуют 0.003559 0.0 0.0
статистика 0.003559 0.0 0.0
статьи 0.003559 0.0 0.0
стоимость 0.003559 0.0 0.0
сша 0.003559 0.0 0.0
тайконавты 0.003559 0.0 0.0
тв 0.003559 0.0 0.0
теги 0.003559 0.0 0.0
текст 0.003559 0.0 0.0
технический 0.003559 0.0 0.0
топ 0.003559 0.0 0.0
третьем 0.003559 3.218876 0.011455
тыс 0.003559 0.0 0.0
убрали 0.003559 0.0 0.0
упасть 0.003559 0.0 0.0
устройства 0.003559 0.0 0.0
ученым 0.003559 0.0 0.0
файлы 0.003559 0.0 0.0
флагман 0.003559 0.0 0.0
флагманов 0.003559 3.912023 0.013922
флагманского 0.003559 0.0 0.0
формально 0.003559 3.912023 0.013922
фото 0.003559 0.0 0.0
фундаментальные 0.003559 0.0 0.0
хитом 0.003559 0.0 0.0
цены 0.003559 0.0 0.0
части 0.003559 0.0 0.0
человека 0.003559 0.0 0.0
чт 0.003559 0.0 0.0
экспорт 0.003559 0.0 0.0
эмбрионы 0.003559 0.0 0.0
южной 0.003559 0.0 0.0
