авиа 0.002865 0.0 0.0
авиаиндустрия 0.002865 4.60517 0.013195
авиакомпания 0.002865 3.912023 0.011209
авиалайнера 0.002865 0.0 0.0
авиации 0.002865 3.506558 0.010047
австралии 0.002865 0.0 0.0
автоваз 0.002865 0.0 0.0
автоматом 0.002865 0.0 0.0
автопроизводителя 0.002865 0.0 0.0
автор 0.002865 0.0 0.0
авторы 0.002865 0.0 0.0
администрацией 0.002865 0.0 0.0
администрации 0.002865 3.912023 0.011209
адрес 0.002865 0.0 0.0
американские 0.002865 2.813411 0.008061
американский 0.002865 2.813411 0.008061
американских 0.002865 2.995732 0.008584
америке 0.002865 0.0 0.0
аналитики 0.002865 0.0 0.0
безопасности 0.002865 1.966113 0.005634
белка 0.002865 0.0 0.0
бенефициаром 0.002865 4.60517 0.013195
бизнес 0.002865 0.0 0.0
биологические 0.002865 0.0 0.0
биологических 0.002865 0.0 0.0
ближнем 0.002865 0.0 0.0
блоги 0.002865 0.0 0.0
будут 0.002865 0.0 0.0
быстро 0.002865 0.0 0.0
бьют 0.002865 2.302585 0.006598
бюджетный 0.002865 3.506558 0.010047
вернуться 0.002865 4.60517 0.013195
весом 0.002865 0.0 0.0
видео 0.002865 0.0 0.0
видеокарты 0.002865 0.0 0.0
внедорожники 0.002865 0.0 0.0
войти 0.002865 0.0 0.0
волгу 0.002865 3.506558 0.010047
востоке 0.002865 0.0 0.0
вс 0.002865 0.0 0.0
всему 0.002865 0.0 0.0
вт 0.002865 0.0 0.0
входят 0.002865 0.0 0.0
выгодных 0.002865 3.912023 0.011209
выделите 0.002865 0.0 0.0
выходит 0.002865 0.0 0.0
газ 0.002865 2.995732 0.008584
гендиректор 0.002865 3.912023 0.011209
глава 0.002865 2.813411 0.008061
главную 0.002865 0.0 0.0
главным 0.002865 4.60517 0.013195
говорил 0.002865 3.506558 0.010047
года 0.002865 0.0 0.0
готов 0.002865 1.237874 0.003547
данные 0.002865 0.0 0.0
данный 0.002865 0.0 0.0
данных 0.002865 0.0 0.0
двигатели 0.002865 0.0 0.0
двигатель 0.002865 0.0 0.0
двух 0.002865 0.0 0.0
десятилетия 0.002865 2.65926 0.00762
дешевле 0.002865 2.525729 0.007237
дизайн 0.002865 0.0 0.0
директор 0.002865 0.0 0.0
долларов 0.002865 0.0 0.0
дом 0.002865 0.0 0.0
доставили 0.002865 0.0 0.0
достигает 0.002865 0.0 0.0
европы 0.002865 3.506558 0.010047
ес 0.002865 0.0 0.0
ещё 0.002865 1.89712 0.005436
ждёт 0.002865 4.60517 0.013195
завершат 0.002865 0.0 0.0
заказ 0.002865 2.525729 0.007237
заказы 0.002865 3.218876 0.009223
заключил 0.002865 4.60517 0.013195
закупать 0.002865 4.60517 0.013195
защиты 0.002865 0.0 0.0
заявил 0.002865 2.207275 0.006325
земле 0.002865 0.0 0.0
земли 0.002865 0.0 0.0
значительно 0.002865 3.218876 0.009223
зонд 0.002865 0.0 0.0
зонда 0.002865 0.0 0.0
игры 0.002865 0.0 0.0
импорт 0.002865 2.995732 0.008584
инновационный 0.002865 0.0 0.0
информации 0.002865 0.0 0.0
использования 0.002865 0.0 0.0
исследований 0.002865 0.0 0.0
источник 0.002865 0.0 0.0
ищет 0.002865 3.912023 0.011209
календарь 0.002865 0.0 0.0
категории 0.002865 0.0 0.0
кг 0.002865 0.0 0.0
километров 0.002865 0.0 0.0
китае 0.002865 2.302585 0.006598
китай 0.002865 1.171183 0.003356
китайские 0.002865 2.525729 0.007237
китайских 0.002865 2.995732 0.008584
китайской 0.002865 3.506558 0.010047
классическим 0.002865 0.0 0.0
клон 0.002865 0.0 0.0
ключевой 0.002865 2.813411 0.008061
комментирования 0.002865 0.0 0.0
комфортный 0.002865 0.0 0.0
конгрессмену 0.002865 4.60517 0.013195
конкурентоспособные 0.002865 4.60517 0.013195
конференция 0.002865 0.0 0.0
корее 0.002865 0.0 0.0
корпуса 0.002865 0.0 0.0
космос 0.002865 0.0 0.0
космоса 0.002865 0.0 0.0
который 0.002865 1.386294 0.003972
кришнамурти 0.002865 4.60517 0.013195
кроссовера 0.002865 0.0 0.0
кроссоверы 0.002865 0.0 0.0
крупнейший 0.002865 3.912023 0.011209
кубических 0.002865 0.0 0.0
куки 0.002865 0.0 0.0
лайнеры 0.002865 4.60517 0.013195
летать 0.002865 0.0 0.0
лету 0.002865 0.0 0.0
лири 0.002865 4.60517 0.013195
листа 0.002865 0.0 0.0
лоукостер 0.002865 4.60517 0.013195
мае 0.002865 0.0 0.0
май 0.002865 0.0 0.0
майкл 0.002865 4.60517 0.013195
марка 0.002865 0.0 0.0
материалов 0.002865 0.0 0.0
машину 0.002865 0.0 0.0
машины 0.002865 1.771957 0.005077
мая 0.002865 0.0 0.0
межпланетный 0.002865 0.0 0.0
меняет 0.002865 0.0 0.0
метрового 0.002865 0.0 0.0
миллионов 0.002865 0.0 0.0
миру 0.002865 0.0 0.0
млн 0.002865 1.108663 0.003177
млрд 0.002865 2.302585 0.006598
мобильные 0.002865 0.0 0.0
могут 0.002865 0.0 0.0
модели 0.002865 1.139434 0.003265
момент 0.002865 0.0 0.0
мониторы 0.002865 0.0 0.0
мотобрендов 0.002865 0.0 0.0
мотоциклов 0.002865 0.0 0.0
мс 0.002865 0.0 0.0
мультимедиа 0.002865 0.0 0.0
нажмите 0.002865 0.0 0.0
назвал 0.002865 0.0 0.0
названием 0.002865 0.0 0.0
наличия 0.002865 3.506558 0.010047
написал 0.002865 4.60517 0.013195
нарушающие 0.002865 4.60517 0.013195
нашей 0.002865 0.0 0.0
наши 0.002865 0.0 0.0
нашли 0.002865 0.0 0.0
низкие 0.002865 4.60517 0.013195
новой 0.002865 2.207275 0.006325
новости 0.002865 0.0 0.0
новые 0.002865 0.0 0.0
новый 0.002865 0.0 0.0
носители 0.002865 0.0 0.0
ноутбуки 0.002865 0.0 0.0
нужно 0.002865 2.65926 0.00762
нужны 0.002865 0.0 0.0
обеспечить 0.002865 3.218876 0.009223
обзоры 0.002865 0.0 0.0
обойти 0.002865 3.912023 0.011209
обработки 0.002865 0.0 0.0
образом 0.002865 3.506558 0.010047
образцы 0.002865 0.0 0.0
обсуждению 0.002865 4.60517 0.013195
объявлена 0.002865 0.0 0.0
одноклассник 0.002865 0.0 0.0
орбите 0.002865 0.0 0.0
ос 0.002865 0.0 0.0
ослабить 0.002865 4.60517 0.013195
ответил 0.002865 4.60517 0.013195
отдадут 0.002865 0.0 0.0
отечественного 0.002865 0.0 0.0
отказа 0.002865 0.0 0.0
отказались 0.002865 0.0 0.0
отказаться 0.002865 3.218876 0.009223
отключили 0.002865 0.0 0.0
отменить 0.002865 4.60517 0.013195
очень 0.002865 0.0 0.0
ошибку 0.002865 0.0 0.0
переговоров 0.002865 4.60517 0.013195
переднего 0.002865 0.0 0.0
перенаправляет 0.002865 4.60517 0.013195
пересмотрим 0.002865 4.60517 0.013195
период 0.002865 0.0 0.0
периферия 0.002865 0.0 0.0
персональные 0.002865 0.0 0.0
персональных 0.002865 0.0 0.0
пиар 0.002865 0.0 0.0
письме 0.002865 3.912023 0.011209
пк 0.002865 0.0 0.0
планшеты 0.002865 0.0 0.0
платформа 0.002865 0.0 0.0
пн 0.002865 0.0 0.0
повлияют 0.002865 4.60517 0.013195
повысят 0.002865 4.60517 0.013195
повышением 0.002865 3.912023 0.011209
подвел 0.002865 0.0 0.0
поднял 0.002865 0.0 0.0
подорожал 0.002865 3.218876 0.009223
подробнее 0.002865 0.0 0.0
подчеркнул 0.002865 2.040221 0.005846
поиск 0.002865 0.0 0.0
пока 0.002865 0.0 0.0
полезные 0.002865 0.0 0.0
политика 0.002865 0.0 0.0
политики 0.002865 4.60517 0.013195
политикой 0.002865 0.0 0.0
полноприводными 0.002865 0.0 0.0
пользу 0.002865 1.560648 0.004472
полётов 0.002865 0.0 0.0
попробовать 0.002865 0.0 0.0
популярная 0.002865 0.0 0.0
популярных 0.002865 0.0 0.0
порядок 0.002865 4.60517 0.013195
посещать 0.002865 0.0 0.0
поставки 0.002865 2.525729 0.007237
поставляли 0.002865 3.506558 0.010047
потенциальная 0.002865 4.60517 0.013195
пошлин 0.002865 4.60517 0.013195
пошлины 0.002865 4.60517 0.013195
правила 0.002865 0.0 0.0
правительству 0.002865 4.60517 0.013195
прайс 0.002865 0.0 0.0
предостережение 0.002865 4.60517 0.013195
представлен 0.002865 0.0 0.0
президента 0.002865 3.218876 0.009223
прибавка 0.002865 0.0 0.0
привода 0.002865 0.0 0.0
призвал 0.002865 3.506558 0.010047
принтеры 0.002865 0.0 0.0
причины 0.002865 0.0 0.0
пробизнес 0.002865 0.0 0.0
проведения 0.002865 0.0 0.0
программы 0.002865 0.0 0.0
продавать 0.002865 0.0 0.0
продажи 0.002865 0.0 0.0
продают 0.002865 2.813411 0.008061
продолжая 0.002865 0.0 0.0
проектов 0.002865 0.0 0.0
проекторы 0.002865 0.0 0.0
проекты 0.002865 0.0 0.0
пролить 0.002865 0.0 0.0
процессы 0.002865 0.0 0.0
пт 0.002865 0.0 0.0
работы 0.002865 0.0 0.0
радже 0.002865 4.60517 0.013195
ранее 0.002865 1.771957 0.005077
раскритиковал 0.002865 4.60517 0.013195
рассмотрит 0.002865 4.60517 0.013195
реакция 0.002865 3.912023 0.011209
реальных 0.002865 0.0 0.0
результаты 0.002865 0.0 0.0
реклама 0.002865 0.0 0.0
решает 0.002865 0.0 0.0
россии 0.002865 0.0 0.0
россияне 0.002865 0.0 0.0
рублей 0.002865 0.0 0.0
рынок 0.002865 0.0 0.0
сайте 0.002865 0.0 0.0
сайты 0.002865 0.0 0.0
самая 0.002865 0.0 0.0
самолётах 0.002865 0.0 0.0
самолётов 0.002865 3.506558 0.010047
самолёты 0.002865 4.60517 0.013195
самых 0.002865 0.0 0.0
сантиметров 0.002865 0.0 0.0
сб 0.002865 0.0 0.0
сбора 0.002865 0.0 0.0
свет 0.002865 0.0 0.0
своей 0.002865 0.0 0.0
связи 0.002865 0.0 0.0
связь 0.002865 0.0 0.0
сегодня 0.002865 0.0 0.0
седан 0.002865 2.65926 0.00762
серверы 0.002865 0.0 0.0
сервисы 0.002865 0.0 0.0
сертификацию 0.002865 0.0 0.0
серьёзно 0.002865 4.60517 0.013195
сети 0.002865 0.0 0.0
скоро 0.002865 0.0 0.0
следующего 0.002865 3.506558 0.010047
сложности 0.002865 0.0 0.0
случится 0.002865 4.60517 0.013195
снова 0.002865 0.0 0.0
советский 0.002865 0.0 0.0
соглашаетесь 0.002865 0.0 0.0
соображений 0.002865 4.60517 0.013195
спасти 0.002865 0.0 0.0
способы 0.002865 4.60517 0.013195
спрос 0.002865 2.525729 0.007237
ср 0.002865 0.0 0.0
среда 0.002865 0.0 0.0
ссылки 0.002865 0.0 0.0
стал 0.002865 0.0 0.0
станет 0.002865 1.714798 0.004913
стартуют 0.002865 0.0 0.0
статистика 0.002865 0.0 0.0
статьи 0.002865 0.0 0.0
стоимость 0.002865 0.0 0.0
стоимостью 0.002865 3.506558 0.010047
ступенчатым 0.002865 2.995732 0.008584
сша 0.002865 0.0 0.0
тайконавты 0.002865 0.0 0.0
такие 0.002865 1.714798 0.004913
таким 0.002865 2.407946 0.0069
тарифной 0.002865 4.60517 0.013195
тарифы 0.002865 3.506558 0.010047
тв 0.002865 0.0 0.0
теги 0.002865 0.0 0.0
текст 0.002865 0.0 0.0
технический 0.002865 0.0 0.0
течение 0.002865 2.813411 0.008061
токио 0.002865 3.912023 0.011209
топ 0.002865 0.0 0.0
трампа 0.002865 2.995732 0.008584
тыс 0.002865 0.0 0.0
убрали 0.002865 0.0 0.0
уникальную 0.002865 3.218876 0.009223
упасть 0.002865 0.0 0.0
условиях 0.002865 1.771957 0.005077
устоявшийся 0.002865 4.60517 0.013195
устройства 0.002865 0.0 0.0
ученым 0.002865 0.0 0.0
файлы 0.002865 0.0 0.0
флагманского 0.002865 0.0 0.0
фото 0.002865 0.0 0.0
фундаментальные 0.002865 0.0 0.0
хитом 0.002865 0.0 0.0
цену 0.002865 3.506558 0.010047
цены 0.002865 0.0 0.0
части 0.002865 0.0 0.0
человека 0.002865 0.0 0.0
чт 0.002865 0.0 0.0
эксплуатирует 0.002865 4.60517 0.013195
экспорт 0.002865 0.0 0.0
элемент 0.002865 2.813411 0.008061
эмбрионы 0.002865 0.0 0.0
южной 0.002865 0.0 0.0
