абу 0.002545 4.60517 0.011718
авиалайнера 0.002545 0.0 0.0
австралии 0.002545 0.0 0.0
автоваз 0.002545 0.0 0.0
автоматом 0.002545 0.0 0.0
автопроизводителя 0.002545 0.0 0.0
автор 0.002545 0.0 0.0
авторы 0.002545 0.0 0.0
администрацией 0.002545 0.0 0.0
адрес 0.002545 0.0 0.0
амбициозен 0.002545 4.60517 0.011718
америке 0.002545 0.0 0.0
аналитики 0.002545 0.0 0.0
анонсировала 0.002545 2.813411 0.007159
аппарат 0.002545 1.660731 0.004226
аппарата 0.002545 2.813411 0.007159
аппараты 0.002545 3.218876 0.008191
атмосферу 0.002545 3.506558 0.008923
белка 0.002545 0.0 0.0
биологические 0.002545 0.0 0.0
биологических 0.002545 0.0 0.0
ближнем 0.002545 0.0 0.0
блоги 0.002545 0.0 0.0
будут 0.002545 0.0 0.0
будущего 0.002545 2.525729 0.006427
быстро 0.002545 0.0 0.0
весом 0.002545 0.0 0.0
взлёте 0.002545 4.60517 0.011718
видео 0.002545 0.0 0.0
видеокарты 0.002545 0.0 0.0
внедорожники 0.002545 0.0 0.0
возвращаемого 0.002545 4.60517 0.011718
возвращать 0.002545 4.60517 0.011718
возникла 0.002545 4.60517 0.011718
войти 0.002545 0.0 0.0
воспроизвести 0.002545 4.60517 0.011718
восстановлением 0.002545 4.60517 0.011718
востоке 0.002545 0.0 0.0
вс 0.002545 0.0 0.0
всему 0.002545 0.0 0.0
встроенная 0.002545 3.912023 0.009954
вт 0.002545 0.0 0.0
второй 0.002545 3.218876 0.008191
входе 0.002545 3.912023 0.009954
входят 0.002545 0.0 0.0
выделите 0.002545 0.0 0.0
выполнять 0.002545 3.912023 0.009954
высотой 0.002545 3.218876 0.008191
выходит 0.002545 0.0 0.0
гиперзвука 0.002545 4.60517 0.011718
гиперзвуковом 0.002545 4.60517 0.011718
гиперзвуковые 0.002545 2.995732 0.007623
гиперзвуковых 0.002545 2.995732 0.007623
главную 0.002545 0.0 0.0
год 0.002545 0.0 0.0
года 0.002545 0.0 0.0
государственных 0.002545 4.60517 0.011718
готовит 0.002545 2.65926 0.006767
график 0.002545 2.813411 0.007159
грузов 0.002545 3.218876 0.008191
грузы 0.002545 4.60517 0.011718
даби 0.002545 4.60517 0.011718
данные 0.002545 0.0 0.0
данный 0.002545 0.0 0.0
данных 0.002545 0.0 0.0
двигатели 0.002545 0.0 0.0
двигатель 0.002545 0.0 0.0
двигательная 0.002545 4.60517 0.011718
двух 0.002545 0.0 0.0
дизайн 0.002545 0.0 0.0
директор 0.002545 0.0 0.0
долларов 0.002545 0.0 0.0
дом 0.002545 0.0 0.0
доставили 0.002545 0.0 0.0
доставки 0.002545 3.506558 0.008923
достигает 0.002545 0.0 0.0
её 0.002545 1.203973 0.003064
завершат 0.002545 0.0 0.0
задач 0.002545 1.609438 0.004095
задачи 0.002545 2.407946 0.006127
заказчиков 0.002545 4.60517 0.011718
запланирован 0.002545 1.966113 0.005003
запросы 0.002545 3.506558 0.008923
запускать 0.002545 3.506558 0.008923
защиты 0.002545 0.0 0.0
земле 0.002545 0.0 0.0
земли 0.002545 0.0 0.0
зонд 0.002545 0.0 0.0
зонда 0.002545 0.0 0.0
игры 0.002545 0.0 0.0
идея 0.002545 4.60517 0.011718
иллюстрация 0.002545 2.120264 0.005395
инновационный 0.002545 0.0 0.0
инструмент 0.002545 1.89712 0.004827
интеграцию 0.002545 2.813411 0.007159
интеллектом 0.002545 2.995732 0.007623
информации 0.002545 0.0 0.0
искусственным 0.002545 2.995732 0.007623
использованием 0.002545 2.813411 0.007159
использования 0.002545 0.0 0.0
использовать 0.002545 2.525729 0.006427
испытали 0.002545 4.60517 0.011718
испытаний 0.002545 2.65926 0.006767
исследований 0.002545 0.0 0.0
источник 0.002545 0.0 0.0
календарь 0.002545 0.0 0.0
категории 0.002545 0.0 0.0
кг 0.002545 0.0 0.0
километров 0.002545 0.0 0.0
классическим 0.002545 0.0 0.0
клон 0.002545 0.0 0.0
ключевым 0.002545 2.525729 0.006427
команда 0.002545 2.120264 0.005395
комментирования 0.002545 0.0 0.0
коммерческие 0.002545 2.995732 0.007623
коммерческий 0.002545 3.506558 0.008923
коммерческих 0.002545 2.995732 0.007623
компании 0.002545 1.347074 0.003428
компания 0.002545 0.820981 0.002089
комфортный 0.002545 0.0 0.0
конференция 0.002545 0.0 0.0
корее 0.002545 0.0 0.0
корпуса 0.002545 0.0 0.0
космические 0.002545 2.207275 0.005616
космического 0.002545 2.302585 0.005859
космоплана 0.002545 4.60517 0.011718
космопланом 0.002545 4.60517 0.011718
космос 0.002545 0.0 0.0
космоса 0.002545 0.0 0.0
который 0.002545 1.386294 0.003527
крайне 0.002545 3.218876 0.008191
критично 0.002545 3.506558 0.008923
кроссовера 0.002545 0.0 0.0
кроссоверы 0.002545 0.0 0.0
крупного 0.002545 3.912023 0.009954
кубических 0.002545 0.0 0.0
куки 0.002545 0.0 0.0
лаборатория 0.002545 3.912023 0.009954
лабораторных 0.002545 4.60517 0.011718
летать 0.002545 0.0 0.0
лету 0.002545 0.0 0.0
ливингстон 0.002545 4.60517 0.011718
листа 0.002545 0.0 0.0
мае 0.002545 0.0 0.0
май 0.002545 0.0 0.0
малых 0.002545 3.218876 0.008191
марка 0.002545 0.0 0.0
материалов 0.002545 0.0 0.0
машину 0.002545 0.0 0.0
мая 0.002545 0.0 0.0
межпланетный 0.002545 0.0 0.0
менее 0.002545 2.207275 0.005616
меняет 0.002545 0.0 0.0
метров 0.002545 0.0 0.0
метрового 0.002545 0.0 0.0
миллионов 0.002545 0.0 0.0
миру 0.002545 0.0 0.0
миссии 0.002545 1.514128 0.003853
миссий 0.002545 2.407946 0.006127
млрд 0.002545 2.302585 0.005859
многоразового 0.002545 4.60517 0.011718
многоразовые 0.002545 4.60517 0.011718
многоразовый 0.002545 3.506558 0.008923
мобильные 0.002545 0.0 0.0
могут 0.002545 0.0 0.0
момент 0.002545 0.0 0.0
мониторы 0.002545 0.0 0.0
мотобрендов 0.002545 0.0 0.0
мотоциклов 0.002545 0.0 0.0
мощность 0.002545 1.560648 0.003971
мс 0.002545 0.0 0.0
мультимедиа 0.002545 0.0 0.0
нагрузки 0.002545 2.65926 0.006767
нажмите 0.002545 0.0 0.0
назвал 0.002545 0.0 0.0
названием 0.002545 0.0 0.0
нам 0.002545 1.139434 0.002899
нашей 0.002545 0.0 0.0
наши 0.002545 0.0 0.0
нашли 0.002545 0.0 0.0
новости 0.002545 0.0 0.0
новые 0.002545 0.0 0.0
новый 0.002545 0.0 0.0
носители 0.002545 0.0 0.0
носителях 0.002545 4.60517 0.011718
ноутбуки 0.002545 0.0 0.0
нужны 0.002545 0.0 0.0
обзоры 0.002545 0.0 0.0
области 0.002545 2.120264 0.005395
обновления 0.002545 2.525729 0.006427
обработки 0.002545 0.0 0.0
образцы 0.002545 0.0 0.0
объявила 0.002545 2.995732 0.007623
объявлена 0.002545 0.0 0.0
одновременно 0.002545 3.506558 0.008923
одноклассник 0.002545 0.0 0.0
опыт 0.002545 2.207275 0.005616
орбитальных 0.002545 3.506558 0.008923
орбите 0.002545 0.0 0.0
ос 0.002545 0.0 0.0
осенью 0.002545 3.506558 0.008923
отдадут 0.002545 0.0 0.0
отечественного 0.002545 0.0 0.0
отказа 0.002545 0.0 0.0
отказались 0.002545 0.0 0.0
отключили 0.002545 0.0 0.0
отметил 0.002545 1.469676 0.00374
отметку 0.002545 3.506558 0.008923
отработать 0.002545 4.60517 0.011718
очень 0.002545 0.0 0.0
ошибку 0.002545 0.0 0.0
параллельно 0.002545 1.89712 0.004827
первые 0.002545 1.560648 0.003971
первый 0.002545 2.65926 0.006767
переднего 0.002545 0.0 0.0
период 0.002545 0.0 0.0
периферия 0.002545 0.0 0.0
персональные 0.002545 0.0 0.0
персональных 0.002545 0.0 0.0
пиар 0.002545 0.0 0.0
пк 0.002545 0.0 0.0
планируют 0.002545 2.813411 0.007159
планшеты 0.002545 0.0 0.0
платформа 0.002545 0.0 0.0
пн 0.002545 0.0 0.0
поведение 0.002545 3.218876 0.008191
повторным 0.002545 3.912023 0.009954
подвел 0.002545 0.0 0.0
поднял 0.002545 0.0 0.0
подобных 0.002545 3.218876 0.008191
подробнее 0.002545 0.0 0.0
подтвердили 0.002545 3.912023 0.009954
позволит 0.002545 2.65926 0.006767
позволяет 0.002545 1.832581 0.004663
поиск 0.002545 0.0 0.0
пока 0.002545 0.0 0.0
полезные 0.002545 0.0 0.0
политика 0.002545 0.0 0.0
политикой 0.002545 0.0 0.0
полной 0.002545 2.65926 0.006767
полноприводными 0.002545 0.0 0.0
полученный 0.002545 4.60517 0.011718
получила 0.002545 2.407946 0.006127
пользователей 0.002545 2.65926 0.006767
полёт 0.002545 0.0 0.0
полёта 0.002545 3.218876 0.008191
полётов 0.002545 0.0 0.0
полёты 0.002545 2.525729 0.006427
помогут 0.002545 2.813411 0.007159
попробовать 0.002545 0.0 0.0
популярная 0.002545 0.0 0.0
популярных 0.002545 0.0 0.0
посадке 0.002545 4.60517 0.011718
посещать 0.002545 0.0 0.0
последующим 0.002545 4.60517 0.011718
потребовались 0.002545 4.60517 0.011718
пояснил 0.002545 2.040221 0.005191
правила 0.002545 0.0 0.0
прайс 0.002545 0.0 0.0
превратили 0.002545 4.60517 0.011718
предварительные 0.002545 3.912023 0.009954
представлен 0.002545 0.0 0.0
преодолел 0.002545 3.218876 0.008191
прибавка 0.002545 0.0 0.0
привода 0.002545 0.0 0.0
признал 0.002545 2.995732 0.007623
прикладные 0.002545 4.60517 0.011718
принтеры 0.002545 0.0 0.0
причины 0.002545 0.0 0.0
пробизнес 0.002545 0.0 0.0
проведения 0.002545 0.0 0.0
проверки 0.002545 3.506558 0.008923
проверяя 0.002545 4.60517 0.011718
проводить 0.002545 3.506558 0.008923
программы 0.002545 0.0 0.0
продавать 0.002545 0.0 0.0
продажи 0.002545 0.0 0.0
продолжает 0.002545 2.407946 0.006127
продолжая 0.002545 0.0 0.0
проекта 0.002545 2.407946 0.006127
проектов 0.002545 0.0 0.0
проекторы 0.002545 0.0 0.0
проекты 0.002545 0.0 0.0
пролить 0.002545 0.0 0.0
прототип 0.002545 2.65926 0.006767
процессы 0.002545 0.0 0.0
пт 0.002545 0.0 0.0
работу 0.002545 2.525729 0.006427
работы 0.002545 0.0 0.0
разрабатываемой 0.002545 4.60517 0.011718
разработке 0.002545 2.65926 0.006767
разработчиков 0.002545 2.813411 0.007159
ракетах 0.002545 3.912023 0.009954
реального 0.002545 4.60517 0.011718
реальных 0.002545 0.0 0.0
режиме 0.002545 2.995732 0.007623
результаты 0.002545 0.0 0.0
реклама 0.002545 0.0 0.0
решает 0.002545 0.0 0.0
россии 0.002545 0.0 0.0
россияне 0.002545 0.0 0.0
рублей 0.002545 0.0 0.0
рынок 0.002545 0.0 0.0
сайте 0.002545 0.0 0.0
сайты 0.002545 0.0 0.0
самая 0.002545 0.0 0.0
самолётах 0.002545 0.0 0.0
самых 0.002545 0.0 0.0
сантиметров 0.002545 0.0 0.0
сб 0.002545 0.0 0.0
сбора 0.002545 0.0 0.0
свет 0.002545 0.0 0.0
своей 0.002545 0.0 0.0
связи 0.002545 0.0 0.0
связь 0.002545 0.0 0.0
сегодня 0.002545 0.0 0.0
серверы 0.002545 0.0 0.0
сервисы 0.002545 0.0 0.0
сертификацию 0.002545 0.0 0.0
сети 0.002545 0.0 0.0
систем 0.002545 0.653926 0.001664
системы 0.002545 1.469676 0.00374
скоро 0.002545 0.0 0.0
словам 0.002545 2.302585 0.005859
сложности 0.002545 0.0 0.0
снизить 0.002545 3.218876 0.008191
снова 0.002545 0.0 0.0
собрать 0.002545 4.60517 0.011718
советский 0.002545 0.0 0.0
соглашаетесь 0.002545 0.0 0.0
создания 0.002545 2.120264 0.005395
созданный 0.002545 3.218876 0.008191
сообщества 0.002545 3.912023 0.009954
спасти 0.002545 0.0 0.0
способен 0.002545 2.525729 0.006427
способна 0.002545 3.912023 0.009954
ср 0.002545 0.0 0.0
среда 0.002545 0.0 0.0
средних 0.002545 3.912023 0.009954
ссылки 0.002545 0.0 0.0
стал 0.002545 0.0 0.0
станет 0.002545 1.714798 0.004363
стартуют 0.002545 0.0 0.0
статистика 0.002545 0.0 0.0
статьи 0.002545 0.0 0.0
стоимость 0.002545 0.0 0.0
сторонних 0.002545 4.60517 0.011718
структур 0.002545 1.660731 0.004226
суборбитальной 0.002545 4.60517 0.011718
сша 0.002545 0.0 0.0
тайконавты 0.002545 0.0 0.0
тв 0.002545 0.0 0.0
теги 0.002545 0.0 0.0
текст 0.002545 0.0 0.0
теплозащитной 0.002545 4.60517 0.011718
теплозащиты 0.002545 3.912023 0.009954
тестирования 0.002545 3.506558 0.008923
тестировать 0.002545 3.506558 0.008923
тесты 0.002545 2.995732 0.007623
технический 0.002545 0.0 0.0
технологии 0.002545 1.514128 0.003853
технологий 0.002545 1.771957 0.004509
топ 0.002545 0.0 0.0
траектории 0.002545 3.506558 0.008923
тыс 0.002545 0.0 0.0
убрали 0.002545 0.0 0.0
упасть 0.002545 0.0 0.0
урезали 0.002545 3.506558 0.008923
усиливает 0.002545 2.65926 0.006767
условия 0.002545 1.560648 0.003971
успешно 0.002545 2.407946 0.006127
установка 0.002545 3.218876 0.008191
устройства 0.002545 0.0 0.0
устройство 0.002545 2.65926 0.006767
ученым 0.002545 0.0 0.0
учитывая 0.002545 3.218876 0.008191
файлы 0.002545 0.0 0.0
флагманского 0.002545 0.0 0.0
фото 0.002545 0.0 0.0
фундаментальные 0.002545 0.0 0.0
хитом 0.002545 0.0 0.0
холдер 0.002545 4.60517 0.011718
центре 0.002545 2.995732 0.007623
цены 0.002545 0.0 0.0
части 0.002545 0.0 0.0
человека 0.002545 0.0 0.0
чт 0.002545 0.0 0.0
эксперименты 0.002545 3.912023 0.009954
экспорт 0.002545 0.0 0.0
элементом 0.002545 4.60517 0.011718
эмбрионы 0.002545 0.0 0.0
эффективность 0.002545 2.120264 0.005395
южной 0.002545 0.0 0.0
