авиалайнера 0.002268 0.0 0.0
австралии 0.002268 0.0 0.0
автоваз 0.002268 0.0 0.0
автоматом 0.002268 0.0 0.0
автопроизводителя 0.002268 0.0 0.0
автор 0.002268 0.0 0.0
авторы 0.002268 0.0 0.0
администрацией 0.002268 0.0 0.0
адрес 0.002268 0.0 0.0
активность 0.002268 3.506558 0.007951
америке 0.002268 0.0 0.0
анализировали 0.002268 3.912023 0.008871
аналитики 0.002268 0.0 0.0
аномальными 0.002268 4.60517 0.010443
арпа 0.002268 4.60517 0.010443
арпом 0.002268 4.60517 0.010443
асимметрии 0.002268 4.60517 0.010443
асимметричной 0.002268 3.506558 0.007951
астрономия 0.002268 3.506558 0.007951
астрономов 0.002268 4.60517 0.010443
астрономы 0.002268 3.506558 0.007951
атлас 0.002268 4.60517 0.010443
барри 0.002268 4.60517 0.010443
белка 0.002268 0.0 0.0
биологические 0.002268 0.0 0.0
биологических 0.002268 0.0 0.0
ближнем 0.002268 0.0 0.0
блоги 0.002268 0.0 0.0
богатую 0.002268 3.506558 0.007951
будут 0.002268 0.0 0.0
будущих 0.002268 2.65926 0.00603
быстро 0.002268 0.0 0.0
весом 0.002268 0.0 0.0
ветвь 0.002268 4.60517 0.010443
взаимодействий 0.002268 3.506558 0.007951
взаимодействия 0.002268 3.912023 0.008871
взрывов 0.002268 4.60517 0.010443
видео 0.002268 0.0 0.0
видеокарты 0.002268 0.0 0.0
включает 0.002268 2.525729 0.005727
влияния 0.002268 3.218876 0.007299
внедорожники 0.002268 0.0 0.0
внимание 0.002268 2.65926 0.00603
возможности 0.002268 2.65926 0.00603
возможность 0.002268 1.966113 0.004458
возникают 0.002268 4.60517 0.010443
возникшие 0.002268 4.60517 0.010443
войти 0.002268 0.0 0.0
волн 0.002268 2.995732 0.006793
волнах 0.002268 4.60517 0.010443
волокнами 0.002268 4.60517 0.010443
волос 0.002268 3.218876 0.007299
востоке 0.002268 0.0 0.0
вошла 0.002268 4.60517 0.010443
впервые 0.002268 2.120264 0.004808
время 0.002268 1.427116 0.003236
вс 0.002268 0.0 0.0
всему 0.002268 0.0 0.0
вспышек 0.002268 4.60517 0.010443
вспышками 0.002268 4.60517 0.010443
вт 0.002268 0.0 0.0
входят 0.002268 0.0 0.0
выделите 0.002268 0.0 0.0
выходит 0.002268 0.0 0.0
газовые 0.002268 4.60517 0.010443
газовыми 0.002268 4.60517 0.010443
галактик 0.002268 2.813411 0.00638
галактика 0.002268 4.60517 0.010443
галактиками 0.002268 4.60517 0.010443
галактики 0.002268 3.912023 0.008871
галактику 0.002268 3.506558 0.007951
главную 0.002268 0.0 0.0
год 0.002268 0.0 0.0
года 0.002268 0.0 0.0
году 0.002268 1.272966 0.002887
гравитационного 0.002268 4.60517 0.010443
гравитационные 0.002268 3.506558 0.007951
дал 0.002268 1.237874 0.002807
данные 0.002268 0.0 0.0
данный 0.002268 0.0 0.0
данных 0.002268 0.0 0.0
две 0.002268 0.0 0.0
двигатели 0.002268 0.0 0.0
двигатель 0.002268 0.0 0.0
двух 0.002268 0.0 0.0
делает 0.002268 2.302585 0.005221
демонстрирует 0.002268 2.995732 0.006793
десятилетия 0.002268 2.65926 0.00603
детальное 0.002268 4.60517 0.010443
деформацией 0.002268 4.60517 0.010443
деформации 0.002268 4.60517 0.010443
джеймс 0.002268 3.912023 0.008871
дизайн 0.002268 0.0 0.0
динамики 0.002268 4.60517 0.010443
директор 0.002268 0.0 0.0
дневное 0.002268 3.506558 0.007951
долларов 0.002268 0.0 0.0
дом 0.002268 0.0 0.0
доставили 0.002268 0.0 0.0
достигает 0.002268 0.0 0.0
другие 0.002268 2.040221 0.004626
дырами 0.002268 4.60517 0.010443
естественным 0.002268 3.506558 0.007951
её 0.002268 1.203973 0.00273
жирафа 0.002268 4.60517 0.010443
завершат 0.002268 0.0 0.0
заданиями 0.002268 4.60517 0.010443
задействуя 0.002268 4.60517 0.010443
задокументировать 0.002268 4.60517 0.010443
запечатлел 0.002268 3.506558 0.007951
заполнить 0.002268 4.60517 0.010443
запуска 0.002268 1.771957 0.004018
зарегистрировали 0.002268 4.60517 0.010443
защиты 0.002268 0.0 0.0
звездообразование 0.002268 4.60517 0.010443
звездообразования 0.002268 4.60517 0.010443
звёзд 0.002268 3.506558 0.007951
звёздами 0.002268 4.60517 0.010443
звёздных 0.002268 3.912023 0.008871
земле 0.002268 0.0 0.0
земли 0.002268 0.0 0.0
зонд 0.002268 0.0 0.0
зонда 0.002268 0.0 0.0
игры 0.002268 0.0 0.0
измерил 0.002268 3.218876 0.007299
изображение 0.002268 1.514128 0.003433
изучала 0.002268 4.60517 0.010443
изучении 0.002268 4.60517 0.010443
изучения 0.002268 3.218876 0.007299
инновационный 0.002268 0.0 0.0
интерес 0.002268 2.407946 0.00546
интерфейса 0.002268 3.218876 0.007299
информации 0.002268 0.0 0.0
использования 0.002268 0.0 0.0
использованные 0.002268 4.60517 0.010443
исследований 0.002268 0.0 0.0
источник 0.002268 0.0 0.0
ищут 0.002268 3.912023 0.008871
календарь 0.002268 0.0 0.0
каталогов 0.002268 4.60517 0.010443
категории 0.002268 0.0 0.0
кг 0.002268 0.0 0.0
километров 0.002268 0.0 0.0
китай 0.002268 1.171183 0.002656
классическим 0.002268 0.0 0.0
клон 0.002268 0.0 0.0
км 0.002268 1.309333 0.002969
комментирования 0.002268 0.0 0.0
компьютер 0.002268 2.207275 0.005005
комфортный 0.002268 0.0 0.0
конференция 0.002268 0.0 0.0
корее 0.002268 0.0 0.0
корпуса 0.002268 0.0 0.0
космический 0.002268 2.302585 0.005221
космос 0.002268 0.0 0.0
космоса 0.002268 0.0 0.0
который 0.002268 1.386294 0.003144
кратковременных 0.002268 4.60517 0.010443
кроссовера 0.002268 0.0 0.0
кроссоверы 0.002268 0.0 0.0
кубических 0.002268 0.0 0.0
куки 0.002268 0.0 0.0
лет 0.002268 0.0 0.0
летать 0.002268 0.0 0.0
лету 0.002268 0.0 0.0
листа 0.002268 0.0 0.0
луны 0.002268 3.218876 0.007299
мадора 0.002268 4.60517 0.010443
мае 0.002268 0.0 0.0
май 0.002268 0.0 0.0
максимально 0.002268 3.912023 0.008871
марка 0.002268 0.0 0.0
материалов 0.002268 0.0 0.0
машину 0.002268 0.0 0.0
мая 0.002268 0.0 0.0
межзвёздную 0.002268 4.60517 0.010443
межзвёздных 0.002268 3.912023 0.008871
межпланетный 0.002268 0.0 0.0
меняет 0.002268 0.0 0.0
метрового 0.002268 0.0 0.0
механизмов 0.002268 3.912023 0.008871
миллионов 0.002268 0.0 0.0
миру 0.002268 0.0 0.0
млн 0.002268 1.108663 0.002514
мобильные 0.002268 0.0 0.0
могут 0.002268 0.0 0.0
мозг 0.002268 2.813411 0.00638
молодыми 0.002268 4.60517 0.010443
момент 0.002268 0.0 0.0
мониторы 0.002268 0.0 0.0
морфологические 0.002268 4.60517 0.010443
мотобрендов 0.002268 0.0 0.0
мотоциклов 0.002268 0.0 0.0
мс 0.002268 0.0 0.0
мультимедиа 0.002268 0.0 0.0
наблюдательных 0.002268 4.60517 0.010443
наблюдателя 0.002268 4.60517 0.010443
наблюдений 0.002268 4.60517 0.010443
наблюдения 0.002268 3.912023 0.008871
надеются 0.002268 4.60517 0.010443
нажмите 0.002268 0.0 0.0
назвал 0.002268 0.0 0.0
названием 0.002268 0.0 0.0
направлена 0.002268 3.912023 0.008871
нашей 0.002268 0.0 0.0
наши 0.002268 0.0 0.0
нашли 0.002268 0.0 0.0
недавнего 0.002268 4.60517 0.010443
необычной 0.002268 3.912023 0.008871
необычную 0.002268 3.506558 0.007951
новости 0.002268 0.0 0.0
новые 0.002268 0.0 0.0
новый 0.002268 0.0 0.0
носители 0.002268 0.0 0.0
ноутбуки 0.002268 0.0 0.0
нужны 0.002268 0.0 0.0
обзоры 0.002268 0.0 0.0
обладает 0.002268 3.506558 0.007951
облака 0.002268 3.912023 0.008871
области 0.002268 2.120264 0.004808
обработки 0.002268 0.0 0.0
образцы 0.002268 0.0 0.0
обратная 0.002268 3.912023 0.008871
объединило 0.002268 4.60517 0.010443
объект 0.002268 2.207275 0.005005
объектов 0.002268 2.813411 0.00638
объектом 0.002268 3.912023 0.008871
объявлена 0.002268 0.0 0.0
одноклассник 0.002268 0.0 0.0
орбите 0.002268 0.0 0.0
ос 0.002268 0.0 0.0
основными 0.002268 4.60517 0.010443
основу 0.002268 3.218876 0.007299
особенности 0.002268 4.60517 0.010443
остаётся 0.002268 2.040221 0.004626
осязанием 0.002268 3.506558 0.007951
ответы 0.002268 4.60517 0.010443
отдадут 0.002268 0.0 0.0
отечественного 0.002268 0.0 0.0
отказа 0.002268 0.0 0.0
отказались 0.002268 0.0 0.0
отключили 0.002268 0.0 0.0
отмечают 0.002268 2.65926 0.00603
очень 0.002268 0.0 0.0
ошибку 0.002268 0.0 0.0
парализованных 0.002268 3.506558 0.007951
паузы 0.002268 4.60517 0.010443
пекулярных 0.002268 4.60517 0.010443
первая 0.002268 2.813411 0.00638
переднего 0.002268 0.0 0.0
период 0.002268 0.0 0.0
периферия 0.002268 0.0 0.0
персональные 0.002268 0.0 0.0
персональных 0.002268 0.0 0.0
пиар 0.002268 0.0 0.0
пк 0.002268 0.0 0.0
планшеты 0.002268 0.0 0.0
платформа 0.002268 0.0 0.0
пн 0.002268 0.0 0.0
подвел 0.002268 0.0 0.0
поднял 0.002268 0.0 0.0
подобных 0.002268 3.218876 0.007299
подогревает 0.002268 4.60517 0.010443
подробнее 0.002268 0.0 0.0
подход 0.002268 1.89712 0.004302
позволяют 0.002268 3.218876 0.007299
поиск 0.002268 0.0 0.0
пока 0.002268 0.0 0.0
показали 0.002268 2.813411 0.00638
полезные 0.002268 0.0 0.0
политика 0.002268 0.0 0.0
политикой 0.002268 0.0 0.0
полноприводными 0.002268 0.0 0.0
получил 0.002268 1.514128 0.003433
полётов 0.002268 0.0 0.0
помогут 0.002268 2.813411 0.00638
помощью 0.002268 2.120264 0.004808
попаданием 0.002268 3.506558 0.007951
попробовать 0.002268 0.0 0.0
популярная 0.002268 0.0 0.0
популярных 0.002268 0.0 0.0
посещать 0.002268 0.0 0.0
последние 0.002268 3.506558 0.007951
последствия 0.002268 3.912023 0.008871
последующие 0.002268 3.912023 0.008871
поясняют 0.002268 4.60517 0.010443
правила 0.002268 0.0 0.0
прайс 0.002268 0.0 0.0
предметом 0.002268 4.60517 0.010443
представлен 0.002268 0.0 0.0
прибавка 0.002268 0.0 0.0
приблизились 0.002268 3.506558 0.007951
привлёк 0.002268 3.218876 0.007299
привода 0.002268 0.0 0.0
приливных 0.002268 4.60517 0.010443
принтеры 0.002268 0.0 0.0
причина 0.002268 3.912023 0.008871
причины 0.002268 0.0 0.0
пробизнес 0.002268 0.0 0.0
проведения 0.002268 0.0 0.0
программ 0.002268 0.0 0.0
программы 0.002268 0.0 0.0
продавать 0.002268 0.0 0.0
продажи 0.002268 0.0 0.0
продолжая 0.002268 0.0 0.0
проектов 0.002268 0.0 0.0
проекторы 0.002268 0.0 0.0
проекты 0.002268 0.0 0.0
пролить 0.002268 0.0 0.0
процессы 0.002268 0.0 0.0
пт 0.002268 0.0 0.0
работы 0.002268 0.0 0.0
различимы 0.002268 4.60517 0.010443
разреженными 0.002268 4.60517 0.010443
разрушений 0.002268 3.912023 0.008871
раскрыть 0.002268 3.912023 0.008871
расположенной 0.002268 4.60517 0.010443
расстояние 0.002268 3.218876 0.007299
расстоянии 0.002268 2.995732 0.006793
расстояния 0.002268 2.995732 0.006793
реальных 0.002268 0.0 0.0
редких 0.002268 4.60517 0.010443
результаты 0.002268 0.0 0.0
реклама 0.002268 0.0 0.0
ресурсы 0.002268 3.912023 0.008871
решает 0.002268 0.0 0.0
роль 0.002268 1.89712 0.004302
россии 0.002268 0.0 0.0
россияне 0.002268 0.0 0.0
рублей 0.002268 0.0 0.0
рынок 0.002268 0.0 0.0
сайте 0.002268 0.0 0.0
сайты 0.002268 0.0 0.0
самая 0.002268 0.0 0.0
самолётах 0.002268 0.0 0.0
самых 0.002268 0.0 0.0
сантиметров 0.002268 0.0 0.0
сб 0.002268 0.0 0.0
сбора 0.002268 0.0 0.0
сверхновые 0.002268 3.912023 0.008871
сверхновыми 0.002268 3.506558 0.007951
сверхновых 0.002268 3.912023 0.008871
свет 0.002268 0.0 0.0
светилами 0.002268 4.60517 0.010443
световых 0.002268 3.506558 0.007951
своей 0.002268 0.0 0.0
связи 0.002268 0.0 0.0
связь 0.002268 0.0 0.0
сегодня 0.002268 0.0 0.0
серверы 0.002268 0.0 0.0
сервисы 0.002268 0.0 0.0
сертификацию 0.002268 0.0 0.0
сети 0.002268 0.0 0.0
сжимающих 0.002268 4.60517 0.010443
скоро 0.002268 0.0 0.0
сложности 0.002268 0.0 0.0
сложных 0.002268 2.813411 0.00638
случае 0.002268 2.65926 0.00603
см 0.002268 0.0 0.0
снимке 0.002268 3.912023 0.008871
снимки 0.002268 3.912023 0.008871
снимок 0.002268 3.912023 0.008871
снова 0.002268 0.0 0.0
событий 0.002268 4.60517 0.010443
советский 0.002268 0.0 0.0
соглашаетесь 0.002268 0.0 0.0
созвездии 0.002268 4.60517 0.010443
созданию 0.002268 2.525729 0.005727
создать 0.002268 2.813411 0.00638
соответствующими 0.002268 4.60517 0.010443
соседними 0.002268 4.60517 0.010443
составленный 0.002268 4.60517 0.010443
спасти 0.002268 0.0 0.0
спирали 0.002268 4.60517 0.010443
спиральная 0.002268 4.60517 0.010443
спиральным 0.002268 4.60517 0.010443
спиралью 0.002268 3.506558 0.007951
ср 0.002268 0.0 0.0
сравнимо 0.002268 3.506558 0.007951
среда 0.002268 0.0 0.0
среду 0.002268 4.60517 0.010443
ссылки 0.002268 0.0 0.0
стал 0.002268 0.0 0.0
стартуют 0.002268 0.0 0.0
статистика 0.002268 0.0 0.0
статьи 0.002268 0.0 0.0
стоимость 0.002268 0.0 0.0
сторона 0.002268 4.60517 0.010443
сторону 0.002268 4.60517 0.010443
структурам 0.002268 4.60517 0.010443
структурой 0.002268 3.506558 0.007951
структуру 0.002268 2.813411 0.00638
сша 0.002268 0.0 0.0
тайконавты 0.002268 0.0 0.0
такие 0.002268 1.714798 0.003888
тв 0.002268 0.0 0.0
теги 0.002268 0.0 0.0
текст 0.002268 0.0 0.0
телескоп 0.002268 2.813411 0.00638
телескопа 0.002268 3.506558 0.007951
технический 0.002268 0.0 0.0
типа 0.002268 3.218876 0.007299
топ 0.002268 0.0 0.0
точностью 0.002268 2.302585 0.005221
трёх 0.002268 2.207275 0.005005
тыс 0.002268 0.0 0.0
убрали 0.002268 0.0 0.0
ударных 0.002268 4.60517 0.010443
упасть 0.002268 0.0 0.0
устройства 0.002268 0.0 0.0
усыпанная 0.002268 4.60517 0.010443
ученым 0.002268 0.0 0.0
учёные 0.002268 1.966113 0.004458
уэбб 0.002268 4.60517 0.010443
файлы 0.002268 0.0 0.0
фиксируя 0.002268 4.60517 0.010443
флагманского 0.002268 0.0 0.0
формами 0.002268 4.60517 0.010443
фото 0.002268 0.0 0.0
фундаментальные 0.002268 0.0 0.0
хаббл 0.002268 3.506558 0.007951
хаббла 0.002268 4.60517 0.010443
халтоном 0.002268 4.60517 0.010443
хитом 0.002268 0.0 0.0
целенаправленно 0.002268 4.60517 0.010443
ценным 0.002268 3.912023 0.008871
цены 0.002268 0.0 0.0
части 0.002268 0.0 0.0
часто 0.002268 1.714798 0.003888
частыми 0.002268 3.506558 0.007951
человека 0.002268 0.0 0.0
четыре 0.002268 2.813411 0.00638
числе 0.002268 2.525729 0.005727
чт 0.002268 0.0 0.0
чёрными 0.002268 3.912023 0.008871
эволюции 0.002268 3.912023 0.008871
экспорт 0.002268 0.0 0.0
эллиптическим 0.002268 4.60517 0.010443
эмбрионы 0.002268 0.0 0.0
южной 0.002268 0.0 0.0
яркая 0.002268 4.60517 0.010443
