аварии 0.002375 2.813411 0.006683
авария 0.002375 3.218876 0.007646
авиалайнера 0.002375 0.0 0.0
авиации 0.002375 3.506558 0.008329
австралии 0.002375 0.0 0.0
автоваз 0.002375 0.0 0.0
автоматом 0.002375 0.0 0.0
автопроизводителя 0.002375 0.0 0.0
автор 0.002375 0.0 0.0
авторы 0.002375 0.0 0.0
администрацией 0.002375 0.0 0.0
адрес 0.002375 0.0 0.0
акцентом 0.002375 3.912023 0.009292
амбициозные 0.002375 3.912023 0.009292
американская 0.002375 3.912023 0.009292
америке 0.002375 0.0 0.0
анализа 0.002375 2.65926 0.006317
аналитики 0.002375 0.0 0.0
антарктиды 0.002375 4.60517 0.010939
апреля 0.002375 1.966113 0.00467
базе 0.002375 2.995732 0.007116
безопасности 0.002375 1.966113 0.00467
белка 0.002375 0.0 0.0
биологические 0.002375 0.0 0.0
биологических 0.002375 0.0 0.0
ближайших 0.002375 3.912023 0.009292
ближнем 0.002375 0.0 0.0
блоги 0.002375 0.0 0.0
будут 0.002375 0.0 0.0
быстро 0.002375 0.0 0.0
ванденберг 0.002375 4.60517 0.010939
верхней 0.002375 3.506558 0.008329
верхняя 0.002375 4.60517 0.010939
весом 0.002375 0.0 0.0
вид 0.002375 0.0 0.0
видео 0.002375 0.0 0.0
видеокарты 0.002375 0.0 0.0
внедорожники 0.002375 0.0 0.0
возвращения 0.002375 3.912023 0.009292
возглавит 0.002375 4.60517 0.010939
возобновление 0.002375 4.60517 0.010939
войти 0.002375 0.0 0.0
вопрос 0.002375 1.660731 0.003945
востоке 0.002375 0.0 0.0
временная 0.002375 4.60517 0.010939
временное 0.002375 4.60517 0.010939
время 0.002375 1.427116 0.00339
вс 0.002375 0.0 0.0
вселенной 0.002375 2.813411 0.006683
всему 0.002375 0.0 0.0
вт 0.002375 0.0 0.0
входят 0.002375 0.0 0.0
вывести 0.002375 3.506558 0.008329
выводы 0.002375 3.506558 0.008329
выделите 0.002375 0.0 0.0
выполнение 0.002375 3.912023 0.009292
высоты 0.002375 4.60517 0.010939
выходит 0.002375 0.0 0.0
выявление 0.002375 3.912023 0.009292
главную 0.002375 0.0 0.0
глубокого 0.002375 3.912023 0.009292
года 0.002375 0.0 0.0
гражданской 0.002375 4.60517 0.010939
данные 0.002375 0.0 0.0
данный 0.002375 0.0 0.0
данных 0.002375 0.0 0.0
двигателем 0.002375 3.218876 0.007646
двигатели 0.002375 0.0 0.0
двигатель 0.002375 0.0 0.0
двух 0.002375 0.0 0.0
дебюта 0.002375 4.60517 0.010939
дизайн 0.002375 0.0 0.0
директор 0.002375 0.0 0.0
доверие 0.002375 4.60517 0.010939
должен 0.002375 3.218876 0.007646
долларов 0.002375 0.0 0.0
дом 0.002375 0.0 0.0
доставили 0.002375 0.0 0.0
достигает 0.002375 0.0 0.0
достигла 0.002375 3.912023 0.009292
доступа 0.002375 3.912023 0.009292
её 0.002375 1.203973 0.00286
завершат 0.002375 0.0 0.0
завершилась 0.002375 3.912023 0.009292
закончился 0.002375 3.912023 0.009292
замедлить 0.002375 4.60517 0.010939
заморозило 0.002375 3.506558 0.008329
запуск 0.002375 1.272966 0.003024
запуска 0.002375 1.771957 0.004209
запуски 0.002375 2.995732 0.007116
запусков 0.002375 3.218876 0.007646
защиты 0.002375 0.0 0.0
заявлению 0.002375 3.506558 0.008329
заявляла 0.002375 4.60517 0.010939
земле 0.002375 0.0 0.0
земли 0.002375 0.0 0.0
зонд 0.002375 0.0 0.0
зонда 0.002375 0.0 0.0
зоне 0.002375 2.995732 0.007116
игры 0.002375 0.0 0.0
ии 0.002375 0.0 0.0
инновационный 0.002375 0.0 0.0
информации 0.002375 0.0 0.0
инцидент 0.002375 2.995732 0.007116
инциденты 0.002375 3.912023 0.009292
использования 0.002375 0.0 0.0
исправления 0.002375 4.60517 0.010939
исследований 0.002375 0.0 0.0
источник 0.002375 0.0 0.0
итоговый 0.002375 4.60517 0.010939
каждый 0.002375 2.525729 0.005999
календарь 0.002375 0.0 0.0
калифорнии 0.002375 2.65926 0.006317
карты 0.002375 0.0 0.0
категории 0.002375 0.0 0.0
кг 0.002375 0.0 0.0
километров 0.002375 0.0 0.0
классическим 0.002375 0.0 0.0
клон 0.002375 0.0 0.0
км 0.002375 1.309333 0.00311
комментирования 0.002375 0.0 0.0
компании 0.002375 1.347074 0.0032
компания 0.002375 0.820981 0.00195
комфортный 0.002375 0.0 0.0
конструкцию 0.002375 3.506558 0.008329
контрактов 0.002375 4.60517 0.010939
контролировать 0.002375 3.506558 0.008329
конференция 0.002375 0.0 0.0
корее 0.002375 0.0 0.0
корпуса 0.002375 0.0 0.0
корректирующих 0.002375 4.60517 0.010939
космические 0.002375 2.207275 0.005243
космический 0.002375 2.302585 0.005469
космических 0.002375 2.302585 0.005469
космос 0.002375 0.0 0.0
космоса 0.002375 0.0 0.0
который 0.002375 1.386294 0.003293
кроссовера 0.002375 0.0 0.0
кроссоверы 0.002375 0.0 0.0
кубических 0.002375 0.0 0.0
куки 0.002375 0.0 0.0
летать 0.002375 0.0 0.0
лету 0.002375 0.0 0.0
листа 0.002375 0.0 0.0
лицензии 0.002375 3.912023 0.009292
лишилась 0.002375 4.60517 0.010939
мае 0.002375 0.0 0.0
май 0.002375 0.0 0.0
марка 0.002375 0.0 0.0
материалов 0.002375 0.0 0.0
машину 0.002375 0.0 0.0
мая 0.002375 0.0 0.0
межпланетный 0.002375 0.0 0.0
меняет 0.002375 0.0 0.0
мер 0.002375 0.0 0.0
метрового 0.002375 0.0 0.0
миллионов 0.002375 0.0 0.0
миру 0.002375 0.0 0.0
миссии 0.002375 1.514128 0.003597
миссия 0.002375 2.120264 0.005036
мобильные 0.002375 0.0 0.0
могут 0.002375 0.0 0.0
момент 0.002375 0.0 0.0
мониторы 0.002375 0.0 0.0
мотобрендов 0.002375 0.0 0.0
мотоциклов 0.002375 0.0 0.0
мс 0.002375 0.0 0.0
мультимедиа 0.002375 0.0 0.0
набрать 0.002375 4.60517 0.010939
нагрузки 0.002375 2.65926 0.006317
надёжность 0.002375 2.813411 0.006683
нажмите 0.002375 0.0 0.0
назвал 0.002375 0.0 0.0
названием 0.002375 0.0 0.0
нашей 0.002375 0.0 0.0
наши 0.002375 0.0 0.0
нашли 0.002375 0.0 0.0
невозврата 0.002375 4.60517 0.010939
недель 0.002375 3.506558 0.008329
недостатков 0.002375 4.60517 0.010939
неопределёнными 0.002375 4.60517 0.010939
неудачей 0.002375 4.60517 0.010939
неудачного 0.002375 4.60517 0.010939
низкую 0.002375 3.506558 0.008329
новости 0.002375 0.0 0.0
новые 0.002375 0.0 0.0
новый 0.002375 0.0 0.0
нормы 0.002375 3.506558 0.008329
носители 0.002375 0.0 0.0
носитель 0.002375 2.995732 0.007116
носителя 0.002375 3.912023 0.009292
ноутбуки 0.002375 0.0 0.0
нужны 0.002375 0.0 0.0
обзоры 0.002375 0.0 0.0
обработки 0.002375 0.0 0.0
образцы 0.002375 0.0 0.0
общественной 0.002375 4.60517 0.010939
объявлена 0.002375 0.0 0.0
ограничений 0.002375 2.65926 0.006317
одноклассник 0.002375 0.0 0.0
одобрения 0.002375 3.912023 0.009292
ожидается 0.002375 2.813411 0.006683
океан 0.002375 3.912023 0.009292
околоземную 0.002375 3.506558 0.008329
орбитальную 0.002375 4.60517 0.010939
орбите 0.002375 0.0 0.0
орбиту 0.002375 3.218876 0.007646
ос 0.002375 0.0 0.0
оснащённая 0.002375 4.60517 0.010939
остатки 0.002375 3.912023 0.009292
остаются 0.002375 2.813411 0.006683
отдадут 0.002375 0.0 0.0
отечественного 0.002375 0.0 0.0
отказа 0.002375 0.0 0.0
отказались 0.002375 0.0 0.0
отключили 0.002375 0.0 0.0
отчёт 0.002375 3.218876 0.007646
очень 0.002375 0.0 0.0
ошибку 0.002375 0.0 0.0
падению 0.002375 4.60517 0.010939
переднего 0.002375 0.0 0.0
период 0.002375 0.0 0.0
периферия 0.002375 0.0 0.0
персональные 0.002375 0.0 0.0
персональных 0.002375 0.0 0.0
пиар 0.002375 0.0 0.0
пк 0.002375 0.0 0.0
планшеты 0.002375 0.0 0.0
планы 0.002375 3.218876 0.007646
платформа 0.002375 0.0 0.0
платформы 0.002375 2.407946 0.00572
пн 0.002375 0.0 0.0
повторяющиеся 0.002375 3.912023 0.009292
подвел 0.002375 0.0 0.0
поднял 0.002375 0.0 0.0
подробнее 0.002375 0.0 0.0
подтверждения 0.002375 4.60517 0.010939
подчеркнули 0.002375 4.60517 0.010939
позволяет 0.002375 1.832581 0.004353
поиск 0.002375 0.0 0.0
пока 0.002375 0.0 0.0
полезной 0.002375 3.912023 0.009292
полезные 0.002375 0.0 0.0
политика 0.002375 0.0 0.0
политикой 0.002375 0.0 0.0
полной 0.002375 2.65926 0.006317
полноприводными 0.002375 0.0 0.0
полностью 0.002375 2.207275 0.005243
полётам 0.002375 4.60517 0.010939
полётов 0.002375 0.0 0.0
полёты 0.002375 2.525729 0.005999
попробовать 0.002375 0.0 0.0
популярная 0.002375 0.0 0.0
популярных 0.002375 0.0 0.0
посещать 0.002375 0.0 0.0
поставок 0.002375 3.218876 0.007646
потерей 0.002375 4.60517 0.010939
потребовало 0.002375 3.506558 0.008329
правила 0.002375 0.0 0.0
правительство 0.002375 3.506558 0.008329
прайс 0.002375 0.0 0.0
предварительные 0.002375 3.912023 0.009292
предоставит 0.002375 3.912023 0.009292
представлен 0.002375 0.0 0.0
прекращение 0.002375 4.60517 0.010939
прибавка 0.002375 0.0 0.0
привело 0.002375 3.912023 0.009292
привода 0.002375 0.0 0.0
признаны 0.002375 4.60517 0.010939
принтеры 0.002375 0.0 0.0
приостановила 0.002375 4.60517 0.010939
приостановка 0.002375 4.60517 0.010939
приступил 0.002375 3.218876 0.007646
причины 0.002375 0.0 0.0
пробизнес 0.002375 0.0 0.0
провалила 0.002375 3.506558 0.008329
проведения 0.002375 0.0 0.0
провести 0.002375 4.60517 0.010939
программы 0.002375 0.0 0.0
продавать 0.002375 0.0 0.0
продажи 0.002375 0.0 0.0
продолжая 0.002375 0.0 0.0
проектов 0.002375 0.0 0.0
проекторы 0.002375 0.0 0.0
проекты 0.002375 0.0 0.0
прозрачными 0.002375 4.60517 0.010939
произошёл 0.002375 3.912023 0.009292
пролить 0.002375 0.0 0.0
прототип 0.002375 2.65926 0.006317
процедурных 0.002375 4.60517 0.010939
процессы 0.002375 0.0 0.0
пт 0.002375 0.0 0.0
работы 0.002375 0.0 0.0
разбор 0.002375 4.60517 0.010939
разделения 0.002375 3.506558 0.008329
ракетостроение 0.002375 4.60517 0.010939
ракеты 0.002375 2.040221 0.004846
рамках 0.002375 2.302585 0.005469
ранее 0.002375 1.771957 0.004209
расследование 0.002375 4.60517 0.010939
расследования 0.002375 4.60517 0.010939
расчётной 0.002375 4.60517 0.010939
расширения 0.002375 2.995732 0.007116
реальных 0.002375 0.0 0.0
резкому 0.002375 4.60517 0.010939
результаты 0.002375 0.0 0.0
реклама 0.002375 0.0 0.0
решает 0.002375 0.0 0.0
рисков 0.002375 2.995732 0.007116
россии 0.002375 0.0 0.0
россияне 0.002375 0.0 0.0
рублей 0.002375 0.0 0.0
рынок 0.002375 0.0 0.0
сайте 0.002375 0.0 0.0
сайты 0.002375 0.0 0.0
самая 0.002375 0.0 0.0
самой 0.002375 2.525729 0.005999
самолётах 0.002375 0.0 0.0
самых 0.002375 0.0 0.0
сантиметров 0.002375 0.0 0.0
сб 0.002375 0.0 0.0
сбора 0.002375 0.0 0.0
свет 0.002375 0.0 0.0
своей 0.002375 0.0 0.0
связи 0.002375 0.0 0.0
связь 0.002375 0.0 0.0
севернее 0.002375 4.60517 0.010939
сегодня 0.002375 0.0 0.0
сентябре 0.002375 3.912023 0.009292
серверы 0.002375 0.0 0.0
сервисы 0.002375 0.0 0.0
сертификацию 0.002375 0.0 0.0
сети 0.002375 0.0 0.0
сил 0.002375 0.967584 0.002298
системных 0.002375 4.60517 0.010939
ситуация 0.002375 3.218876 0.007646
скоро 0.002375 0.0 0.0
скорость 0.002375 2.302585 0.005469
сложности 0.002375 0.0 0.0
случилась 0.002375 4.60517 0.010939
смогла 0.002375 3.912023 0.009292
смягчения 0.002375 3.506558 0.008329
снова 0.002375 0.0 0.0
собирается 0.002375 3.506558 0.008329
советский 0.002375 0.0 0.0
соглашаетесь 0.002375 0.0 0.0
созданию 0.002375 2.525729 0.005999
сопла 0.002375 4.60517 0.010939
сотрудничество 0.002375 2.65926 0.006317
спасти 0.002375 0.0 0.0
способен 0.002375 2.525729 0.005999
спутник 0.002375 2.120264 0.005036
спутниковой 0.002375 4.60517 0.010939
ср 0.002375 0.0 0.0
среда 0.002375 0.0 0.0
сроки 0.002375 2.525729 0.005999
ссылки 0.002375 0.0 0.0
ставят 0.002375 2.813411 0.006683
стал 0.002375 0.0 0.0
стартуют 0.002375 0.0 0.0
статистика 0.002375 0.0 0.0
стать 0.002375 0.0 0.0
статьи 0.002375 0.0 0.0
стоимость 0.002375 0.0 0.0
ступеней 0.002375 3.506558 0.008329
ступени 0.002375 2.813411 0.006683
ступень 0.002375 3.218876 0.007646
сша 0.002375 0.0 0.0
тайконавты 0.002375 0.0 0.0
тв 0.002375 0.0 0.0
теги 0.002375 0.0 0.0
текст 0.002375 0.0 0.0
текущая 0.002375 3.506558 0.008329
телескоп 0.002375 2.813411 0.006683
технический 0.002375 0.0 0.0
технических 0.002375 4.60517 0.010939
течение 0.002375 2.813411 0.006683
тихий 0.002375 3.912023 0.009292
топ 0.002375 0.0 0.0
точкой 0.002375 4.60517 0.010939
требованию 0.002375 4.60517 0.010939
требует 0.002375 2.302585 0.005469
тщательный 0.002375 4.60517 0.010939
тыс 0.002375 0.0 0.0
тяги 0.002375 3.912023 0.009292
убрали 0.002375 0.0 0.0
угрожающих 0.002375 4.60517 0.010939
удешевлению 0.002375 4.60517 0.010939
ужесточить 0.002375 3.506558 0.008329
укрепить 0.002375 3.912023 0.009292
упали 0.002375 3.912023 0.009292
упасть 0.002375 0.0 0.0
управлении 0.002375 3.506558 0.008329
управления 0.002375 2.040221 0.004846
ускорителей 0.002375 3.218876 0.007646
усовершенствовать 0.002375 4.60517 0.010939
успешными 0.002375 4.60517 0.010939
устранения 0.002375 3.912023 0.009292
устройства 0.002375 0.0 0.0
утвердит 0.002375 4.60517 0.010939
уточнила 0.002375 4.60517 0.010939
ученым 0.002375 0.0 0.0
файлы 0.002375 0.0 0.0
федерального 0.002375 3.912023 0.009292
флагманского 0.002375 0.0 0.0
фото 0.002375 0.0 0.0
фундаментальные 0.002375 0.0 0.0
хитом 0.002375 0.0 0.0
хочет 0.002375 2.813411 0.006683
цены 0.002375 0.0 0.0
части 0.002375 0.0 0.0
человека 0.002375 0.0 0.0
чт 0.002375 0.0 0.0
шестого 0.002375 3.912023 0.009292
шестой 0.002375 3.506558 0.008329
штатного 0.002375 4.60517 0.010939
экспорт 0.002375 0.0 0.0
эмбрионы 0.002375 0.0 0.0
этап 0.002375 2.207275 0.005243
эффективными 0.002375 4.60517 0.010939
южной 0.002375 0.0 0.0
