аварии 0.003106 2.813411 0.008737
авиалайнера 0.003106 0.0 0.0
австралии 0.003106 0.0 0.0
автоваз 0.003106 0.0 0.0
автоматом 0.003106 0.0 0.0
автопроизводителя 0.003106 0.0 0.0
автор 0.003106 0.0 0.0
авторы 0.003106 0.0 0.0
администрацией 0.003106 0.0 0.0
администрация 0.003106 3.218876 0.009997
адрес 0.003106 0.0 0.0
америке 0.003106 0.0 0.0
аналитики 0.003106 0.0 0.0
белка 0.003106 0.0 0.0
биологические 0.003106 0.0 0.0
биологических 0.003106 0.0 0.0
ближнем 0.003106 0.0 0.0
блоги 0.003106 0.0 0.0
будут 0.003106 0.0 0.0
быстро 0.003106 0.0 0.0
важен 0.003106 3.912023 0.012149
весом 0.003106 0.0 0.0
видео 0.003106 0.0 0.0
видеокарты 0.003106 0.0 0.0
внедорожники 0.003106 0.0 0.0
войти 0.003106 0.0 0.0
востоке 0.003106 0.0 0.0
время 0.003106 1.427116 0.004432
вс 0.003106 0.0 0.0
всему 0.003106 0.0 0.0
вт 0.003106 0.0 0.0
входят 0.003106 0.0 0.0
выделите 0.003106 0.0 0.0
выходит 0.003106 0.0 0.0
генеральный 0.003106 2.995732 0.009304
германии 0.003106 2.995732 0.009304
главную 0.003106 0.0 0.0
года 0.003106 0.0 0.0
данные 0.003106 0.0 0.0
данный 0.003106 0.0 0.0
данных 0.003106 0.0 0.0
двигатели 0.003106 0.0 0.0
двигатель 0.003106 0.0 0.0
двух 0.003106 0.0 0.0
дженсен 0.003106 3.912023 0.012149
дизайн 0.003106 0.0 0.0
директор 0.003106 0.0 0.0
долларов 0.003106 0.0 0.0
долю 0.003106 3.506558 0.01089
дом 0.003106 0.0 0.0
доставили 0.003106 0.0 0.0
достигает 0.003106 0.0 0.0
другими 0.003106 3.506558 0.01089
единиц 0.003106 2.995732 0.009304
ещё 0.003106 1.89712 0.005892
её 0.003106 1.203973 0.003739
завершат 0.003106 0.0 0.0
заморозило 0.003106 3.506558 0.01089
запуск 0.003106 1.272966 0.003953
зарабатывает 0.003106 4.60517 0.014302
защиты 0.003106 0.0 0.0
земле 0.003106 0.0 0.0
земли 0.003106 0.0 0.0
зонд 0.003106 0.0 0.0
зонда 0.003106 0.0 0.0
игры 0.003106 0.0 0.0
изменение 0.003106 4.60517 0.014302
ии 0.003106 0.0 0.0
инновационный 0.003106 0.0 0.0
информации 0.003106 0.0 0.0
использования 0.003106 0.0 0.0
использовать 0.003106 2.525729 0.007844
исследований 0.003106 0.0 0.0
источник 0.003106 0.0 0.0
календарь 0.003106 0.0 0.0
категории 0.003106 0.0 0.0
качестве 0.003106 2.813411 0.008737
кг 0.003106 0.0 0.0
километров 0.003106 0.0 0.0
китайский 0.003106 2.813411 0.008737
китая 0.003106 2.995732 0.009304
класса 0.003106 4.60517 0.014302
классическим 0.003106 0.0 0.0
клон 0.003106 0.0 0.0
количества 0.003106 3.912023 0.012149
комментирования 0.003106 0.0 0.0
компания 0.003106 0.820981 0.00255
комфортный 0.003106 0.0 0.0
конференция 0.003106 0.0 0.0
корее 0.003106 0.0 0.0
корпуса 0.003106 0.0 0.0
космос 0.003106 0.0 0.0
космоса 0.003106 0.0 0.0
коснётся 0.003106 4.60517 0.014302
которые 0.003106 1.309333 0.004066
кроссовера 0.003106 0.0 0.0
кроссоверы 0.003106 0.0 0.0
кубических 0.003106 0.0 0.0
куки 0.003106 0.0 0.0
купить 0.003106 3.218876 0.009997
летать 0.003106 0.0 0.0
лету 0.003106 0.0 0.0
листа 0.003106 0.0 0.0
львиную 0.003106 4.60517 0.014302
мае 0.003106 0.0 0.0
май 0.003106 0.0 0.0
марка 0.003106 0.0 0.0
материалов 0.003106 0.0 0.0
машину 0.003106 0.0 0.0
мая 0.003106 0.0 0.0
межпланетный 0.003106 0.0 0.0
менее 0.003106 2.207275 0.006855
меняет 0.003106 0.0 0.0
менять 0.003106 3.912023 0.012149
метрового 0.003106 0.0 0.0
миллионов 0.003106 0.0 0.0
минимум 0.003106 2.65926 0.008259
миру 0.003106 0.0 0.0
мобильные 0.003106 0.0 0.0
могут 0.003106 0.0 0.0
модели 0.003106 1.139434 0.003539
момент 0.003106 0.0 0.0
монеты 0.003106 3.912023 0.012149
мониторы 0.003106 0.0 0.0
мотобрендов 0.003106 0.0 0.0
мотоциклов 0.003106 0.0 0.0
мс 0.003106 0.0 0.0
мультимедиа 0.003106 0.0 0.0
нажмите 0.003106 0.0 0.0
назвал 0.003106 0.0 0.0
названием 0.003106 0.0 0.0
настоящее 0.003106 4.60517 0.014302
начинают 0.003106 3.218876 0.009997
нашей 0.003106 0.0 0.0
наши 0.003106 0.0 0.0
нашли 0.003106 0.0 0.0
неё 0.003106 4.60517 0.014302
новости 0.003106 0.0 0.0
новые 0.003106 0.0 0.0
новый 0.003106 0.0 0.0
нормальным 0.003106 3.506558 0.01089
нормы 0.003106 3.506558 0.01089
носители 0.003106 0.0 0.0
ноутбуки 0.003106 0.0 0.0
нужны 0.003106 0.0 0.0
нынешняя 0.003106 4.60517 0.014302
обзоры 0.003106 0.0 0.0
обработки 0.003106 0.0 0.0
образцы 0.003106 0.0 0.0
обратное 0.003106 4.60517 0.014302
объявлена 0.003106 0.0 0.0
ограничений 0.003106 2.65926 0.008259
ограничения 0.003106 3.506558 0.01089
ограничить 0.003106 4.60517 0.014302
одноклассник 0.003106 0.0 0.0
одобрения 0.003106 3.912023 0.012149
орбите 0.003106 0.0 0.0
ос 0.003106 0.0 0.0
осуществляться 0.003106 4.60517 0.014302
отдадут 0.003106 0.0 0.0
отечественного 0.003106 0.0 0.0
отказа 0.003106 0.0 0.0
отказались 0.003106 0.0 0.0
отключили 0.003106 0.0 0.0
официального 0.003106 3.218876 0.009997
очень 0.003106 0.0 0.0
очередной 0.003106 4.60517 0.014302
очередь 0.003106 3.506558 0.01089
ошибку 0.003106 0.0 0.0
первую 0.003106 2.995732 0.009304
переговорах 0.003106 4.60517 0.014302
переднего 0.003106 0.0 0.0
пересмотреть 0.003106 2.813411 0.008737
период 0.003106 0.0 0.0
периферия 0.003106 0.0 0.0
персональные 0.003106 0.0 0.0
персональных 0.003106 0.0 0.0
пиар 0.003106 0.0 0.0
пк 0.003106 0.0 0.0
плане 0.003106 0.0 0.0
планирует 0.003106 1.714798 0.005325
планшеты 0.003106 0.0 0.0
платформа 0.003106 0.0 0.0
пн 0.003106 0.0 0.0
подвел 0.003106 0.0 0.0
поднял 0.003106 0.0 0.0
подробнее 0.003106 0.0 0.0
поиск 0.003106 0.0 0.0
пока 0.003106 0.0 0.0
полезные 0.003106 0.0 0.0
политика 0.003106 0.0 0.0
политикой 0.003106 0.0 0.0
полноприводными 0.003106 0.0 0.0
получит 0.003106 2.525729 0.007844
полётов 0.003106 0.0 0.0
полёты 0.003106 2.525729 0.007844
попробовать 0.003106 0.0 0.0
попросила 0.003106 3.912023 0.012149
популярная 0.003106 0.0 0.0
популярных 0.003106 0.0 0.0
порог 0.003106 4.60517 0.014302
посещать 0.003106 0.0 0.0
поставки 0.003106 2.525729 0.007844
поставок 0.003106 3.218876 0.009997
похоже 0.003106 2.813411 0.008737
поэтому 0.003106 3.506558 0.01089
правила 0.003106 0.0 0.0
правительство 0.003106 3.506558 0.01089
прайс 0.003106 0.0 0.0
представлен 0.003106 0.0 0.0
предыдущей 0.003106 3.506558 0.01089
прибавка 0.003106 0.0 0.0
привода 0.003106 0.0 0.0
призвал 0.003106 3.506558 0.01089
принтеры 0.003106 0.0 0.0
причины 0.003106 0.0 0.0
пробизнес 0.003106 0.0 0.0
провалила 0.003106 3.506558 0.01089
проведения 0.003106 0.0 0.0
программы 0.003106 0.0 0.0
продавать 0.003106 0.0 0.0
продаваться 0.003106 3.506558 0.01089
продажи 0.003106 0.0 0.0
продолжая 0.003106 0.0 0.0
проектов 0.003106 0.0 0.0
проекторы 0.003106 0.0 0.0
проекты 0.003106 0.0 0.0
пролить 0.003106 0.0 0.0
процессы 0.003106 0.0 0.0
пт 0.003106 0.0 0.0
работы 0.003106 0.0 0.0
разменной 0.003106 4.60517 0.014302
ракеты 0.003106 2.040221 0.006336
рассматривается 0.003106 3.912023 0.012149
реальных 0.003106 0.0 0.0
результаты 0.003106 0.0 0.0
реклама 0.003106 0.0 0.0
рекомендованной 0.003106 3.506558 0.01089
решает 0.003106 0.0 0.0
ровно 0.003106 3.506558 0.01089
россии 0.003106 0.0 0.0
россияне 0.003106 0.0 0.0
рублей 0.003106 0.0 0.0
рынок 0.003106 0.0 0.0
сайте 0.003106 0.0 0.0
сайты 0.003106 0.0 0.0
самая 0.003106 0.0 0.0
самолётах 0.003106 0.0 0.0
самых 0.003106 0.0 0.0
санкции 0.003106 4.60517 0.014302
сантиметров 0.003106 0.0 0.0
сб 0.003106 0.0 0.0
сбора 0.003106 0.0 0.0
свет 0.003106 0.0 0.0
своей 0.003106 0.0 0.0
связи 0.003106 0.0 0.0
связь 0.003106 0.0 0.0
сделках 0.003106 4.60517 0.014302
сегодня 0.003106 0.0 0.0
серверы 0.003106 0.0 0.0
сервисы 0.003106 0.0 0.0
сертификацию 0.003106 0.0 0.0
сети 0.003106 0.0 0.0
скоро 0.003106 0.0 0.0
сложности 0.003106 0.0 0.0
смягчения 0.003106 3.506558 0.01089
смягчить 0.003106 4.60517 0.014302
снижен 0.003106 2.65926 0.008259
снова 0.003106 0.0 0.0
собирается 0.003106 3.506558 0.01089
советский 0.003106 0.0 0.0
соглашаетесь 0.003106 0.0 0.0
создано 0.003106 4.60517 0.014302
спасти 0.003106 0.0 0.0
ср 0.003106 0.0 0.0
среда 0.003106 0.0 0.0
средств 0.003106 3.506558 0.01089
ссылки 0.003106 0.0 0.0
стал 0.003106 0.0 0.0
стартуют 0.003106 0.0 0.0
статистика 0.003106 0.0 0.0
статьи 0.003106 0.0 0.0
стоимость 0.003106 0.0 0.0
странами 0.003106 4.60517 0.014302
сша 0.003106 0.0 0.0
тайконавты 0.003106 0.0 0.0
таких 0.003106 2.207275 0.006855
тв 0.003106 0.0 0.0
теги 0.003106 0.0 0.0
текст 0.003106 0.0 0.0
технический 0.003106 0.0 0.0
топ 0.003106 0.0 0.0
торговых 0.003106 3.912023 0.012149
тыс 0.003106 0.0 0.0
убрали 0.003106 0.0 0.0
уведомлением 0.003106 4.60517 0.014302
ужесточить 0.003106 3.506558 0.01089
упасть 0.003106 0.0 0.0
ускорителей 0.003106 3.218876 0.009997
установленных 0.003106 4.60517 0.014302
устройства 0.003106 0.0 0.0
ученым 0.003106 0.0 0.0
файлы 0.003106 0.0 0.0
флагманского 0.003106 0.0 0.0
фото 0.003106 0.0 0.0
фундаментальные 0.003106 0.0 0.0
хитом 0.003106 0.0 0.0
хочет 0.003106 2.813411 0.008737
хуан 0.003106 3.912023 0.012149
ценам 0.003106 3.218876 0.009997
цене 0.003106 2.120264 0.006585
цены 0.003106 0.0 0.0
части 0.003106 0.0 0.0
частности 0.003106 3.912023 0.012149
человека 0.003106 0.0 0.0
чипов 0.003106 2.525729 0.007844
чт 0.003106 0.0 0.0
шестой 0.003106 3.506558 0.01089
экспорт 0.003106 0.0 0.0
экспортированы 0.003106 4.60517 0.014302
эмбрионы 0.003106 0.0 0.0
южной 0.003106 0.0 0.0
