абляционные 0.002217 4.60517 0.010211
авиалайнера 0.002217 0.0 0.0
авиаперелеты 0.002217 4.60517 0.010211
австралии 0.002217 0.0 0.0
автоваз 0.002217 0.0 0.0
автоматом 0.002217 0.0 0.0
автопроизводителя 0.002217 0.0 0.0
автор 0.002217 0.0 0.0
авторы 0.002217 0.0 0.0
администрацией 0.002217 0.0 0.0
адрес 0.002217 0.0 0.0
американские 0.002217 2.813411 0.006238
америке 0.002217 0.0 0.0
аналитики 0.002217 0.0 0.0
аппаратов 0.002217 2.525729 0.0056
аспирант 0.002217 3.912023 0.008674
атмосфере 0.002217 3.912023 0.008674
атмосферу 0.002217 3.506558 0.007775
аэродинамических 0.002217 4.60517 0.010211
аэрокосмической 0.002217 3.912023 0.008674
барьер 0.002217 3.912023 0.008674
белка 0.002217 0.0 0.0
биологические 0.002217 0.0 0.0
биологических 0.002217 0.0 0.0
ближнем 0.002217 0.0 0.0
блоги 0.002217 0.0 0.0
будут 0.002217 0.0 0.0
будущих 0.002217 2.65926 0.005896
быстро 0.002217 0.0 0.0
ввс 0.002217 3.218876 0.007137
весом 0.002217 0.0 0.0
видео 0.002217 0.0 0.0
видеокарты 0.002217 0.0 0.0
внедорожники 0.002217 0.0 0.0
внешних 0.002217 4.60517 0.010211
воздух 0.002217 3.506558 0.007775
войти 0.002217 0.0 0.0
востоке 0.002217 0.0 0.0
впервые 0.002217 2.120264 0.004701
время 0.002217 1.427116 0.003164
вс 0.002217 0.0 0.0
всему 0.002217 0.0 0.0
вт 0.002217 0.0 0.0
входа 0.002217 3.912023 0.008674
входе 0.002217 3.912023 0.008674
входят 0.002217 0.0 0.0
выделите 0.002217 0.0 0.0
выделяет 0.002217 3.506558 0.007775
выдерживает 0.002217 3.218876 0.007137
выдерживающего 0.002217 4.60517 0.010211
выпускает 0.002217 3.506558 0.007775
выходит 0.002217 0.0 0.0
газ 0.002217 2.995732 0.006642
газовый 0.002217 4.60517 0.010211
газом 0.002217 4.60517 0.010211
гиперзвуковые 0.002217 2.995732 0.006642
гиперзвуковых 0.002217 2.995732 0.006642
главную 0.002217 0.0 0.0
года 0.002217 0.0 0.0
гонке 0.002217 2.65926 0.005896
грантом 0.002217 4.60517 0.010211
данные 0.002217 0.0 0.0
данный 0.002217 0.0 0.0
данных 0.002217 0.0 0.0
двигатели 0.002217 0.0 0.0
двигатель 0.002217 0.0 0.0
двух 0.002217 0.0 0.0
дизайн 0.002217 0.0 0.0
директор 0.002217 0.0 0.0
длительного 0.002217 3.912023 0.008674
доктор 0.002217 3.506558 0.007775
долларов 0.002217 0.0 0.0
дом 0.002217 0.0 0.0
доставили 0.002217 0.0 0.0
доставлены 0.002217 3.912023 0.008674
достигает 0.002217 0.0 0.0
доцент 0.002217 4.60517 0.010211
жаростойкость 0.002217 4.60517 0.010211
завершат 0.002217 0.0 0.0
зависимость 0.002217 2.995732 0.006642
зависят 0.002217 3.912023 0.008674
задача 0.002217 2.995732 0.006642
заложит 0.002217 4.60517 0.010211
запускам 0.002217 4.60517 0.010211
запуски 0.002217 2.995732 0.006642
защиты 0.002217 0.0 0.0
земле 0.002217 0.0 0.0
земли 0.002217 0.0 0.0
значительно 0.002217 3.218876 0.007137
зонд 0.002217 0.0 0.0
зонда 0.002217 0.0 0.0
иветт 0.002217 4.60517 0.010211
игры 0.002217 0.0 0.0
изображение 0.002217 1.514128 0.003357
изолирующий 0.002217 4.60517 0.010211
имитируют 0.002217 4.60517 0.010211
инженерии 0.002217 4.60517 0.010211
инженеры 0.002217 2.525729 0.0056
инновационный 0.002217 0.0 0.0
инновация 0.002217 3.912023 0.008674
интернет 0.002217 2.65926 0.005896
информации 0.002217 0.0 0.0
использования 0.002217 0.0 0.0
используют 0.002217 2.995732 0.006642
используя 0.002217 2.995732 0.006642
испытаний 0.002217 2.65926 0.005896
испытания 0.002217 2.302585 0.005106
испытаниям 0.002217 4.60517 0.010211
исследований 0.002217 0.0 0.0
источник 0.002217 0.0 0.0
ифти 0.002217 4.60517 0.010211
календарь 0.002217 0.0 0.0
карбид 0.002217 4.60517 0.010211
карбида 0.002217 4.60517 0.010211
кардинально 0.002217 4.60517 0.010211
категории 0.002217 0.0 0.0
кафедры 0.002217 3.912023 0.008674
кг 0.002217 0.0 0.0
керамические 0.002217 4.60517 0.010211
километров 0.002217 0.0 0.0
классическим 0.002217 0.0 0.0
клон 0.002217 0.0 0.0
ключевая 0.002217 3.912023 0.008674
комментирования 0.002217 0.0 0.0
коммерческих 0.002217 2.995732 0.006642
компанией 0.002217 3.912023 0.008674
комфортный 0.002217 0.0 0.0
конференция 0.002217 0.0 0.0
кораблей 0.002217 3.912023 0.008674
корабли 0.002217 4.60517 0.010211
корабля 0.002217 2.813411 0.006238
корее 0.002217 0.0 0.0
корпуса 0.002217 0.0 0.0
космические 0.002217 2.207275 0.004894
космических 0.002217 2.302585 0.005106
космического 0.002217 2.302585 0.005106
космической 0.002217 2.407946 0.005339
космопуховик 0.002217 3.506558 0.007775
космос 0.002217 0.0 0.0
космоса 0.002217 0.0 0.0
которая 0.002217 1.560648 0.00346
которые 0.002217 1.309333 0.002903
кремния 0.002217 4.60517 0.010211
кроссовера 0.002217 0.0 0.0
кроссоверы 0.002217 0.0 0.0
кубических 0.002217 0.0 0.0
куки 0.002217 0.0 0.0
лаборатории 0.002217 2.995732 0.006642
лейва 0.002217 4.60517 0.010211
летать 0.002217 0.0 0.0
лету 0.002217 0.0 0.0
листа 0.002217 0.0 0.0
мае 0.002217 0.0 0.0
май 0.002217 0.0 0.0
марка 0.002217 0.0 0.0
масштабировать 0.002217 3.506558 0.007775
материал 0.002217 0.0 0.0
материала 0.002217 2.995732 0.006642
материалов 0.002217 0.0 0.0
машину 0.002217 0.0 0.0
мая 0.002217 0.0 0.0
межпланетный 0.002217 0.0 0.0
меняет 0.002217 0.0 0.0
месяцев 0.002217 2.813411 0.006238
метод 0.002217 1.714798 0.003802
метрового 0.002217 0.0 0.0
микропоры 0.002217 4.60517 0.010211
миллиона 0.002217 2.995732 0.006642
миллионов 0.002217 0.0 0.0
мире 0.002217 1.771957 0.003929
миру 0.002217 0.0 0.0
млн 0.002217 1.108663 0.002458
многоразовость 0.002217 4.60517 0.010211
многоразовыми 0.002217 4.60517 0.010211
многоразовых 0.002217 4.60517 0.010211
мобильные 0.002217 0.0 0.0
могут 0.002217 0.0 0.0
момент 0.002217 0.0 0.0
мониторы 0.002217 0.0 0.0
мотобрендов 0.002217 0.0 0.0
мотоциклов 0.002217 0.0 0.0
мс 0.002217 0.0 0.0
мультимедиа 0.002217 0.0 0.0
мэттьюс 0.002217 4.60517 0.010211
нагрев 0.002217 3.506558 0.007775
нагрева 0.002217 3.912023 0.008674
нагрузками 0.002217 4.60517 0.010211
нагрузки 0.002217 2.65926 0.005896
нажмите 0.002217 0.0 0.0
назвал 0.002217 0.0 0.0
названием 0.002217 0.0 0.0
наука 0.002217 1.966113 0.004359
национальной 0.002217 3.218876 0.007137
нашей 0.002217 0.0 0.0
наши 0.002217 0.0 0.0
нашли 0.002217 0.0 0.0
необходимость 0.002217 3.506558 0.007775
низкой 0.002217 2.995732 0.006642
новая 0.002217 3.218876 0.007137
новости 0.002217 0.0 0.0
новые 0.002217 0.0 0.0
новый 0.002217 0.0 0.0
новым 0.002217 1.714798 0.003802
носители 0.002217 0.0 0.0
ноутбуки 0.002217 0.0 0.0
нужны 0.002217 0.0 0.0
обеспечивает 0.002217 2.407946 0.005339
обеспечила 0.002217 3.506558 0.007775
обещает 0.002217 3.506558 0.007775
обзоры 0.002217 0.0 0.0
обработки 0.002217 0.0 0.0
образцы 0.002217 0.0 0.0
обшивка 0.002217 4.60517 0.010211
обшивки 0.002217 4.60517 0.010211
обшивку 0.002217 3.506558 0.007775
объявлена 0.002217 0.0 0.0
объясняет 0.002217 2.995732 0.006642
одноклассник 0.002217 0.0 0.0
одноразовых 0.002217 4.60517 0.010211
ожидаем 0.002217 3.912023 0.008674
определят 0.002217 4.60517 0.010211
оптимизировать 0.002217 3.218876 0.007137
орбите 0.002217 0.0 0.0
ос 0.002217 0.0 0.0
основе 0.002217 2.207275 0.004894
основу 0.002217 3.218876 0.007137
отдадут 0.002217 0.0 0.0
отечественного 0.002217 0.0 0.0
отказа 0.002217 0.0 0.0
отказались 0.002217 0.0 0.0
отключили 0.002217 0.0 0.0
отметил 0.002217 1.469676 0.003259
охлаждающий 0.002217 4.60517 0.010211
охлаждающим 0.002217 4.60517 0.010211
охлаждение 0.002217 4.60517 0.010211
охлаждения 0.002217 3.506558 0.007775
оценить 0.002217 3.912023 0.008674
очень 0.002217 0.0 0.0
ошибку 0.002217 0.0 0.0
переднего 0.002217 0.0 0.0
период 0.002217 0.0 0.0
периферия 0.002217 0.0 0.0
персональные 0.002217 0.0 0.0
персональных 0.002217 0.0 0.0
печатный 0.002217 4.60517 0.010211
пиар 0.002217 0.0 0.0
пк 0.002217 0.0 0.0
планируют 0.002217 2.813411 0.006238
планшеты 0.002217 0.0 0.0
платформа 0.002217 0.0 0.0
платформы 0.002217 2.407946 0.005339
плитки 0.002217 4.60517 0.010211
пн 0.002217 0.0 0.0
поведение 0.002217 3.218876 0.007137
поверхность 0.002217 3.912023 0.008674
повторным 0.002217 3.912023 0.008674
подвел 0.002217 0.0 0.0
подготовки 0.002217 3.218876 0.007137
подготовку 0.002217 4.60517 0.010211
поддержана 0.002217 4.60517 0.010211
поднял 0.002217 0.0 0.0
подробнее 0.002217 0.0 0.0
подход 0.002217 1.89712 0.004206
подчеркнула 0.002217 2.995732 0.006642
позволит 0.002217 2.65926 0.005896
позволяет 0.002217 1.832581 0.004063
поиск 0.002217 0.0 0.0
пока 0.002217 0.0 0.0
полезные 0.002217 0.0 0.0
полетам 0.002217 4.60517 0.010211
полетами 0.002217 4.60517 0.010211
полеты 0.002217 4.60517 0.010211
политика 0.002217 0.0 0.0
политикой 0.002217 0.0 0.0
полноприводными 0.002217 0.0 0.0
полноразмерных 0.002217 4.60517 0.010211
полётов 0.002217 0.0 0.0
попробовать 0.002217 0.0 0.0
популярная 0.002217 0.0 0.0
популярных 0.002217 0.0 0.0
пористость 0.002217 4.60517 0.010211
пористый 0.002217 4.60517 0.010211
посещать 0.002217 0.0 0.0
потеющей 0.002217 4.60517 0.010211
потеющую 0.002217 3.506558 0.007775
похоже 0.002217 2.813411 0.006238
правила 0.002217 0.0 0.0
прайс 0.002217 0.0 0.0
представлен 0.002217 0.0 0.0
прибавка 0.002217 0.0 0.0
привлёк 0.002217 3.218876 0.007137
привода 0.002217 0.0 0.0
принтеры 0.002217 0.0 0.0
приступили 0.002217 4.60517 0.010211
причины 0.002217 0.0 0.0
пробизнес 0.002217 0.0 0.0
проведения 0.002217 0.0 0.0
программы 0.002217 0.0 0.0
продавать 0.002217 0.0 0.0
продажи 0.002217 0.0 0.0
продолжая 0.002217 0.0 0.0
проект 0.002217 0.0 0.0
проектов 0.002217 0.0 0.0
проекторы 0.002217 0.0 0.0
проекты 0.002217 0.0 0.0
пролить 0.002217 0.0 0.0
пропускающего 0.002217 4.60517 0.010211
прототипы 0.002217 3.912023 0.008674
процессы 0.002217 0.0 0.0
прочность 0.002217 3.912023 0.008674
прочный 0.002217 4.60517 0.010211
пт 0.002217 0.0 0.0
пуховик 0.002217 3.506558 0.007775
работы 0.002217 0.0 0.0
развития 0.002217 2.407946 0.005339
разработала 0.002217 3.506558 0.007775
разработали 0.002217 2.813411 0.006238
разработкой 0.002217 3.912023 0.008674
разрушаются 0.002217 3.912023 0.008674
ракеты 0.002217 2.040221 0.004524
раунде 0.002217 3.506558 0.007775
реальные 0.002217 4.60517 0.010211
реальных 0.002217 0.0 0.0
результаты 0.002217 0.0 0.0
реклама 0.002217 0.0 0.0
ремонта 0.002217 4.60517 0.010211
решает 0.002217 0.0 0.0
россии 0.002217 0.0 0.0
россияне 0.002217 0.0 0.0
рублей 0.002217 0.0 0.0
руководитель 0.002217 2.813411 0.006238
руководящий 0.002217 4.60517 0.010211
рывок 0.002217 3.218876 0.007137
рынок 0.002217 0.0 0.0
саад 0.002217 4.60517 0.010211
сайте 0.002217 0.0 0.0
сайты 0.002217 0.0 0.0
самая 0.002217 0.0 0.0
самолётах 0.002217 0.0 0.0
самых 0.002217 0.0 0.0
сантиметров 0.002217 0.0 0.0
сб 0.002217 0.0 0.0
сбора 0.002217 0.0 0.0
свет 0.002217 0.0 0.0
своей 0.002217 0.0 0.0
связи 0.002217 0.0 0.0
связь 0.002217 0.0 0.0
сгенерировано 0.002217 2.65926 0.005896
сделав 0.002217 3.912023 0.008674
сделать 0.002217 3.912023 0.008674
сегодня 0.002217 0.0 0.0
серверы 0.002217 0.0 0.0
сервисы 0.002217 0.0 0.0
сертификацию 0.002217 0.0 0.0
сетей 0.002217 2.525729 0.0056
сети 0.002217 0.0 0.0
сильного 0.002217 4.60517 0.010211
система 0.002217 1.514128 0.003357
скоро 0.002217 0.0 0.0
сложности 0.002217 0.0 0.0
слой 0.002217 3.912023 0.008674
сможет 0.002217 2.995732 0.006642
снижает 0.002217 2.407946 0.005339
снова 0.002217 0.0 0.0
советский 0.002217 0.0 0.0
совместно 0.002217 3.218876 0.007137
современные 0.002217 2.302585 0.005106
соглашаетесь 0.002217 0.0 0.0
создавая 0.002217 3.912023 0.008674
создание 0.002217 2.525729 0.0056
сократить 0.002217 2.65926 0.005896
сочетающий 0.002217 4.60517 0.010211
спасти 0.002217 0.0 0.0
ср 0.002217 0.0 0.0
среда 0.002217 0.0 0.0
ссылки 0.002217 0.0 0.0
стал 0.002217 0.0 0.0
стандартом 0.002217 4.60517 0.010211
стартуют 0.002217 0.0 0.0
статистика 0.002217 0.0 0.0
стать 0.002217 0.0 0.0
статьи 0.002217 0.0 0.0
стендов 0.002217 4.60517 0.010211
стоимость 0.002217 0.0 0.0
структур 0.002217 1.660731 0.003682
сша 0.002217 0.0 0.0
тайконавты 0.002217 0.0 0.0
такие 0.002217 1.714798 0.003802
такими 0.002217 3.218876 0.007137
тв 0.002217 0.0 0.0
теги 0.002217 0.0 0.0
текст 0.002217 0.0 0.0
текущих 0.002217 3.912023 0.008674
тепловые 0.002217 4.60517 0.010211
тепловых 0.002217 3.912023 0.008674
теплоизоляцию 0.002217 4.60517 0.010211
теплопроводностью 0.002217 4.60517 0.010211
тестируют 0.002217 2.813411 0.006238
тестовых 0.002217 3.506558 0.007775
техасский 0.002217 4.60517 0.010211
техасского 0.002217 3.218876 0.007137
технический 0.002217 0.0 0.0
технологию 0.002217 2.995732 0.006642
технология 0.002217 2.302585 0.005106
ткань 0.002217 4.60517 0.010211
тонкий 0.002217 3.912023 0.008674
топ 0.002217 0.0 0.0
традиционные 0.002217 2.995732 0.006642
транспирационного 0.002217 4.60517 0.010211
транспирационное 0.002217 4.60517 0.010211
требующие 0.002217 3.506558 0.007775
трубах 0.002217 4.60517 0.010211
тыс 0.002217 0.0 0.0
тяжелых 0.002217 4.60517 0.010211
убережет 0.002217 4.60517 0.010211
убрали 0.002217 0.0 0.0
уильям 0.002217 4.60517 0.010211
улучшили 0.002217 4.60517 0.010211
университет 0.002217 2.040221 0.004524
университета 0.002217 2.120264 0.004701
упасть 0.002217 0.0 0.0
упрощая 0.002217 3.912023 0.008674
условия 0.002217 1.560648 0.00346
успешным 0.002217 2.995732 0.006642
устранить 0.002217 3.912023 0.008674
устраняя 0.002217 3.912023 0.008674
устройства 0.002217 0.0 0.0
ученые 0.002217 1.89712 0.004206
ученым 0.002217 0.0 0.0
файлы 0.002217 0.0 0.0
флагманского 0.002217 0.0 0.0
фото 0.002217 0.0 0.0
фундаментальные 0.002217 0.0 0.0
хассан 0.002217 4.60517 0.010211
хитом 0.002217 0.0 0.0
холоднее 0.002217 4.60517 0.010211
цены 0.002217 0.0 0.0
часов 0.002217 2.525729 0.0056
части 0.002217 0.0 0.0
частыми 0.002217 3.506558 0.007775
человека 0.002217 0.0 0.0
чт 0.002217 0.0 0.0
щитах 0.002217 4.60517 0.010211
щиты 0.002217 0.0 0.0
экономичными 0.002217 4.60517 0.010211
экспорт 0.002217 0.0 0.0
экстремального 0.002217 4.60517 0.010211
экстремальными 0.002217 4.60517 0.010211
эмбрионы 0.002217 0.0 0.0
эта 0.002217 1.514128 0.003357
южной 0.002217 0.0 0.0
