авиалайнера 0.002227 0.0 0.0
австралии 0.002227 0.0 0.0
автоваз 0.002227 0.0 0.0
автоматом 0.002227 0.0 0.0
автопроизводителя 0.002227 0.0 0.0
автор 0.002227 0.0 0.0
авторов 0.002227 4.60517 0.010257
авторы 0.002227 0.0 0.0
администрацией 0.002227 0.0 0.0
адрес 0.002227 0.0 0.0
американский 0.002227 2.813411 0.006266
америке 0.002227 0.0 0.0
аналитики 0.002227 0.0 0.0
архитектура 0.002227 3.218876 0.007169
астронавтов 0.002227 2.995732 0.006672
белка 0.002227 0.0 0.0
биологические 0.002227 0.0 0.0
биологических 0.002227 0.0 0.0
биологического 0.002227 4.60517 0.010257
биосфера 0.002227 3.506558 0.00781
ближнем 0.002227 0.0 0.0
блоги 0.002227 0.0 0.0
будут 0.002227 0.0 0.0
быстро 0.002227 0.0 0.0
важным 0.002227 2.995732 0.006672
весом 0.002227 0.0 0.0
видео 0.002227 0.0 0.0
видеокарты 0.002227 0.0 0.0
внедорожники 0.002227 0.0 0.0
внимание 0.002227 2.65926 0.005923
воды 0.002227 2.813411 0.006266
возможным 0.002227 3.218876 0.007169
войти 0.002227 0.0 0.0
вопросы 0.002227 2.525729 0.005625
востоке 0.002227 0.0 0.0
время 0.002227 1.427116 0.003178
вс 0.002227 0.0 0.0
всему 0.002227 0.0 0.0
вт 0.002227 0.0 0.0
входят 0.002227 0.0 0.0
выбранная 0.002227 4.60517 0.010257
выделили 0.002227 4.60517 0.010257
выделите 0.002227 0.0 0.0
выжить 0.002227 4.60517 0.010257
выходит 0.002227 0.0 0.0
выходы 0.002227 4.60517 0.010257
герметичном 0.002227 4.60517 0.010257
гипотетическая 0.002227 4.60517 0.010257
главную 0.002227 0.0 0.0
года 0.002227 0.0 0.0
годов 0.002227 2.813411 0.006266
году 0.002227 1.272966 0.002835
гонке 0.002227 2.65926 0.005923
данные 0.002227 0.0 0.0
данный 0.002227 0.0 0.0
данных 0.002227 0.0 0.0
двигатели 0.002227 0.0 0.0
двигатель 0.002227 0.0 0.0
двое 0.002227 2.813411 0.006266
двух 0.002227 0.0 0.0
дизайн 0.002227 0.0 0.0
директор 0.002227 0.0 0.0
дневного 0.002227 3.912023 0.008713
договору 0.002227 4.60517 0.010257
должны 0.002227 2.813411 0.006266
долларов 0.002227 0.0 0.0
дом 0.002227 0.0 0.0
допустимых 0.002227 4.60517 0.010257
доставили 0.002227 0.0 0.0
достигает 0.002227 0.0 0.0
дыхание 0.002227 4.60517 0.010257
ещё 0.002227 1.89712 0.004225
её 0.002227 1.203973 0.002681
живут 0.002227 4.60517 0.010257
жизнеобеспечения 0.002227 3.912023 0.008713
завершат 0.002227 0.0 0.0
загадка 0.002227 3.506558 0.00781
загрязнение 0.002227 4.60517 0.010257
загрязнения 0.002227 4.60517 0.010257
задачи 0.002227 2.407946 0.005363
занесения 0.002227 4.60517 0.010257
занесут 0.002227 4.60517 0.010257
запланированной 0.002227 3.912023 0.008713
заставляет 0.002227 2.813411 0.006266
защита 0.002227 3.218876 0.007169
защите 0.002227 3.506558 0.00781
защитить 0.002227 3.506558 0.00781
защиту 0.002227 3.506558 0.00781
защиты 0.002227 0.0 0.0
звезд 0.002227 2.813411 0.006266
звездных 0.002227 3.506558 0.00781
земле 0.002227 0.0 0.0
земли 0.002227 0.0 0.0
землю 0.002227 2.813411 0.006266
земных 0.002227 3.218876 0.007169
зонд 0.002227 0.0 0.0
зонда 0.002227 0.0 0.0
зоны 0.002227 2.995732 0.006672
игры 0.002227 0.0 0.0
идёт 0.002227 2.995732 0.006672
изоляции 0.002227 4.60517 0.010257
изучения 0.002227 3.218876 0.007169
иллюстрация 0.002227 2.120264 0.004722
инновационный 0.002227 0.0 0.0
инопланетных 0.002227 4.60517 0.010257
информации 0.002227 0.0 0.0
использование 0.002227 2.207275 0.004916
использования 0.002227 0.0 0.0
используя 0.002227 2.995732 0.006672
исследований 0.002227 0.0 0.0
исследования 0.002227 2.120264 0.004722
исследованиям 0.002227 3.912023 0.008713
исследователи 0.002227 2.302585 0.005128
исследовательский 0.002227 3.506558 0.00781
источник 0.002227 0.0 0.0
источники 0.002227 3.218876 0.007169
итогом 0.002227 4.60517 0.010257
каждый 0.002227 2.525729 0.005625
календарь 0.002227 0.0 0.0
категории 0.002227 0.0 0.0
кг 0.002227 0.0 0.0
километров 0.002227 0.0 0.0
китайский 0.002227 2.813411 0.006266
классическим 0.002227 0.0 0.0
клон 0.002227 0.0 0.0
ключевые 0.002227 3.912023 0.008713
ключевым 0.002227 2.525729 0.005625
кнр 0.002227 3.218876 0.007169
кожные 0.002227 4.60517 0.010257
комитета 0.002227 3.912023 0.008713
комментирования 0.002227 0.0 0.0
комплекс 0.002227 2.65926 0.005923
комфортный 0.002227 0.0 0.0
конец 0.002227 2.525729 0.005625
конкретизации 0.002227 4.60517 0.010257
конференция 0.002227 0.0 0.0
корее 0.002227 0.0 0.0
корпуса 0.002227 0.0 0.0
космическим 0.002227 2.995732 0.006672
космос 0.002227 0.0 0.0
космоса 0.002227 0.0 0.0
космосу 0.002227 4.60517 0.010257
которая 0.002227 1.560648 0.003476
красной 0.002227 4.60517 0.010257
кроссовера 0.002227 0.0 0.0
кроссоверы 0.002227 0.0 0.0
кубических 0.002227 0.0 0.0
куки 0.002227 0.0 0.0
летать 0.002227 0.0 0.0
лету 0.002227 0.0 0.0
листа 0.002227 0.0 0.0
люди 0.002227 4.60517 0.010257
мае 0.002227 0.0 0.0
май 0.002227 0.0 0.0
марка 0.002227 0.0 0.0
марс 0.002227 2.525729 0.005625
марса 0.002227 3.218876 0.007169
марсе 0.002227 4.60517 0.010257
марсианская 0.002227 3.506558 0.00781
массой 0.002227 3.506558 0.00781
масштабы 0.002227 3.912023 0.008713
материалов 0.002227 0.0 0.0
машину 0.002227 0.0 0.0
мая 0.002227 0.0 0.0
международное 0.002227 3.912023 0.008713
международные 0.002227 4.60517 0.010257
межпланетный 0.002227 0.0 0.0
менее 0.002227 2.207275 0.004916
меняет 0.002227 0.0 0.0
места 0.002227 2.813411 0.006266
методологии 0.002227 4.60517 0.010257
методы 0.002227 2.813411 0.006266
метрового 0.002227 0.0 0.0
микробиологического 0.002227 4.60517 0.010257
микробиологическое 0.002227 4.60517 0.010257
микробов 0.002227 3.506558 0.00781
микроорганизмов 0.002227 4.60517 0.010257
миллионов 0.002227 0.0 0.0
минимальном 0.002227 4.60517 0.010257
минимизировать 0.002227 3.506558 0.00781
миру 0.002227 0.0 0.0
миссии 0.002227 1.514128 0.003372
миссий 0.002227 2.407946 0.005363
миссия 0.002227 2.120264 0.004722
млечный 0.002227 3.218876 0.007169
мобильные 0.002227 0.0 0.0
могла 0.002227 2.995732 0.006672
могут 0.002227 0.0 0.0
модуля 0.002227 3.912023 0.008713
момент 0.002227 0.0 0.0
мониторы 0.002227 0.0 0.0
мотобрендов 0.002227 0.0 0.0
мотоциклов 0.002227 0.0 0.0
мс 0.002227 0.0 0.0
мультимедиа 0.002227 0.0 0.0
нажмите 0.002227 0.0 0.0
назвал 0.002227 0.0 0.0
названием 0.002227 0.0 0.0
наличием 0.002227 4.60517 0.010257
нарушит 0.002227 3.912023 0.008713
нашей 0.002227 0.0 0.0
наши 0.002227 0.0 0.0
нашли 0.002227 0.0 0.0
невозможно 0.002227 3.912023 0.008713
недостаточно 0.002227 3.506558 0.00781
неизбежно 0.002227 4.60517 0.010257
неизвестно 0.002227 3.506558 0.00781
новости 0.002227 0.0 0.0
новые 0.002227 0.0 0.0
новый 0.002227 0.0 0.0
носители 0.002227 0.0 0.0
ноутбуки 0.002227 0.0 0.0
нужны 0.002227 0.0 0.0
обеспечить 0.002227 3.218876 0.007169
обзоры 0.002227 0.0 0.0
обнаружили 0.002227 2.995732 0.006672
обновлённые 0.002227 3.506558 0.00781
оборудование 0.002227 3.506558 0.00781
обработки 0.002227 0.0 0.0
образный 0.002227 3.506558 0.00781
образцов 0.002227 2.813411 0.006266
образцы 0.002227 0.0 0.0
обратного 0.002227 4.60517 0.010257
общие 0.002227 3.912023 0.008713
объявлена 0.002227 0.0 0.0
обязаны 0.002227 4.60517 0.010257
одноклассник 0.002227 0.0 0.0
опережающий 0.002227 3.506558 0.00781
орбите 0.002227 0.0 0.0
орбиты 0.002227 2.65926 0.005923
ос 0.002227 0.0 0.0
основное 0.002227 4.60517 0.010257
основные 0.002227 3.506558 0.00781
остаются 0.002227 2.813411 0.006266
остаётся 0.002227 2.040221 0.004544
отдадут 0.002227 0.0 0.0
отечественного 0.002227 0.0 0.0
отказа 0.002227 0.0 0.0
отказались 0.002227 0.0 0.0
отключили 0.002227 0.0 0.0
открытый 0.002227 2.813411 0.006266
отходы 0.002227 3.506558 0.00781
отчёту 0.002227 4.60517 0.010257
оценивающих 0.002227 4.60517 0.010257
оценки 0.002227 3.218876 0.007169
очень 0.002227 0.0 0.0
ошибку 0.002227 0.0 0.0
партнёры 0.002227 3.218876 0.007169
первой 0.002227 2.995732 0.006672
переднего 0.002227 0.0 0.0
пересмотреть 0.002227 2.813411 0.006266
период 0.002227 0.0 0.0
периферия 0.002227 0.0 0.0
персональные 0.002227 0.0 0.0
персональных 0.002227 0.0 0.0
пиар 0.002227 0.0 0.0
пилотируемая 0.002227 4.60517 0.010257
пилотируемой 0.002227 3.912023 0.008713
пилотируемых 0.002227 3.912023 0.008713
пк 0.002227 0.0 0.0
план 0.002227 0.0 0.0
планетарная 0.002227 4.60517 0.010257
планетарную 0.002227 4.60517 0.010257
планеты 0.002227 2.302585 0.005128
планшеты 0.002227 0.0 0.0
платформа 0.002227 0.0 0.0
пн 0.002227 0.0 0.0
поверхности 0.002227 3.218876 0.007169
подвел 0.002227 0.0 0.0
поднял 0.002227 0.0 0.0
подробнее 0.002227 0.0 0.0
подчёркивают 0.002227 2.995732 0.006672
поиск 0.002227 0.0 0.0
поиска 0.002227 2.813411 0.006266
пока 0.002227 0.0 0.0
покидающих 0.002227 3.506558 0.00781
полезные 0.002227 0.0 0.0
политика 0.002227 0.0 0.0
политикой 0.002227 0.0 0.0
полной 0.002227 2.65926 0.005923
полноприводными 0.002227 0.0 0.0
полётов 0.002227 0.0 0.0
помогут 0.002227 2.813411 0.006266
понять 0.002227 3.506558 0.00781
попробовать 0.002227 0.0 0.0
популярная 0.002227 0.0 0.0
популярных 0.002227 0.0 0.0
посадочных 0.002227 3.506558 0.00781
посещать 0.002227 0.0 0.0
потенциальные 0.002227 3.912023 0.008713
потенциальных 0.002227 3.912023 0.008713
почему 0.002227 3.506558 0.00781
пояснил 0.002227 2.040221 0.004544
правил 0.002227 0.0 0.0
правила 0.002227 0.0 0.0
прайс 0.002227 0.0 0.0
пребывания 0.002227 3.912023 0.008713
предварительной 0.002227 4.60517 0.010257
преддверии 0.002227 4.60517 0.010257
пределов 0.002227 4.60517 0.010257
предложенной 0.002227 4.60517 0.010257
предотвращением 0.002227 4.60517 0.010257
представлен 0.002227 0.0 0.0
прибавка 0.002227 0.0 0.0
привода 0.002227 0.0 0.0
принтеры 0.002227 0.0 0.0
принципы 0.002227 3.506558 0.00781
присутствии 0.002227 4.60517 0.010257
причины 0.002227 0.0 0.0
пробизнес 0.002227 0.0 0.0
проведения 0.002227 0.0 0.0
провело 0.002227 4.60517 0.010257
программы 0.002227 0.0 0.0
продавать 0.002227 0.0 0.0
продажи 0.002227 0.0 0.0
продолжая 0.002227 0.0 0.0
проектов 0.002227 0.0 0.0
проекторы 0.002227 0.0 0.0
проекты 0.002227 0.0 0.0
происходит 0.002227 2.995732 0.006672
пролить 0.002227 0.0 0.0
прорыв 0.002227 1.714798 0.003819
протоколы 0.002227 3.912023 0.008713
процессы 0.002227 0.0 0.0
пт 0.002227 0.0 0.0
путь 0.002227 2.120264 0.004722
работу 0.002227 2.525729 0.005625
работы 0.002227 0.0 0.0
разведки 0.002227 4.60517 0.010257
разделяется 0.002227 4.60517 0.010257
разработка 0.002227 3.218876 0.007169
районы 0.002227 3.912023 0.008713
рамками 0.002227 4.60517 0.010257
рамках 0.002227 2.302585 0.005128
рассчитали 0.002227 4.60517 0.010257
реальных 0.002227 0.0 0.0
результаты 0.002227 0.0 0.0
реклама 0.002227 0.0 0.0
рекомендации 0.002227 4.60517 0.010257
речь 0.002227 3.506558 0.00781
решает 0.002227 0.0 0.0
решения 0.002227 2.040221 0.004544
риска 0.002227 2.813411 0.006266
риски 0.002227 3.218876 0.007169
роботов 0.002227 2.995732 0.006672
ровере 0.002227 3.912023 0.008713
россии 0.002227 0.0 0.0
россияне 0.002227 0.0 0.0
рублей 0.002227 0.0 0.0
рынок 0.002227 0.0 0.0
сайте 0.002227 0.0 0.0
сайты 0.002227 0.0 0.0
самая 0.002227 0.0 0.0
самолётах 0.002227 0.0 0.0
самых 0.002227 0.0 0.0
сантиметров 0.002227 0.0 0.0
сб 0.002227 0.0 0.0
сбора 0.002227 0.0 0.0
свет 0.002227 0.0 0.0
своей 0.002227 0.0 0.0
связи 0.002227 0.0 0.0
связь 0.002227 0.0 0.0
сегодня 0.002227 0.0 0.0
семей 0.002227 2.995732 0.006672
серверы 0.002227 0.0 0.0
сервисы 0.002227 0.0 0.0
серию 0.002227 3.912023 0.008713
сертификацию 0.002227 0.0 0.0
сети 0.002227 0.0 0.0
системы 0.002227 1.469676 0.003273
скоро 0.002227 0.0 0.0
слабые 0.002227 3.506558 0.00781
сложности 0.002227 0.0 0.0
снизить 0.002227 3.218876 0.007169
снова 0.002227 0.0 0.0
советский 0.002227 0.0 0.0
совместно 0.002227 3.218876 0.007169
согласованных 0.002227 4.60517 0.010257
соглашаетесь 0.002227 0.0 0.0
содержат 0.002227 3.912023 0.008713
сотрудничество 0.002227 2.65926 0.005923
спасти 0.002227 0.0 0.0
ср 0.002227 0.0 0.0
среда 0.002227 0.0 0.0
ссылки 0.002227 0.0 0.0
стал 0.002227 0.0 0.0
стала 0.002227 2.995732 0.006672
стандартов 0.002227 3.218876 0.007169
стартуют 0.002227 0.0 0.0
статистика 0.002227 0.0 0.0
статьи 0.002227 0.0 0.0
стерильности 0.002227 4.60517 0.010257
стоимость 0.002227 0.0 0.0
строгие 0.002227 3.912023 0.008713
строит 0.002227 2.813411 0.006266
схеме 0.002227 4.60517 0.010257
сценариев 0.002227 3.506558 0.00781
сша 0.002227 0.0 0.0
тайконавты 0.002227 0.0 0.0
тв 0.002227 0.0 0.0
теги 0.002227 0.0 0.0
текст 0.002227 0.0 0.0
текущие 0.002227 3.912023 0.008713
текущих 0.002227 3.912023 0.008713
термоядерной 0.002227 3.218876 0.007169
термоядерный 0.002227 3.218876 0.007169
технический 0.002227 0.0 0.0
тонн 0.002227 3.506558 0.00781
топ 0.002227 0.0 0.0
требует 0.002227 2.302585 0.005128
тыс 0.002227 0.0 0.0
тысячи 0.002227 3.912023 0.008713
убрали 0.002227 0.0 0.0
угроз 0.002227 2.207275 0.004916
угрозой 0.002227 2.65926 0.005923
удастся 0.002227 3.506558 0.00781
уделяется 0.002227 4.60517 0.010257
упасть 0.002227 0.0 0.0
уровень 0.002227 3.506558 0.00781
усиливают 0.002227 3.912023 0.008713
усовершенствованные 0.002227 4.60517 0.010257
устройства 0.002227 0.0 0.0
утверждён 0.002227 4.60517 0.010257
ученые 0.002227 1.89712 0.004225
ученым 0.002227 0.0 0.0
учёные 0.002227 1.966113 0.004379
файлы 0.002227 0.0 0.0
фактором 0.002227 3.912023 0.008713
фильтрации 0.002227 4.60517 0.010257
финальный 0.002227 3.912023 0.008713
флагманского 0.002227 0.0 0.0
фото 0.002227 0.0 0.0
фундаментальные 0.002227 0.0 0.0
хаотично 0.002227 3.506558 0.00781
хитом 0.002227 0.0 0.0
цены 0.002227 0.0 0.0
части 0.002227 0.0 0.0
частицы 0.002227 3.506558 0.00781
человек 0.002227 0.0 0.0
человека 0.002227 0.0 0.0
четырёх 0.002227 2.813411 0.006266
чт 0.002227 0.0 0.0
экипаж 0.002227 3.218876 0.007169
экосистемы 0.002227 3.506558 0.00781
эксперты 0.002227 2.813411 0.006266
экспорт 0.002227 0.0 0.0
эмбрионы 0.002227 0.0 0.0
южной 0.002227 0.0 0.0
ясно 0.002227 3.506558 0.00781
