авиалайнера 0.00271 0.0 0.0
австралии 0.00271 0.0 0.0
автоваз 0.00271 0.0 0.0
автоматом 0.00271 0.0 0.0
автопроизводителя 0.00271 0.0 0.0
автор 0.00271 0.0 0.0
авторы 0.00271 0.0 0.0
адаптации 0.00271 4.60517 0.01248
администрацией 0.00271 0.0 0.0
адрес 0.00271 0.0 0.0
американский 0.00271 2.813411 0.007624
америке 0.00271 0.0 0.0
аналитики 0.00271 0.0 0.0
аппарат 0.00271 1.660731 0.004501
аппаратов 0.00271 2.525729 0.006845
апреля 0.00271 1.966113 0.005328
базирующаяся 0.00271 4.60517 0.01248
белка 0.00271 0.0 0.0
биологические 0.00271 0.0 0.0
биологических 0.00271 0.0 0.0
ближнем 0.00271 0.0 0.0
блоги 0.00271 0.0 0.0
будут 0.00271 0.0 0.0
быстро 0.00271 0.0 0.0
важным 0.00271 2.995732 0.008119
ввс 0.00271 3.218876 0.008723
весом 0.00271 0.0 0.0
вещества 0.00271 4.60517 0.01248
видео 0.00271 0.0 0.0
видеокарты 0.00271 0.0 0.0
включает 0.00271 2.525729 0.006845
внедорожники 0.00271 0.0 0.0
водорода 0.00271 3.912023 0.010602
войти 0.00271 0.0 0.0
востоке 0.00271 0.0 0.0
вс 0.00271 0.0 0.0
вселенной 0.00271 2.813411 0.007624
всему 0.00271 0.0 0.0
вт 0.00271 0.0 0.0
входят 0.00271 0.0 0.0
выделите 0.00271 0.0 0.0
высокопроизводительный 0.00271 4.60517 0.01248
высокую 0.00271 3.218876 0.008723
выходит 0.00271 0.0 0.0
гиперзвукового 0.00271 3.506558 0.009503
гиперзвуковые 0.00271 2.995732 0.008119
гиперзвуковых 0.00271 2.995732 0.008119
главную 0.00271 0.0 0.0
года 0.00271 0.0 0.0
году 0.00271 1.272966 0.00345
готовность 0.00271 3.506558 0.009503
данные 0.00271 0.0 0.0
данный 0.00271 0.0 0.0
данных 0.00271 0.0 0.0
двигателей 0.00271 2.525729 0.006845
двигателем 0.00271 3.218876 0.008723
двигатели 0.00271 0.0 0.0
двигатель 0.00271 0.0 0.0
двигателю 0.00271 4.60517 0.01248
двигателя 0.00271 1.89712 0.005141
двух 0.00271 0.0 0.0
делает 0.00271 2.302585 0.00624
дизайн 0.00271 0.0 0.0
директор 0.00271 0.0 0.0
долларов 0.00271 0.0 0.0
дом 0.00271 0.0 0.0
доставили 0.00271 0.0 0.0
достигает 0.00271 0.0 0.0
доступ 0.00271 1.347074 0.003651
её 0.00271 1.203973 0.003263
жидкого 0.00271 3.506558 0.009503
жидкое 0.00271 3.912023 0.010602
жидком 0.00271 4.60517 0.01248
завершат 0.00271 0.0 0.0
завершила 0.00271 2.65926 0.007207
запускаться 0.00271 4.60517 0.01248
запуску 0.00271 2.995732 0.008119
защиты 0.00271 0.0 0.0
земле 0.00271 0.0 0.0
земли 0.00271 0.0 0.0
зонд 0.00271 0.0 0.0
зонда 0.00271 0.0 0.0
игры 0.00271 0.0 0.0
известная 0.00271 3.912023 0.010602
инновационный 0.00271 0.0 0.0
интеграцию 0.00271 2.813411 0.007624
информации 0.00271 0.0 0.0
инфраструктуры 0.00271 3.506558 0.009503
использования 0.00271 0.0 0.0
использующий 0.00271 3.912023 0.010602
испытаний 0.00271 2.65926 0.007207
испытания 0.00271 2.302585 0.00624
испытательный 0.00271 4.60517 0.01248
исследований 0.00271 0.0 0.0
исследовательской 0.00271 3.506558 0.009503
источник 0.00271 0.0 0.0
календарь 0.00271 0.0 0.0
карты 0.00271 0.0 0.0
категории 0.00271 0.0 0.0
кг 0.00271 0.0 0.0
керосин 0.00271 4.60517 0.01248
километров 0.00271 0.0 0.0
кислорода 0.00271 3.506558 0.009503
кислороде 0.00271 4.60517 0.01248
классическим 0.00271 0.0 0.0
клон 0.00271 0.0 0.0
кн 0.00271 1.309333 0.003548
колорадо 0.00271 3.506558 0.009503
комментирования 0.00271 0.0 0.0
комнатной 0.00271 3.912023 0.010602
компактностью 0.00271 4.60517 0.01248
компания 0.00271 0.820981 0.002225
компоненты 0.00271 2.995732 0.008119
комфортный 0.00271 0.0 0.0
контракт 0.00271 3.506558 0.009503
конференция 0.00271 0.0 0.0
концу 0.00271 3.218876 0.008723
корее 0.00271 0.0 0.0
корпораций 0.00271 3.912023 0.010602
корпуса 0.00271 0.0 0.0
космический 0.00271 2.302585 0.00624
космос 0.00271 0.0 0.0
космоса 0.00271 0.0 0.0
кроссовера 0.00271 0.0 0.0
кроссоверы 0.00271 0.0 0.0
крупных 0.00271 2.995732 0.008119
кубических 0.00271 0.0 0.0
куки 0.00271 0.0 0.0
лабораторией 0.00271 3.912023 0.010602
легендарная 0.00271 3.506558 0.009503
летать 0.00271 0.0 0.0
лету 0.00271 0.0 0.0
листа 0.00271 0.0 0.0
лётные 0.00271 3.506558 0.009503
лётных 0.00271 3.912023 0.010602
мае 0.00271 0.0 0.0
май 0.00271 0.0 0.0
марка 0.00271 0.0 0.0
материалов 0.00271 0.0 0.0
машину 0.00271 0.0 0.0
мая 0.00271 0.0 0.0
межпланетный 0.00271 0.0 0.0
меняет 0.00271 0.0 0.0
метрового 0.00271 0.0 0.0
миллионов 0.00271 0.0 0.0
минуты 0.00271 2.995732 0.008119
миру 0.00271 0.0 0.0
млн 0.00271 1.108663 0.003005
мобильные 0.00271 0.0 0.0
могут 0.00271 0.0 0.0
модель 0.00271 1.469676 0.003983
момент 0.00271 0.0 0.0
мониторы 0.00271 0.0 0.0
мотобрендов 0.00271 0.0 0.0
мотоциклов 0.00271 0.0 0.0
мс 0.00271 0.0 0.0
мультимедиа 0.00271 0.0 0.0
нажмите 0.00271 0.0 0.0
назвал 0.00271 0.0 0.0
названием 0.00271 0.0 0.0
наземные 0.00271 3.912023 0.010602
начала 0.00271 2.302585 0.00624
нашей 0.00271 0.0 0.0
наши 0.00271 0.0 0.0
нашли 0.00271 0.0 0.0
независимого 0.00271 4.60517 0.01248
некриогенные 0.00271 4.60517 0.01248
новости 0.00271 0.0 0.0
новые 0.00271 0.0 0.0
новый 0.00271 0.0 0.0
носители 0.00271 0.0 0.0
ноутбуки 0.00271 0.0 0.0
нужды 0.00271 4.60517 0.01248
нужны 0.00271 0.0 0.0
обзоры 0.00271 0.0 0.0
обработки 0.00271 0.0 0.0
образцы 0.00271 0.0 0.0
объявлена 0.00271 0.0 0.0
одноклассник 0.00271 0.0 0.0
ожидаются 0.00271 3.912023 0.010602
оперативные 0.00271 4.60517 0.01248
орбите 0.00271 0.0 0.0
ос 0.00271 0.0 0.0
особенность 0.00271 3.506558 0.009503
отдадут 0.00271 0.0 0.0
отечественного 0.00271 0.0 0.0
отказа 0.00271 0.0 0.0
отказались 0.00271 0.0 0.0
отключили 0.00271 0.0 0.0
отличие 0.00271 2.207275 0.005982
охлаждения 0.00271 3.506558 0.009503
очень 0.00271 0.0 0.0
ошибку 0.00271 0.0 0.0
первых 0.00271 2.995732 0.008119
переднего 0.00271 0.0 0.0
перекись 0.00271 4.60517 0.01248
период 0.00271 0.0 0.0
периферия 0.00271 0.0 0.0
персональные 0.00271 0.0 0.0
персональных 0.00271 0.0 0.0
перспективным 0.00271 3.912023 0.010602
пиар 0.00271 0.0 0.0
пк 0.00271 0.0 0.0
планшеты 0.00271 0.0 0.0
платформ 0.00271 0.0 0.0
платформа 0.00271 0.0 0.0
пн 0.00271 0.0 0.0
подвел 0.00271 0.0 0.0
поддержке 0.00271 3.506558 0.009503
поднял 0.00271 0.0 0.0
подписал 0.00271 3.506558 0.009503
подробнее 0.00271 0.0 0.0
подтвердит 0.00271 3.506558 0.009503
позволяет 0.00271 1.832581 0.004966
позиционирует 0.00271 3.912023 0.010602
поиск 0.00271 0.0 0.0
пока 0.00271 0.0 0.0
полезные 0.00271 0.0 0.0
политика 0.00271 0.0 0.0
политикой 0.00271 0.0 0.0
полной 0.00271 2.65926 0.007207
полноприводными 0.00271 0.0 0.0
получат 0.00271 3.218876 0.008723
получила 0.00271 2.407946 0.006526
полётов 0.00271 0.0 0.0
попробовать 0.00271 0.0 0.0
популярная 0.00271 0.0 0.0
популярных 0.00271 0.0 0.0
посещать 0.00271 0.0 0.0
поставщика 0.00271 3.912023 0.010602
правила 0.00271 0.0 0.0
прайс 0.00271 0.0 0.0
представлен 0.00271 0.0 0.0
представляет 0.00271 2.813411 0.007624
прибавка 0.00271 0.0 0.0
привода 0.00271 0.0 0.0
принтеры 0.00271 0.0 0.0
приступил 0.00271 3.218876 0.008723
причины 0.00271 0.0 0.0
пробизнес 0.00271 0.0 0.0
проведения 0.00271 0.0 0.0
программы 0.00271 0.0 0.0
продавать 0.00271 0.0 0.0
продажи 0.00271 0.0 0.0
продолжая 0.00271 0.0 0.0
проект 0.00271 0.0 0.0
проектов 0.00271 0.0 0.0
проекторы 0.00271 0.0 0.0
проекты 0.00271 0.0 0.0
производством 0.00271 4.60517 0.01248
пролить 0.00271 0.0 0.0
процессы 0.00271 0.0 0.0
пт 0.00271 0.0 0.0
работы 0.00271 0.0 0.0
разработанного 0.00271 3.912023 0.010602
разработку 0.00271 2.995732 0.008119
ракет 0.00271 1.560648 0.004229
рассчитанный 0.00271 4.60517 0.01248
расчётные 0.00271 4.60517 0.01248
реальных 0.00271 0.0 0.0
результаты 0.00271 0.0 0.0
реклама 0.00271 0.0 0.0
решает 0.00271 0.0 0.0
решением 0.00271 2.813411 0.007624
решениях 0.00271 4.60517 0.01248
россии 0.00271 0.0 0.0
россияне 0.00271 0.0 0.0
рублей 0.00271 0.0 0.0
рынок 0.00271 0.0 0.0
сайте 0.00271 0.0 0.0
сайты 0.00271 0.0 0.0
самая 0.00271 0.0 0.0
самой 0.00271 2.525729 0.006845
самолётах 0.00271 0.0 0.0
самых 0.00271 0.0 0.0
сантиметров 0.00271 0.0 0.0
сб 0.00271 0.0 0.0
сбора 0.00271 0.0 0.0
сверхнизких 0.00271 4.60517 0.01248
свет 0.00271 0.0 0.0
своей 0.00271 0.0 0.0
связи 0.00271 0.0 0.0
связь 0.00271 0.0 0.0
сегодня 0.00271 0.0 0.0
серверы 0.00271 0.0 0.0
сервисы 0.00271 0.0 0.0
сертификацию 0.00271 0.0 0.0
сети 0.00271 0.0 0.0
силовой 0.00271 3.506558 0.009503
силовых 0.00271 3.912023 0.010602
системами 0.00271 2.813411 0.007624
скоро 0.00271 0.0 0.0
сложной 0.00271 3.506558 0.009503
сложности 0.00271 0.0 0.0
сможет 0.00271 2.995732 0.008119
снова 0.00271 0.0 0.0
собой 0.00271 3.218876 0.008723
советский 0.00271 0.0 0.0
совмещающих 0.00271 4.60517 0.01248
соглашаетесь 0.00271 0.0 0.0
созданию 0.00271 2.525729 0.006845
созданный 0.00271 3.218876 0.008723
сосредоточиться 0.00271 3.912023 0.010602
состояние 0.00271 3.506558 0.009503
сохраняют 0.00271 4.60517 0.01248
сочетающему 0.00271 4.60517 0.01248
спасти 0.00271 0.0 0.0
специализированных 0.00271 3.912023 0.010602
ср 0.00271 0.0 0.0
сравнению 0.00271 3.506558 0.009503
среда 0.00271 0.0 0.0
ссылки 0.00271 0.0 0.0
стабильные 0.00271 4.60517 0.01248
стал 0.00271 0.0 0.0
станут 0.00271 2.65926 0.007207
стартап 0.00271 2.995732 0.008119
стартапу 0.00271 4.60517 0.01248
стартуют 0.00271 0.0 0.0
статистика 0.00271 0.0 0.0
статьи 0.00271 0.0 0.0
стоимость 0.00271 0.0 0.0
сша 0.00271 0.0 0.0
тайконавты 0.00271 0.0 0.0
такая 0.00271 3.506558 0.009503
тв 0.00271 0.0 0.0
теги 0.00271 0.0 0.0
текст 0.00271 0.0 0.0
телескоп 0.00271 2.813411 0.007624
температур 0.00271 2.525729 0.006845
температуре 0.00271 3.506558 0.009503
тестирование 0.00271 2.995732 0.008119
тестов 0.00271 2.65926 0.007207
тестовых 0.00271 3.506558 0.009503
технический 0.00271 0.0 0.0
технологий 0.00271 1.771957 0.004802
топ 0.00271 0.0 0.0
требуют 0.00271 2.65926 0.007207
требующими 0.00271 4.60517 0.01248
тыс 0.00271 0.0 0.0
тягой 0.00271 4.60517 0.01248
убрали 0.00271 0.0 0.0
упасть 0.00271 0.0 0.0
упрощает 0.00271 3.912023 0.010602
условиях 0.00271 1.771957 0.004802
установки 0.00271 3.912023 0.010602
установок 0.00271 2.995732 0.008119
устройства 0.00271 0.0 0.0
ученым 0.00271 0.0 0.0
ушла 0.00271 3.218876 0.008723
файлы 0.00271 0.0 0.0
финансовой 0.00271 4.60517 0.01248
флагманского 0.00271 0.0 0.0
фото 0.00271 0.0 0.0
фундаментальные 0.00271 0.0 0.0
характеристики 0.00271 2.995732 0.008119
хитом 0.00271 0.0 0.0
хранение 0.00271 3.506558 0.009503
целых 0.00271 4.60517 0.01248
цены 0.00271 0.0 0.0
части 0.00271 0.0 0.0
человека 0.00271 0.0 0.0
чт 0.00271 0.0 0.0
штате 0.00271 4.60517 0.01248
эксплуатацию 0.00271 3.912023 0.010602
экспорт 0.00271 0.0 0.0
эмбрионы 0.00271 0.0 0.0
эру 0.00271 2.525729 0.006845
этапом 0.00271 3.506558 0.009503
южной 0.00271 0.0 0.0
