авиалайнера 0.002358 0.0 0.0
австралии 0.002358 0.0 0.0
автоваз 0.002358 0.0 0.0
автоматом 0.002358 0.0 0.0
автопроизводителя 0.002358 0.0 0.0
автор 0.002358 0.0 0.0
авторы 0.002358 0.0 0.0
администрацией 0.002358 0.0 0.0
адрес 0.002358 0.0 0.0
акций 0.002358 3.218876 0.007592
алгоритм 0.002358 2.65926 0.006272
алгоритмов 0.002358 4.60517 0.010861
америке 0.002358 0.0 0.0
аналитики 0.002358 0.0 0.0
белка 0.002358 0.0 0.0
биологические 0.002358 0.0 0.0
биологических 0.002358 0.0 0.0
ближнем 0.002358 0.0 0.0
близкие 0.002358 4.60517 0.010861
близких 0.002358 4.60517 0.010861
блоги 0.002358 0.0 0.0
будут 0.002358 0.0 0.0
быстро 0.002358 0.0 0.0
быстрые 0.002358 4.60517 0.010861
важны 0.002358 2.813411 0.006635
весом 0.002358 0.0 0.0
взаимодействием 0.002358 4.60517 0.010861
вид 0.002358 0.0 0.0
видео 0.002358 0.0 0.0
видеокарты 0.002358 0.0 0.0
включающий 0.002358 4.60517 0.010861
внедорожники 0.002358 0.0 0.0
внедрила 0.002358 4.60517 0.010861
войти 0.002358 0.0 0.0
востоке 0.002358 0.0 0.0
вс 0.002358 0.0 0.0
всему 0.002358 0.0 0.0
вт 0.002358 0.0 0.0
входят 0.002358 0.0 0.0
выбора 0.002358 3.912023 0.009226
выборке 0.002358 4.60517 0.010861
выделите 0.002358 0.0 0.0
выйти 0.002358 3.218876 0.007592
высокоточной 0.002358 4.60517 0.010861
выходит 0.002358 0.0 0.0
вычислений 0.002358 3.218876 0.007592
вычисления 0.002358 3.912023 0.009226
гибридный 0.002358 3.218876 0.007592
главной 0.002358 3.506558 0.00827
главную 0.002358 0.0 0.0
говорит 0.002358 3.218876 0.007592
года 0.002358 0.0 0.0
готов 0.002358 1.237874 0.00292
гуманоидными 0.002358 3.506558 0.00827
даниэля 0.002358 4.60517 0.010861
данные 0.002358 0.0 0.0
данный 0.002358 0.0 0.0
данных 0.002358 0.0 0.0
двигатели 0.002358 0.0 0.0
двигатель 0.002358 0.0 0.0
двумерных 0.002358 4.60517 0.010861
двух 0.002358 0.0 0.0
дизайн 0.002358 0.0 0.0
директор 0.002358 0.0 0.0
доказательство 0.002358 4.60517 0.010861
долларов 0.002358 0.0 0.0
дом 0.002358 0.0 0.0
доставили 0.002358 0.0 0.0
доставки 0.002358 3.506558 0.00827
достаточно 0.002358 2.525729 0.005957
достигает 0.002358 0.0 0.0
завершат 0.002358 0.0 0.0
задач 0.002358 1.609438 0.003796
задачах 0.002358 3.912023 0.009226
задачи 0.002358 2.407946 0.005679
защиты 0.002358 0.0 0.0
земле 0.002358 0.0 0.0
земли 0.002358 0.0 0.0
зонд 0.002358 0.0 0.0
зонда 0.002358 0.0 0.0
зоны 0.002358 2.995732 0.007065
игры 0.002358 0.0 0.0
идеала 0.002358 4.60517 0.010861
идеально 0.002358 3.218876 0.007592
изображение 0.002358 1.514128 0.003571
изоэнергетическими 0.002358 4.60517 0.010861
инвестиционных 0.002358 4.60517 0.010861
индекс 0.002358 4.60517 0.010861
инновационный 0.002358 0.0 0.0
институте 0.002358 3.506558 0.00827
информации 0.002358 0.0 0.0
информационных 0.002358 4.60517 0.010861
использования 0.002358 0.0 0.0
использующий 0.002358 3.912023 0.009226
используя 0.002358 2.995732 0.007065
исследований 0.002358 0.0 0.0
исследования 0.002358 2.120264 0.005001
исследователи 0.002358 2.302585 0.005431
исследовать 0.002358 3.218876 0.007592
источник 0.002358 0.0 0.0
ищет 0.002358 3.912023 0.009226
кадровый 0.002358 3.506558 0.00827
календарь 0.002358 0.0 0.0
калифорнии 0.002358 2.65926 0.006272
категории 0.002358 0.0 0.0
квантового 0.002358 3.912023 0.009226
квантовое 0.002358 4.60517 0.010861
квантовой 0.002358 3.912023 0.009226
квантовом 0.002358 4.60517 0.010861
квантовые 0.002358 3.218876 0.007592
квантовый 0.002358 3.506558 0.00827
квантовых 0.002358 3.912023 0.009226
кг 0.002358 0.0 0.0
километров 0.002358 0.0 0.0
классический 0.002358 4.60517 0.010861
классическим 0.002358 0.0 0.0
классическими 0.002358 4.60517 0.010861
кластерными 0.002358 4.60517 0.010861
клон 0.002358 0.0 0.0
код 0.002358 2.207275 0.005206
команда 0.002358 2.120264 0.005001
комментирования 0.002358 0.0 0.0
компьютер 0.002358 2.207275 0.005206
компьютера 0.002358 3.912023 0.009226
компьютеров 0.002358 3.912023 0.009226
комфортный 0.002358 0.0 0.0
конференция 0.002358 0.0 0.0
корее 0.002358 0.0 0.0
корпуса 0.002358 0.0 0.0
коррекции 0.002358 3.912023 0.009226
космос 0.002358 0.0 0.0
космоса 0.002358 0.0 0.0
которые 0.002358 1.309333 0.003088
который 0.002358 1.386294 0.00327
кризис 0.002358 3.218876 0.007592
кроссовера 0.002358 0.0 0.0
кроссоверы 0.002358 0.0 0.0
кубитами 0.002358 4.60517 0.010861
кубитов 0.002358 4.60517 0.010861
кубических 0.002358 0.0 0.0
куки 0.002358 0.0 0.0
летать 0.002358 0.0 0.0
лету 0.002358 0.0 0.0
лидар 0.002358 3.912023 0.009226
лидара 0.002358 3.912023 0.009226
листа 0.002358 0.0 0.0
логистике 0.002358 3.506558 0.00827
логических 0.002358 0.0 0.0
лучшим 0.002358 3.912023 0.009226
людей 0.002358 2.302585 0.005431
мае 0.002358 0.0 0.0
май 0.002358 0.0 0.0
марка 0.002358 0.0 0.0
маршруты 0.002358 3.912023 0.009226
масштабируемого 0.002358 4.60517 0.010861
масштабируемое 0.002358 4.60517 0.010861
материалов 0.002358 0.0 0.0
машину 0.002358 0.0 0.0
мая 0.002358 0.0 0.0
межпланетный 0.002358 0.0 0.0
менее 0.002358 2.207275 0.005206
меняет 0.002358 0.0 0.0
метод 0.002358 1.714798 0.004044
методов 0.002358 3.912023 0.009226
метрового 0.002358 0.0 0.0
миллионов 0.002358 0.0 0.0
мире 0.002358 1.771957 0.004179
миру 0.002358 0.0 0.0
многомерные 0.002358 4.60517 0.010861
мобильные 0.002358 0.0 0.0
могут 0.002358 0.0 0.0
моделирование 0.002358 3.218876 0.007592
моделях 0.002358 4.60517 0.010861
момент 0.002358 0.0 0.0
мониторы 0.002358 0.0 0.0
мотобрендов 0.002358 0.0 0.0
мотоциклов 0.002358 0.0 0.0
мс 0.002358 0.0 0.0
мультимедиа 0.002358 0.0 0.0
нажмите 0.002358 0.0 0.0
назвал 0.002358 0.0 0.0
названием 0.002358 0.0 0.0
наук 0.002358 1.89712 0.004474
наука 0.002358 1.966113 0.004637
науке 0.002358 4.60517 0.010861
начинаем 0.002358 4.60517 0.010861
нашей 0.002358 0.0 0.0
наши 0.002358 0.0 0.0
нашли 0.002358 0.0 0.0
недоступные 0.002358 4.60517 0.010861
низкоэнергетические 0.002358 4.60517 0.010861
низкоэнергетических 0.002358 4.60517 0.010861
новости 0.002358 0.0 0.0
новые 0.002358 0.0 0.0
новый 0.002358 0.0 0.0
носители 0.002358 0.0 0.0
ноутбуки 0.002358 0.0 0.0
нужны 0.002358 0.0 0.0
обеспечило 0.002358 4.60517 0.010861
обещают 0.002358 4.60517 0.010861
обзоры 0.002358 0.0 0.0
областях 0.002358 4.60517 0.010861
обойти 0.002358 3.912023 0.009226
оборудование 0.002358 3.506558 0.00827
обработки 0.002358 0.0 0.0
образцы 0.002358 0.0 0.0
объявлена 0.002358 0.0 0.0
объясняет 0.002358 2.995732 0.007065
одноклассник 0.002358 0.0 0.0
опасные 0.002358 3.506558 0.00827
оптимальным 0.002358 4.60517 0.010861
оптимальных 0.002358 4.60517 0.010861
оптимизации 0.002358 2.813411 0.006635
оптимизировать 0.002358 3.218876 0.007592
орбите 0.002358 0.0 0.0
ос 0.002358 0.0 0.0
остается 0.002358 3.912023 0.009226
отдадут 0.002358 0.0 0.0
отечественного 0.002358 0.0 0.0
отжиг 0.002358 4.60517 0.010861
отжиговой 0.002358 4.60517 0.010861
отказа 0.002358 0.0 0.0
отказались 0.002358 0.0 0.0
отклоняющихся 0.002358 4.60517 0.010861
отключили 0.002358 0.0 0.0
отличие 0.002358 2.207275 0.005206
очень 0.002358 0.0 0.0
ошибку 0.002358 0.0 0.0
ошибок 0.002358 3.912023 0.009226
параллельное 0.002358 4.60517 0.010861
первое 0.002358 3.506558 0.00827
первый 0.002358 2.65926 0.006272
переднего 0.002358 0.0 0.0
перемещениями 0.002358 4.60517 0.010861
период 0.002358 0.0 0.0
периферия 0.002358 0.0 0.0
персональные 0.002358 0.0 0.0
персональных 0.002358 0.0 0.0
пиар 0.002358 0.0 0.0
пк 0.002358 0.0 0.0
планирует 0.002358 1.714798 0.004044
планируют 0.002358 2.813411 0.006635
планшеты 0.002358 0.0 0.0
платформа 0.002358 0.0 0.0
пн 0.002358 0.0 0.0
подавлением 0.002358 4.60517 0.010861
подвел 0.002358 0.0 0.0
поднял 0.002358 0.0 0.0
подробнее 0.002358 0.0 0.0
подход 0.002358 1.89712 0.004474
подходит 0.002358 3.912023 0.009226
подчеркивает 0.002358 3.912023 0.009226
позволило 0.002358 3.506558 0.00827
поиск 0.002358 0.0 0.0
поиска 0.002358 2.813411 0.006635
пока 0.002358 0.0 0.0
показал 0.002358 2.040221 0.004812
полезные 0.002358 0.0 0.0
политика 0.002358 0.0 0.0
политикой 0.002358 0.0 0.0
полноприводными 0.002358 0.0 0.0
полётов 0.002358 0.0 0.0
попробовать 0.002358 0.0 0.0
популярная 0.002358 0.0 0.0
популярных 0.002358 0.0 0.0
портфели 0.002358 4.60517 0.010861
портфелях 0.002358 4.60517 0.010861
посещать 0.002358 0.0 0.0
потенциал 0.002358 2.525729 0.005957
правила 0.002358 0.0 0.0
прайс 0.002358 0.0 0.0
практических 0.002358 4.60517 0.010861
превзойти 0.002358 3.912023 0.009226
превзошел 0.002358 3.506558 0.00827
превосходит 0.002358 3.912023 0.009226
представили 0.002358 2.813411 0.006635
представлен 0.002358 0.0 0.0
преимущества 0.002358 3.912023 0.009226
преимущество 0.002358 3.506558 0.00827
прибавка 0.002358 0.0 0.0
приближенной 0.002358 4.60517 0.010861
привода 0.002358 0.0 0.0
принтеры 0.002358 0.0 0.0
принципы 0.002358 3.506558 0.00827
причины 0.002358 0.0 0.0
пробизнес 0.002358 0.0 0.0
проблемой 0.002358 3.506558 0.00827
проблемы 0.002358 2.813411 0.006635
проведения 0.002358 0.0 0.0
проводился 0.002358 3.912023 0.009226
программы 0.002358 0.0 0.0
продавать 0.002358 0.0 0.0
продажи 0.002358 0.0 0.0
продемонстрировал 0.002358 2.995732 0.007065
продолжая 0.002358 0.0 0.0
проектов 0.002358 0.0 0.0
проекторы 0.002358 0.0 0.0
проекты 0.002358 0.0 0.0
пролить 0.002358 0.0 0.0
прорыв 0.002358 1.714798 0.004044
профессора 0.002358 4.60517 0.010861
процессор 0.002358 2.207275 0.005206
процессоре 0.002358 4.60517 0.010861
процессы 0.002358 0.0 0.0
пт 0.002358 0.0 0.0
работы 0.002358 0.0 0.0
разрывом 0.002358 4.60517 0.010861
раскрывать 0.002358 4.60517 0.010861
расширить 0.002358 3.506558 0.00827
реальных 0.002358 0.0 0.0
революцию 0.002358 3.912023 0.009226
результатах 0.002358 3.912023 0.009226
результаты 0.002358 0.0 0.0
реклама 0.002358 0.0 0.0
решает 0.002358 0.0 0.0
решать 0.002358 3.506558 0.00827
решений 0.002358 2.525729 0.005957
решения 0.002358 2.040221 0.004812
решениям 0.002358 3.506558 0.00827
робот 0.002358 1.966113 0.004637
роботами 0.002358 3.506558 0.00827
россии 0.002358 0.0 0.0
россияне 0.002358 0.0 0.0
рублей 0.002358 0.0 0.0
руководством 0.002358 2.813411 0.006635
рынок 0.002358 0.0 0.0
рыночный 0.002358 4.60517 0.010861
сайте 0.002358 0.0 0.0
сайты 0.002358 0.0 0.0
самая 0.002358 0.0 0.0
самолётах 0.002358 0.0 0.0
самый 0.002358 2.813411 0.006635
самых 0.002358 0.0 0.0
сантиметров 0.002358 0.0 0.0
сб 0.002358 0.0 0.0
сбора 0.002358 0.0 0.0
свет 0.002358 0.0 0.0
своей 0.002358 0.0 0.0
связи 0.002358 0.0 0.0
связь 0.002358 0.0 0.0
сгенерировано 0.002358 2.65926 0.006272
сегодня 0.002358 0.0 0.0
секторе 0.002358 4.60517 0.010861
серверы 0.002358 0.0 0.0
сервисы 0.002358 0.0 0.0
сертификацию 0.002358 0.0 0.0
сети 0.002358 0.0 0.0
системах 0.002358 3.218876 0.007592
скоро 0.002358 0.0 0.0
сложности 0.002358 0.0 0.0
сложные 0.002358 2.995732 0.007065
сложных 0.002358 2.813411 0.006635
случай 0.002358 2.995732 0.007065
снижает 0.002358 2.407946 0.005679
снова 0.002358 0.0 0.0
советский 0.002358 0.0 0.0
соглашаетесь 0.002358 0.0 0.0
создала 0.002358 4.60517 0.010861
создать 0.002358 2.813411 0.006635
соответствуют 0.002358 3.912023 0.009226
состояний 0.002358 4.60517 0.010861
состояния 0.002358 3.218876 0.007592
спасать 0.002358 3.506558 0.00827
спасти 0.002358 0.0 0.0
специализированный 0.002358 3.912023 0.009226
спинов 0.002358 4.60517 0.010861
спинового 0.002358 4.60517 0.010861
ср 0.002358 0.0 0.0
среда 0.002358 0.0 0.0
ссылки 0.002358 0.0 0.0
стал 0.002358 0.0 0.0
стартуют 0.002358 0.0 0.0
статистика 0.002358 0.0 0.0
статьи 0.002358 0.0 0.0
стекла 0.002358 3.912023 0.009226
стоимость 0.002358 0.0 0.0
суперкомпьютерам 0.002358 3.912023 0.009226
суперкомпьютерами 0.002358 4.60517 0.010861
суперкомпьютеры 0.002358 3.218876 0.007592
сша 0.002358 0.0 0.0
тайконавты 0.002358 0.0 0.0
тв 0.002358 0.0 0.0
теги 0.002358 0.0 0.0
текст 0.002358 0.0 0.0
темперирование 0.002358 4.60517 0.010861
технический 0.002358 0.0 0.0
топ 0.002358 0.0 0.0
точных 0.002358 3.218876 0.007592
традиционных 0.002358 4.60517 0.010861
требующих 0.002358 3.912023 0.009226
тушить 0.002358 3.506558 0.00827
тыс 0.002358 0.0 0.0
убрали 0.002358 0.0 0.0
улучшить 0.002358 3.506558 0.00827
университета 0.002358 2.120264 0.005001
упасть 0.002358 0.0 0.0
усиления 0.002358 4.60517 0.010861
ускорение 0.002358 3.912023 0.009226
установленном 0.002358 4.60517 0.010861
устойчивых 0.002358 3.912023 0.009226
устройства 0.002358 0.0 0.0
ученые 0.002358 1.89712 0.004474
ученым 0.002358 0.0 0.0
файлы 0.002358 0.0 0.0
физики 0.002358 3.506558 0.00827
финансовом 0.002358 3.912023 0.009226
флагманского 0.002358 0.0 0.0
фокусируется 0.002358 3.912023 0.009226
фото 0.002358 0.0 0.0
фундаментальные 0.002358 0.0 0.0
хитом 0.002358 0.0 0.0
цены 0.002358 0.0 0.0
части 0.002358 0.0 0.0
человека 0.002358 0.0 0.0
чт 0.002358 0.0 0.0
штрафами 0.002358 4.60517 0.010861
шум 0.002358 2.525729 0.005957
эксперимент 0.002358 1.832581 0.004322
экспорт 0.002358 0.0 0.0
эмбрионы 0.002358 0.0 0.0
энергетическими 0.002358 4.60517 0.010861
эффективность 0.002358 2.120264 0.005001
эффективный 0.002358 4.60517 0.010861
южной 0.002358 0.0 0.0
