аварийного 0.002427 3.506558 0.008511
авиалайнера 0.002427 0.0 0.0
австралии 0.002427 0.0 0.0
автоваз 0.002427 0.0 0.0
автоматом 0.002427 0.0 0.0
автопроизводителя 0.002427 0.0 0.0
автор 0.002427 0.0 0.0
авторы 0.002427 0.0 0.0
адаптивные 0.002427 4.60517 0.011178
администрацией 0.002427 0.0 0.0
адрес 0.002427 0.0 0.0
американские 0.002427 2.813411 0.006829
америке 0.002427 0.0 0.0
аминокислот 0.002427 3.506558 0.008511
аналитики 0.002427 0.0 0.0
аппаратов 0.002427 2.525729 0.00613
безопасность 0.002427 2.525729 0.00613
белка 0.002427 0.0 0.0
биологические 0.002427 0.0 0.0
биологических 0.002427 0.0 0.0
ближайшие 0.002427 2.813411 0.006829
ближнем 0.002427 0.0 0.0
блоги 0.002427 0.0 0.0
будут 0.002427 0.0 0.0
быстро 0.002427 0.0 0.0
важным 0.002427 2.995732 0.007271
весом 0.002427 0.0 0.0
видео 0.002427 0.0 0.0
видеокарты 0.002427 0.0 0.0
внедорожники 0.002427 0.0 0.0
внимание 0.002427 2.65926 0.006455
возможности 0.002427 2.65926 0.006455
войти 0.002427 0.0 0.0
востоке 0.002427 0.0 0.0
вс 0.002427 0.0 0.0
всему 0.002427 0.0 0.0
вт 0.002427 0.0 0.0
входят 0.002427 0.0 0.0
выведение 0.002427 4.60517 0.011178
вывести 0.002427 3.506558 0.008511
выделите 0.002427 0.0 0.0
выдерживает 0.002427 3.218876 0.007813
выживания 0.002427 3.506558 0.008511
выполнены 0.002427 4.60517 0.011178
высокоскоростным 0.002427 3.912023 0.009495
выходит 0.002427 0.0 0.0
гиперзвуковые 0.002427 2.995732 0.007271
главную 0.002427 0.0 0.0
глобальной 0.002427 3.218876 0.007813
года 0.002427 0.0 0.0
году 0.002427 1.272966 0.00309
годы 0.002427 2.407946 0.005845
гонке 0.002427 2.65926 0.006455
группировку 0.002427 4.60517 0.011178
группировок 0.002427 4.60517 0.011178
данные 0.002427 0.0 0.0
данный 0.002427 0.0 0.0
данных 0.002427 0.0 0.0
двигатели 0.002427 0.0 0.0
двигатель 0.002427 0.0 0.0
двух 0.002427 0.0 0.0
десятков 0.002427 3.912023 0.009495
дизайн 0.002427 0.0 0.0
директор 0.002427 0.0 0.0
долларов 0.002427 0.0 0.0
дом 0.002427 0.0 0.0
дорогостоящих 0.002427 4.60517 0.011178
доставили 0.002427 0.0 0.0
достигает 0.002427 0.0 0.0
другие 0.002427 2.040221 0.004952
других 0.002427 2.040221 0.004952
европе 0.002427 2.65926 0.006455
завершат 0.002427 0.0 0.0
завершения 0.002427 3.506558 0.008511
запуск 0.002427 1.272966 0.00309
запуска 0.002427 1.771957 0.004301
запуски 0.002427 2.995732 0.007271
запусков 0.002427 3.218876 0.007813
защиты 0.002427 0.0 0.0
земле 0.002427 0.0 0.0
земли 0.002427 0.0 0.0
зонд 0.002427 0.0 0.0
зонда 0.002427 0.0 0.0
игроков 0.002427 3.506558 0.008511
игры 0.002427 0.0 0.0
имеющая 0.002427 4.60517 0.011178
инновационный 0.002427 0.0 0.0
интернет 0.002427 2.65926 0.006455
интернетом 0.002427 4.60517 0.011178
информации 0.002427 0.0 0.0
использование 0.002427 2.207275 0.005357
использования 0.002427 0.0 0.0
исследование 0.002427 2.120264 0.005146
исследований 0.002427 0.0 0.0
историей 0.002427 4.60517 0.011178
источник 0.002427 0.0 0.0
каждая 0.002427 4.60517 0.011178
календарь 0.002427 0.0 0.0
каналы 0.002427 3.912023 0.009495
категории 0.002427 0.0 0.0
кг 0.002427 0.0 0.0
километров 0.002427 0.0 0.0
классическим 0.002427 0.0 0.0
клон 0.002427 0.0 0.0
ключевую 0.002427 3.912023 0.009495
комментирования 0.002427 0.0 0.0
компании 0.002427 1.347074 0.00327
компания 0.002427 0.820981 0.001993
компоненты 0.002427 2.995732 0.007271
комфортный 0.002427 0.0 0.0
конкурирующий 0.002427 4.60517 0.011178
контракт 0.002427 3.506558 0.008511
конференция 0.002427 0.0 0.0
корабля 0.002427 2.813411 0.006829
корее 0.002427 0.0 0.0
корпуса 0.002427 0.0 0.0
космические 0.002427 2.207275 0.005357
космических 0.002427 2.302585 0.005589
космического 0.002427 2.302585 0.005589
космической 0.002427 2.407946 0.005845
космопуховик 0.002427 3.506558 0.008511
космос 0.002427 0.0 0.0
космоса 0.002427 0.0 0.0
которой 0.002427 2.65926 0.006455
кроссовера 0.002427 0.0 0.0
кроссоверы 0.002427 0.0 0.0
кубических 0.002427 0.0 0.0
куки 0.002427 0.0 0.0
летать 0.002427 0.0 0.0
летней 0.002427 3.912023 0.009495
летний 0.002427 4.60517 0.011178
лету 0.002427 0.0 0.0
листа 0.002427 0.0 0.0
лицензии 0.002427 3.912023 0.009495
мае 0.002427 0.0 0.0
май 0.002427 0.0 0.0
марка 0.002427 0.0 0.0
материалов 0.002427 0.0 0.0
машину 0.002427 0.0 0.0
мая 0.002427 0.0 0.0
межпланетный 0.002427 0.0 0.0
меняет 0.002427 0.0 0.0
метрового 0.002427 0.0 0.0
механизмами 0.002427 4.60517 0.011178
механизмы 0.002427 3.912023 0.009495
миллионов 0.002427 0.0 0.0
миру 0.002427 0.0 0.0
миссии 0.002427 1.514128 0.003675
мобильные 0.002427 0.0 0.0
могут 0.002427 0.0 0.0
модульные 0.002427 4.60517 0.011178
момент 0.002427 0.0 0.0
мониторы 0.002427 0.0 0.0
мотобрендов 0.002427 0.0 0.0
мотоциклов 0.002427 0.0 0.0
мс 0.002427 0.0 0.0
мультимедиа 0.002427 0.0 0.0
нагрузки 0.002427 2.65926 0.006455
надёжность 0.002427 2.813411 0.006829
нажмите 0.002427 0.0 0.0
назвал 0.002427 0.0 0.0
названием 0.002427 0.0 0.0
найти 0.002427 3.912023 0.009495
направлен 0.002427 2.302585 0.005589
нашей 0.002427 0.0 0.0
наши 0.002427 0.0 0.0
нашли 0.002427 0.0 0.0
низкая 0.002427 3.912023 0.009495
низкую 0.002427 3.506558 0.008511
новое 0.002427 3.218876 0.007813
новости 0.002427 0.0 0.0
новые 0.002427 0.0 0.0
новый 0.002427 0.0 0.0
новых 0.002427 1.771957 0.004301
носители 0.002427 0.0 0.0
ноутбуки 0.002427 0.0 0.0
нужны 0.002427 0.0 0.0
обеспечение 0.002427 4.60517 0.011178
обеспечила 0.002427 3.506558 0.008511
обеспечили 0.002427 4.60517 0.011178
обзоры 0.002427 0.0 0.0
области 0.002427 2.120264 0.005146
обнаружить 0.002427 3.506558 0.008511
обработки 0.002427 0.0 0.0
образцы 0.002427 0.0 0.0
обтекателя 0.002427 4.60517 0.011178
обшивку 0.002427 3.506558 0.008511
объявлена 0.002427 0.0 0.0
одноклассник 0.002427 0.0 0.0
околоземная 0.002427 3.912023 0.009495
околоземную 0.002427 3.506558 0.008511
опыт 0.002427 2.207275 0.005357
орбита 0.002427 2.65926 0.006455
орбите 0.002427 0.0 0.0
орбиту 0.002427 3.218876 0.007813
орбиты 0.002427 2.65926 0.006455
органику 0.002427 3.506558 0.008511
ос 0.002427 0.0 0.0
основе 0.002427 2.207275 0.005357
оставшихся 0.002427 4.60517 0.011178
отдадут 0.002427 0.0 0.0
отделения 0.002427 4.60517 0.011178
отечественного 0.002427 0.0 0.0
отказа 0.002427 0.0 0.0
отказались 0.002427 0.0 0.0
отключили 0.002427 0.0 0.0
отмечают 0.002427 2.65926 0.006455
отрасли 0.002427 2.813411 0.006829
официальном 0.002427 3.506558 0.008511
очень 0.002427 0.0 0.0
ошибка 0.002427 3.912023 0.009495
ошибку 0.002427 0.0 0.0
первого 0.002427 2.995732 0.007271
первых 0.002427 2.995732 0.007271
передачи 0.002427 3.506558 0.008511
переднего 0.002427 0.0 0.0
период 0.002427 0.0 0.0
периферия 0.002427 0.0 0.0
персональные 0.002427 0.0 0.0
персональных 0.002427 0.0 0.0
пиар 0.002427 0.0 0.0
пк 0.002427 0.0 0.0
планирует 0.002427 1.714798 0.004162
планшеты 0.002427 0.0 0.0
платформа 0.002427 0.0 0.0
пн 0.002427 0.0 0.0
подвел 0.002427 0.0 0.0
поддержать 0.002427 4.60517 0.011178
поднял 0.002427 0.0 0.0
подробнее 0.002427 0.0 0.0
подробности 0.002427 2.65926 0.006455
подрыва 0.002427 4.60517 0.011178
подтвердил 0.002427 2.525729 0.00613
позиции 0.002427 2.813411 0.006829
поиск 0.002427 0.0 0.0
пока 0.002427 0.0 0.0
полезные 0.002427 0.0 0.0
политика 0.002427 0.0 0.0
политикой 0.002427 0.0 0.0
полноприводными 0.002427 0.0 0.0
половины 0.002427 4.60517 0.011178
полётов 0.002427 0.0 0.0
полётом 0.002427 3.912023 0.009495
помогли 0.002427 3.912023 0.009495
помощью 0.002427 2.120264 0.005146
попробовать 0.002427 0.0 0.0
популярная 0.002427 0.0 0.0
популярных 0.002427 0.0 0.0
посещать 0.002427 0.0 0.0
последние 0.002427 3.506558 0.008511
потере 0.002427 3.506558 0.008511
потеющую 0.002427 3.506558 0.008511
потребует 0.002427 3.506558 0.008511
правила 0.002427 0.0 0.0
прайс 0.002427 0.0 0.0
предоставила 0.002427 3.912023 0.009495
представлен 0.002427 0.0 0.0
предстоит 0.002427 3.506558 0.008511
прибавка 0.002427 0.0 0.0
привести 0.002427 3.506558 0.008511
привлекли 0.002427 3.912023 0.009495
привода 0.002427 0.0 0.0
принтеры 0.002427 0.0 0.0
причины 0.002427 0.0 0.0
пробизнес 0.002427 0.0 0.0
проведения 0.002427 0.0 0.0
проверенных 0.002427 4.60517 0.011178
программы 0.002427 0.0 0.0
продавать 0.002427 0.0 0.0
продажи 0.002427 0.0 0.0
продолжая 0.002427 0.0 0.0
проект 0.002427 0.0 0.0
проекта 0.002427 2.407946 0.005845
проектов 0.002427 0.0 0.0
проекторы 0.002427 0.0 0.0
проекты 0.002427 0.0 0.0
пролить 0.002427 0.0 0.0
процессы 0.002427 0.0 0.0
пт 0.002427 0.0 0.0
работу 0.002427 2.525729 0.00613
работы 0.002427 0.0 0.0
развернуть 0.002427 4.60517 0.011178
развёртывание 0.002427 3.912023 0.009495
развёртывании 0.002427 4.60517 0.011178
развёртывания 0.002427 3.506558 0.008511
разделения 0.002427 3.506558 0.008511
разных 0.002427 3.912023 0.009495
разработали 0.002427 2.813411 0.006829
разработанные 0.002427 3.506558 0.008511
разработки 0.002427 2.65926 0.006455
ракет 0.002427 1.560648 0.003788
ракета 0.002427 3.506558 0.008511
ракетах 0.002427 3.912023 0.009495
ракеты 0.002427 2.040221 0.004952
раскрыло 0.002427 3.506558 0.008511
растёт 0.002427 3.218876 0.007813
расширит 0.002427 3.218876 0.007813
реализуемого 0.002427 4.60517 0.011178
реальных 0.002427 0.0 0.0
регионов 0.002427 3.506558 0.008511
результаты 0.002427 0.0 0.0
реклама 0.002427 0.0 0.0
решает 0.002427 0.0 0.0
решений 0.002427 2.525729 0.00613
решения 0.002427 2.040221 0.004952
риски 0.002427 3.218876 0.007813
роль 0.002427 1.89712 0.004605
россии 0.002427 0.0 0.0
россияне 0.002427 0.0 0.0
рублей 0.002427 0.0 0.0
рывок 0.002427 3.218876 0.007813
рынке 0.002427 2.995732 0.007271
рынок 0.002427 0.0 0.0
сайте 0.002427 0.0 0.0
сайты 0.002427 0.0 0.0
самая 0.002427 0.0 0.0
самолётах 0.002427 0.0 0.0
самых 0.002427 0.0 0.0
сантиметров 0.002427 0.0 0.0
сб 0.002427 0.0 0.0
сбора 0.002427 0.0 0.0
свет 0.002427 0.0 0.0
своей 0.002427 0.0 0.0
связи 0.002427 0.0 0.0
связь 0.002427 0.0 0.0
сегодня 0.002427 0.0 0.0
секрет 0.002427 3.506558 0.008511
серверы 0.002427 0.0 0.0
сервисы 0.002427 0.0 0.0
сертификацию 0.002427 0.0 0.0
сетей 0.002427 2.525729 0.00613
сети 0.002427 0.0 0.0
сигналов 0.002427 4.60517 0.011178
систем 0.002427 0.653926 0.001587
система 0.002427 1.514128 0.003675
системами 0.002427 2.813411 0.006829
систему 0.002427 2.525729 0.00613
системы 0.002427 1.469676 0.003567
скоро 0.002427 0.0 0.0
следующие 0.002427 3.506558 0.008511
сложности 0.002427 0.0 0.0
снижает 0.002427 2.407946 0.005845
снова 0.002427 0.0 0.0
советский 0.002427 0.0 0.0
соглашаетесь 0.002427 0.0 0.0
создания 0.002427 2.120264 0.005146
спасти 0.002427 0.0 0.0
спрос 0.002427 2.525729 0.00613
спутники 0.002427 2.995732 0.007271
спутников 0.002427 2.65926 0.006455
спутниковых 0.002427 4.60517 0.011178
ср 0.002427 0.0 0.0
среда 0.002427 0.0 0.0
сроки 0.002427 2.525729 0.00613
ссылки 0.002427 0.0 0.0
стал 0.002427 0.0 0.0
стартуют 0.002427 0.0 0.0
статистика 0.002427 0.0 0.0
статьи 0.002427 0.0 0.0
стоимость 0.002427 0.0 0.0
ступеней 0.002427 3.506558 0.008511
сша 0.002427 0.0 0.0
сыграла 0.002427 4.60517 0.011178
тайконавты 0.002427 0.0 0.0
таких 0.002427 2.207275 0.005357
тв 0.002427 0.0 0.0
теги 0.002427 0.0 0.0
текст 0.002427 0.0 0.0
технический 0.002427 0.0 0.0
технологии 0.002427 1.514128 0.003675
технологий 0.002427 1.771957 0.004301
технологиях 0.002427 3.912023 0.009495
типов 0.002427 2.995732 0.007271
топ 0.002427 0.0 0.0
точное 0.002427 3.218876 0.007813
точных 0.002427 3.218876 0.007813
требующей 0.002427 4.60517 0.011178
тыс 0.002427 0.0 0.0
убрали 0.002427 0.0 0.0
увеличения 0.002427 3.506558 0.008511
удалённых 0.002427 3.506558 0.008511
узлы 0.002427 4.60517 0.011178
укрепляет 0.002427 3.912023 0.009495
уложиться 0.002427 4.60517 0.011178
упасть 0.002427 0.0 0.0
управления 0.002427 2.040221 0.004952
условиях 0.002427 1.771957 0.004301
успех 0.002427 2.207275 0.005357
успешном 0.002427 4.60517 0.011178
устройства 0.002427 0.0 0.0
ученые 0.002427 1.89712 0.004605
ученым 0.002427 0.0 0.0
файлы 0.002427 0.0 0.0
флагманского 0.002427 0.0 0.0
фото 0.002427 0.0 0.0
фундаментальные 0.002427 0.0 0.0
хитом 0.002427 0.0 0.0
цели 0.002427 2.995732 0.007271
цены 0.002427 0.0 0.0
части 0.002427 0.0 0.0
человека 0.002427 0.0 0.0
числа 0.002427 3.912023 0.009495
чт 0.002427 0.0 0.0
шагом 0.002427 3.218876 0.007813
штатную 0.002427 4.60517 0.011178
эксперты 0.002427 2.813411 0.006829
экспорт 0.002427 0.0 0.0
электронные 0.002427 4.60517 0.011178
эмбрионы 0.002427 0.0 0.0
энергетических 0.002427 3.912023 0.009495
этапа 0.002427 3.912023 0.009495
южной 0.002427 0.0 0.0
