авиалайнера 0.002188 0.0 0.0
австралии 0.002188 0.0 0.0
автоваз 0.002188 0.0 0.0
автоматического 0.002188 4.60517 0.010077
автоматом 0.002188 0.0 0.0
автопроизводителя 0.002188 0.0 0.0
автор 0.002188 0.0 0.0
авторы 0.002188 0.0 0.0
администрацией 0.002188 0.0 0.0
адрес 0.002188 0.0 0.0
алгоритмы 0.002188 3.218876 0.007043
америке 0.002188 0.0 0.0
аналитики 0.002188 0.0 0.0
аналогов 0.002188 4.60517 0.010077
антонио 0.002188 4.60517 0.010077
атак 0.002188 2.995732 0.006555
безопасности 0.002188 1.966113 0.004302
белка 0.002188 0.0 0.0
библиотеки 0.002188 3.506558 0.007673
биологические 0.002188 0.0 0.0
биологических 0.002188 0.0 0.0
ближнем 0.002188 0.0 0.0
блоги 0.002188 0.0 0.0
бросил 0.002188 3.506558 0.007673
будут 0.002188 0.0 0.0
будущего 0.002188 2.525729 0.005527
быстро 0.002188 0.0 0.0
бэкдоров 0.002188 4.60517 0.010077
важно 0.002188 2.120264 0.00464
ведут 0.002188 3.912023 0.00856
ведущий 0.002188 3.912023 0.00856
верификации 0.002188 4.60517 0.010077
версией 0.002188 3.506558 0.007673
весом 0.002188 0.0 0.0
видео 0.002188 0.0 0.0
видеокарты 0.002188 0.0 0.0
влияла 0.002188 4.60517 0.010077
внедорожники 0.002188 0.0 0.0
внедрять 0.002188 4.60517 0.010077
военных 0.002188 3.506558 0.007673
возможности 0.002188 2.65926 0.005819
войти 0.002188 0.0 0.0
воспроизведение 0.002188 4.60517 0.010077
востоке 0.002188 0.0 0.0
вредоносные 0.002188 4.60517 0.010077
вредоносный 0.002188 4.60517 0.010077
вс 0.002188 0.0 0.0
всей 0.002188 3.506558 0.007673
всему 0.002188 0.0 0.0
вт 0.002188 0.0 0.0
входят 0.002188 0.0 0.0
выводу 0.002188 3.912023 0.00856
выделите 0.002188 0.0 0.0
вызов 0.002188 3.218876 0.007043
выполнится 0.002188 4.60517 0.010077
выходит 0.002188 0.0 0.0
галлюцинации 0.002188 4.60517 0.010077
галлюцинациями 0.002188 4.60517 0.010077
галлюцинировали 0.002188 4.60517 0.010077
галлюцинированных 0.002188 4.60517 0.010077
генераторов 0.002188 3.912023 0.00856
генераторы 0.002188 3.506558 0.007673
главную 0.002188 0.0 0.0
года 0.002188 0.0 0.0
году 0.002188 1.272966 0.002785
дает 0.002188 1.514128 0.003313
данные 0.002188 0.0 0.0
данный 0.002188 0.0 0.0
данных 0.002188 0.0 0.0
двери 0.002188 3.218876 0.007043
двигатели 0.002188 0.0 0.0
двигатель 0.002188 0.0 0.0
двух 0.002188 0.0 0.0
джозеф 0.002188 4.60517 0.010077
дизайн 0.002188 0.0 0.0
директор 0.002188 0.0 0.0
долларов 0.002188 0.0 0.0
дом 0.002188 0.0 0.0
доставили 0.002188 0.0 0.0
достигает 0.002188 0.0 0.0
других 0.002188 2.040221 0.004464
её 0.002188 1.203973 0.002635
завершат 0.002188 0.0 0.0
зависимостей 0.002188 4.60517 0.010077
зависимости 0.002188 3.506558 0.007673
зависимость 0.002188 2.995732 0.006555
запросах 0.002188 4.60517 0.010077
затрудняет 0.002188 4.60517 0.010077
защиты 0.002188 0.0 0.0
земле 0.002188 0.0 0.0
земли 0.002188 0.0 0.0
злоумышленник 0.002188 3.912023 0.00856
злоумышленника 0.002188 4.60517 0.010077
злоумышленникам 0.002188 4.60517 0.010077
значение 0.002188 3.912023 0.00856
зонд 0.002188 0.0 0.0
зонда 0.002188 0.0 0.0
игры 0.002188 0.0 0.0
идеальная 0.002188 4.60517 0.010077
ии 0.002188 0.0 0.0
иллюстрация 0.002188 2.120264 0.00464
имел 0.002188 4.60517 0.010077
именами 0.002188 4.60517 0.010077
именем 0.002188 3.912023 0.00856
имеют 0.002188 3.912023 0.00856
инновационный 0.002188 0.0 0.0
инструменты 0.002188 2.65926 0.005819
интеллектом 0.002188 2.995732 0.006555
информации 0.002188 0.0 0.0
искусственным 0.002188 2.995732 0.006555
использовалась 0.002188 4.60517 0.010077
использования 0.002188 0.0 0.0
исследование 0.002188 2.120264 0.00464
исследований 0.002188 0.0 0.0
исследования 0.002188 2.120264 0.00464
исследователи 0.002188 2.302585 0.005038
источник 0.002188 0.0 0.0
итерациях 0.002188 4.60517 0.010077
каждую 0.002188 4.60517 0.010077
календарь 0.002188 0.0 0.0
категории 0.002188 0.0 0.0
кг 0.002188 0.0 0.0
кевина 0.002188 4.60517 0.010077
кибербезопасность 0.002188 3.912023 0.00856
киберпреступникам 0.002188 3.506558 0.007673
километров 0.002188 0.0 0.0
китай 0.002188 1.171183 0.002563
классическим 0.002188 0.0 0.0
клон 0.002188 0.0 0.0
код 0.002188 2.207275 0.00483
кода 0.002188 2.525729 0.005527
коде 0.002188 3.912023 0.00856
комментирования 0.002188 0.0 0.0
коммерческие 0.002188 2.995732 0.006555
коммерческих 0.002188 2.995732 0.006555
компоненты 0.002188 2.995732 0.006555
комфортный 0.002188 0.0 0.0
конференция 0.002188 0.0 0.0
корее 0.002188 0.0 0.0
корпуса 0.002188 0.0 0.0
космос 0.002188 0.0 0.0
космоса 0.002188 0.0 0.0
которых 0.002188 2.813411 0.006156
кратном 0.002188 4.60517 0.010077
критически 0.002188 4.60517 0.010077
кроссовера 0.002188 0.0 0.0
кроссоверы 0.002188 0.0 0.0
кубических 0.002188 0.0 0.0
куки 0.002188 0.0 0.0
легитимные 0.002188 4.60517 0.010077
легитимным 0.002188 4.60517 0.010077
летать 0.002188 0.0 0.0
летним 0.002188 3.506558 0.007673
лету 0.002188 0.0 0.0
листа 0.002188 0.0 0.0
ловушка 0.002188 4.60517 0.010077
мае 0.002188 0.0 0.0
май 0.002188 0.0 0.0
марка 0.002188 0.0 0.0
масштаб 0.002188 1.771957 0.003877
материалов 0.002188 0.0 0.0
машину 0.002188 0.0 0.0
мая 0.002188 0.0 0.0
межпланетный 0.002188 0.0 0.0
меняет 0.002188 0.0 0.0
метрового 0.002188 0.0 0.0
механизмов 0.002188 3.912023 0.00856
механизмы 0.002188 3.912023 0.00856
миллионов 0.002188 0.0 0.0
мире 0.002188 1.771957 0.003877
миру 0.002188 0.0 0.0
мобильные 0.002188 0.0 0.0
могут 0.002188 0.0 0.0
моделей 0.002188 2.120264 0.00464
модели 0.002188 1.139434 0.002493
моделями 0.002188 4.60517 0.010077
момент 0.002188 0.0 0.0
мониторы 0.002188 0.0 0.0
мотобрендов 0.002188 0.0 0.0
мотоциклов 0.002188 0.0 0.0
мс 0.002188 0.0 0.0
мультимедиа 0.002188 0.0 0.0
нажмите 0.002188 0.0 0.0
назвал 0.002188 0.0 0.0
названием 0.002188 0.0 0.0
названий 0.002188 4.60517 0.010077
наиболее 0.002188 3.218876 0.007043
настройки 0.002188 3.506558 0.007673
нашей 0.002188 0.0 0.0
наши 0.002188 0.0 0.0
нашли 0.002188 0.0 0.0
неймспейсов 0.002188 4.60517 0.010077
необходимые 0.002188 4.60517 0.010077
несуществующие 0.002188 3.506558 0.007673
несуществующих 0.002188 4.60517 0.010077
никуда 0.002188 4.60517 0.010077
новой 0.002188 2.207275 0.00483
новости 0.002188 0.0 0.0
новые 0.002188 0.0 0.0
новый 0.002188 0.0 0.0
новых 0.002188 1.771957 0.003877
носители 0.002188 0.0 0.0
ноутбуки 0.002188 0.0 0.0
нужны 0.002188 0.0 0.0
обеспечения 0.002188 2.995732 0.006555
обзоры 0.002188 0.0 0.0
обнаружения 0.002188 3.218876 0.007043
обработки 0.002188 0.0 0.0
образцов 0.002188 2.813411 0.006156
образцы 0.002188 0.0 0.0
обучающих 0.002188 4.60517 0.010077
объявлена 0.002188 0.0 0.0
объяснил 0.002188 3.912023 0.00856
одноклассник 0.002188 0.0 0.0
оказались 0.002188 3.912023 0.00856
опасность 0.002188 2.407946 0.005269
орбите 0.002188 0.0 0.0
ос 0.002188 0.0 0.0
особую 0.002188 3.912023 0.00856
отдадут 0.002188 0.0 0.0
отечественного 0.002188 0.0 0.0
отказа 0.002188 0.0 0.0
отказались 0.002188 0.0 0.0
отключили 0.002188 0.0 0.0
открывает 0.002188 2.813411 0.006156
открывая 0.002188 3.218876 0.007043
открытие 0.002188 2.525729 0.005527
открытые 0.002188 4.60517 0.010077
открытых 0.002188 4.60517 0.010077
очень 0.002188 0.0 0.0
очков 0.002188 3.506558 0.007673
ошибки 0.002188 3.912023 0.00856
ошибку 0.002188 0.0 0.0
ошибок 0.002188 3.912023 0.00856
пакет 0.002188 4.60517 0.010077
пакетами 0.002188 4.60517 0.010077
пакетов 0.002188 4.60517 0.010077
пакеты 0.002188 4.60517 0.010077
параметров 0.002188 2.813411 0.006156
первые 0.002188 1.560648 0.003415
переднего 0.002188 0.0 0.0
период 0.002188 0.0 0.0
периферия 0.002188 0.0 0.0
персональные 0.002188 0.0 0.0
персональных 0.002188 0.0 0.0
пиар 0.002188 0.0 0.0
пк 0.002188 0.0 0.0
планшеты 0.002188 0.0 0.0
платформа 0.002188 0.0 0.0
пн 0.002188 0.0 0.0
повторяемости 0.002188 4.60517 0.010077
повторялись 0.002188 4.60517 0.010077
подвел 0.002188 0.0 0.0
поддельную 0.002188 4.60517 0.010077
поддержку 0.002188 2.65926 0.005819
подмены 0.002188 4.60517 0.010077
поднял 0.002188 0.0 0.0
подобная 0.002188 4.60517 0.010077
подробнее 0.002188 0.0 0.0
подчеркнул 0.002188 2.040221 0.004464
позволяет 0.002188 1.832581 0.00401
поиск 0.002188 0.0 0.0
пока 0.002188 0.0 0.0
полезные 0.002188 0.0 0.0
политика 0.002188 0.0 0.0
политикой 0.002188 0.0 0.0
полноприводными 0.002188 0.0 0.0
полётов 0.002188 0.0 0.0
помощью 0.002188 2.120264 0.00464
попробовать 0.002188 0.0 0.0
популярная 0.002188 0.0 0.0
популярности 0.002188 3.912023 0.00856
популярными 0.002188 4.60517 0.010077
популярных 0.002188 0.0 0.0
посещать 0.002188 0.0 0.0
поставок 0.002188 3.218876 0.007043
появлялись 0.002188 4.60517 0.010077
правила 0.002188 0.0 0.0
прайс 0.002188 0.0 0.0
превосходстве 0.002188 4.60517 0.010077
предложил 0.002188 2.995732 0.006555
предполагают 0.002188 3.912023 0.00856
предсказуемо 0.002188 4.60517 0.010077
представлен 0.002188 0.0 0.0
представлена 0.002188 4.60517 0.010077
представляют 0.002188 3.912023 0.00856
прибавка 0.002188 0.0 0.0
привести 0.002188 3.506558 0.007673
привода 0.002188 0.0 0.0
призвали 0.002188 4.60517 0.010077
принтеры 0.002188 0.0 0.0
причина 0.002188 3.912023 0.00856
причины 0.002188 0.0 0.0
пришли 0.002188 3.912023 0.00856
проанализировали 0.002188 4.60517 0.010077
пробизнес 0.002188 0.0 0.0
проблема 0.002188 3.912023 0.00856
проведения 0.002188 0.0 0.0
проверять 0.002188 4.60517 0.010077
прогнозам 0.002188 4.60517 0.010077
программ 0.002188 0.0 0.0
программирования 0.002188 4.60517 0.010077
программного 0.002188 3.912023 0.00856
программы 0.002188 0.0 0.0
продавать 0.002188 0.0 0.0
продажи 0.002188 0.0 0.0
продолжая 0.002188 0.0 0.0
проектов 0.002188 0.0 0.0
проекторы 0.002188 0.0 0.0
проекты 0.002188 0.0 0.0
пролить 0.002188 0.0 0.0
процессы 0.002188 0.0 0.0
пт 0.002188 0.0 0.0
публикует 0.002188 4.60517 0.010077
публичных 0.002188 3.912023 0.00856
работа 0.002188 0.941609 0.00206
работы 0.002188 0.0 0.0
радиационной 0.002188 3.506558 0.007673
размере 0.002188 4.60517 0.010077
размером 0.002188 3.218876 0.007043
разница 0.002188 3.912023 0.00856
разработать 0.002188 3.912023 0.00856
разработки 0.002188 2.65926 0.005819
разработчик 0.002188 2.407946 0.005269
разработчикам 0.002188 3.912023 0.00856
разработчиков 0.002188 2.813411 0.006156
рамках 0.002188 2.302585 0.005038
реакторов 0.002188 3.218876 0.007043
реальных 0.002188 0.0 0.0
регулярно 0.002188 3.912023 0.00856
результаты 0.002188 0.0 0.0
реклама 0.002188 0.0 0.0
репозиториях 0.002188 4.60517 0.010077
решает 0.002188 0.0 0.0
решения 0.002188 2.040221 0.004464
риски 0.002188 3.218876 0.007043
роль 0.002188 1.89712 0.004151
россии 0.002188 0.0 0.0
россияне 0.002188 0.0 0.0
ростом 0.002188 3.912023 0.00856
рублей 0.002188 0.0 0.0
рынок 0.002188 0.0 0.0
сайте 0.002188 0.0 0.0
сайты 0.002188 0.0 0.0
самая 0.002188 0.0 0.0
самолётах 0.002188 0.0 0.0
самых 0.002188 0.0 0.0
сан 0.002188 0.0 0.0
сантиметров 0.002188 0.0 0.0
сб 0.002188 0.0 0.0
сбора 0.002188 0.0 0.0
свет 0.002188 0.0 0.0
своей 0.002188 0.0 0.0
связи 0.002188 0.0 0.0
связывают 0.002188 4.60517 0.010077
связь 0.002188 0.0 0.0
сгенерированном 0.002188 4.60517 0.010077
сгенерированных 0.002188 3.912023 0.00856
сегодня 0.002188 0.0 0.0
серверы 0.002188 0.0 0.0
сервисы 0.002188 0.0 0.0
сертификацию 0.002188 0.0 0.0
сети 0.002188 0.0 0.0
симпозиуме 0.002188 4.60517 0.010077
системе 0.002188 2.995732 0.006555
системная 0.002188 4.60517 0.010077
скоро 0.002188 0.0 0.0
скотта 0.002188 4.60517 0.010077
сложности 0.002188 0.0 0.0
случаев 0.002188 3.506558 0.007673
случайные 0.002188 4.60517 0.010077
снизить 0.002188 3.218876 0.007043
снова 0.002188 0.0 0.0
советский 0.002188 0.0 0.0
совпадающим 0.002188 4.60517 0.010077
соглашаетесь 0.002188 0.0 0.0
содержал 0.002188 4.60517 0.010077
содержит 0.002188 3.912023 0.00856
создавать 0.002188 3.218876 0.007043
создаваться 0.002188 4.60517 0.010077
создал 0.002188 2.120264 0.00464
создания 0.002188 2.120264 0.00464
созданный 0.002188 3.218876 0.007043
сообщество 0.002188 3.912023 0.00856
спасти 0.002188 0.0 0.0
спраклен 0.002188 4.60517 0.010077
ср 0.002188 0.0 0.0
среда 0.002188 0.0 0.0
ссылаются 0.002188 3.506558 0.007673
ссылки 0.002188 0.0 0.0
стал 0.002188 0.0 0.0
стандартам 0.002188 2.995732 0.006555
стартуют 0.002188 0.0 0.0
статистика 0.002188 0.0 0.0
статьи 0.002188 0.0 0.0
стоимость 0.002188 0.0 0.0
сторонние 0.002188 3.506558 0.007673
существует 0.002188 3.912023 0.00856
сша 0.002188 0.0 0.0
тайконавты 0.002188 0.0 0.0
такие 0.002188 1.714798 0.003752
такими 0.002188 3.218876 0.007043
такому 0.002188 4.60517 0.010077
тв 0.002188 0.0 0.0
теги 0.002188 0.0 0.0
текст 0.002188 0.0 0.0
тепловизоры 0.002188 3.506558 0.007673
техаса 0.002188 4.60517 0.010077
техника 0.002188 2.995732 0.006555
технический 0.002188 0.0 0.0
техническую 0.002188 3.506558 0.007673
технологий 0.002188 1.771957 0.003877
типов 0.002188 2.995732 0.006555
тонкой 0.002188 4.60517 0.010077
топ 0.002188 0.0 0.0
точное 0.002188 3.218876 0.007043
точность 0.002188 1.832581 0.00401
тыс 0.002188 0.0 0.0
убрали 0.002188 0.0 0.0
увеличит 0.002188 2.65926 0.005819
угрозы 0.002188 3.506558 0.007673
указывает 0.002188 4.60517 0.010077
улучшает 0.002188 3.506558 0.007673
университета 0.002188 2.120264 0.00464
упасть 0.002188 0.0 0.0
усилить 0.002188 3.912023 0.00856
установит 0.002188 3.912023 0.00856
установке 0.002188 3.506558 0.007673
устройства 0.002188 0.0 0.0
усугубляет 0.002188 3.912023 0.00856
утечке 0.002188 4.60517 0.010077
ученым 0.002188 0.0 0.0
учёные 0.002188 1.966113 0.004302
уязвимость 0.002188 4.60517 0.010077
уязвимыми 0.002188 4.60517 0.010077
файлы 0.002188 0.0 0.0
факторов 0.002188 3.912023 0.00856
флагманского 0.002188 0.0 0.0
формате 0.002188 3.506558 0.007673
фото 0.002188 0.0 0.0
фундаментальные 0.002188 0.0 0.0
хитом 0.002188 0.0 0.0
цены 0.002188 0.0 0.0
цепочку 0.002188 4.60517 0.010077
части 0.002188 0.0 0.0
часто 0.002188 1.714798 0.003752
частоту 0.002188 2.995732 0.006555
человека 0.002188 0.0 0.0
числу 0.002188 4.60517 0.010077
чт 0.002188 0.0 0.0
чья 0.002188 3.912023 0.00856
экосистемы 0.002188 3.506558 0.007673
экспорт 0.002188 0.0 0.0
эмбрионы 0.002188 0.0 0.0
южной 0.002188 0.0 0.0
язык 0.002188 2.813411 0.006156
языковыми 0.002188 4.60517 0.010077
