абсолютного 0.002525 3.912023 0.009879
авиалайнера 0.002525 0.0 0.0
авиатакси 0.002525 3.506558 0.008855
австралии 0.002525 0.0 0.0
автоваз 0.002525 0.0 0.0
автоматом 0.002525 0.0 0.0
автопроизводителя 0.002525 0.0 0.0
автор 0.002525 0.0 0.0
авторы 0.002525 0.0 0.0
администрацией 0.002525 0.0 0.0
адрес 0.002525 0.0 0.0
америке 0.002525 0.0 0.0
аналитики 0.002525 0.0 0.0
аппарат 0.002525 1.660731 0.004194
атомами 0.002525 4.60517 0.011629
атомные 0.002525 3.218876 0.008128
атомных 0.002525 3.912023 0.009879
атомов 0.002525 3.912023 0.009879
атомы 0.002525 3.912023 0.009879
белка 0.002525 0.0 0.0
биологические 0.002525 0.0 0.0
биологических 0.002525 0.0 0.0
биржи 0.002525 3.912023 0.009879
ближнем 0.002525 0.0 0.0
блоги 0.002525 0.0 0.0
боулдере 0.002525 4.60517 0.011629
будут 0.002525 0.0 0.0
будь 0.002525 4.60517 0.011629
быстро 0.002525 0.0 0.0
бьют 0.002525 2.302585 0.005815
бюро 0.002525 4.60517 0.011629
вверх 0.002525 3.912023 0.009879
весов 0.002525 3.912023 0.009879
весом 0.002525 0.0 0.0
видео 0.002525 0.0 0.0
видеокарты 0.002525 0.0 0.0
вклад 0.002525 4.60517 0.011629
внедорожники 0.002525 0.0 0.0
вносит 0.002525 4.60517 0.011629
войти 0.002525 0.0 0.0
востоке 0.002525 0.0 0.0
вперед 0.002525 3.506558 0.008855
вращение 0.002525 2.65926 0.006715
времени 0.002525 1.89712 0.004791
время 0.002525 1.427116 0.003604
вс 0.002525 0.0 0.0
всемирное 0.002525 3.912023 0.009879
всему 0.002525 0.0 0.0
вт 0.002525 0.0 0.0
входят 0.002525 0.0 0.0
выделите 0.002525 0.0 0.0
выполнил 0.002525 2.995732 0.007565
высшая 0.002525 4.60517 0.011629
выходит 0.002525 0.0 0.0
гарантирует 0.002525 4.60517 0.011629
главную 0.002525 0.0 0.0
глобальный 0.002525 3.506558 0.008855
глобальных 0.002525 3.912023 0.009879
года 0.002525 0.0 0.0
городских 0.002525 3.218876 0.008128
градусов 0.002525 3.912023 0.009879
грег 0.002525 3.506558 0.008855
данном 0.002525 3.506558 0.008855
данные 0.002525 0.0 0.0
данный 0.002525 0.0 0.0
данных 0.002525 0.0 0.0
дата 0.002525 2.813411 0.007105
двигатели 0.002525 0.0 0.0
двигатель 0.002525 0.0 0.0
двух 0.002525 0.0 0.0
делает 0.002525 2.302585 0.005815
день 0.002525 2.207275 0.005574
дизайн 0.002525 0.0 0.0
директор 0.002525 0.0 0.0
должны 0.002525 2.813411 0.007105
долларов 0.002525 0.0 0.0
дом 0.002525 0.0 0.0
доставили 0.002525 0.0 0.0
достигает 0.002525 0.0 0.0
другим 0.002525 2.813411 0.007105
завершат 0.002525 0.0 0.0
зависит 0.002525 2.995732 0.007565
задавая 0.002525 4.60517 0.011629
замедлил 0.002525 3.506558 0.008855
затем 0.002525 2.813411 0.007105
защиты 0.002525 0.0 0.0
земле 0.002525 0.0 0.0
земли 0.002525 0.0 0.0
зонд 0.002525 0.0 0.0
зонда 0.002525 0.0 0.0
игры 0.002525 0.0 0.0
излучение 0.002525 3.506558 0.008855
изменил 0.002525 2.813411 0.007105
измерения 0.002525 3.912023 0.009879
инновационный 0.002525 0.0 0.0
институте 0.002525 3.506558 0.008855
инструментом 0.002525 3.912023 0.009879
информации 0.002525 0.0 0.0
использования 0.002525 0.0 0.0
используются 0.002525 3.912023 0.009879
использующие 0.002525 3.912023 0.009879
испытаний 0.002525 2.65926 0.006715
исследований 0.002525 0.0 0.0
истории 0.002525 2.65926 0.006715
источник 0.002525 0.0 0.0
календарь 0.002525 0.0 0.0
категории 0.002525 0.0 0.0
категория 0.002525 3.912023 0.009879
кг 0.002525 0.0 0.0
километров 0.002525 0.0 0.0
китай 0.002525 1.171183 0.002958
классическим 0.002525 0.0 0.0
клон 0.002525 0.0 0.0
ключевой 0.002525 2.813411 0.007105
колебания 0.002525 4.60517 0.011629
колорадо 0.002525 3.506558 0.008855
комментирования 0.002525 0.0 0.0
комфортный 0.002525 0.0 0.0
конференция 0.002525 0.0 0.0
координированное 0.002525 4.60517 0.011629
корее 0.002525 0.0 0.0
корпуса 0.002525 0.0 0.0
космос 0.002525 0.0 0.0
космоса 0.002525 0.0 0.0
который 0.002525 1.386294 0.003501
кроссовера 0.002525 0.0 0.0
кроссоверы 0.002525 0.0 0.0
кубических 0.002525 0.0 0.0
куки 0.002525 0.0 0.0
лазерами 0.002525 3.912023 0.009879
лет 0.002525 0.0 0.0
летать 0.002525 0.0 0.0
лету 0.002525 0.0 0.0
листа 0.002525 0.0 0.0
мае 0.002525 0.0 0.0
май 0.002525 0.0 0.0
манёвр 0.002525 2.65926 0.006715
марка 0.002525 0.0 0.0
материалов 0.002525 0.0 0.0
машину 0.002525 0.0 0.0
мая 0.002525 0.0 0.0
международное 0.002525 3.912023 0.009879
международный 0.002525 4.60517 0.011629
межпланетный 0.002525 0.0 0.0
меняет 0.002525 0.0 0.0
мер 0.002525 0.0 0.0
метрового 0.002525 0.0 0.0
микроволновое 0.002525 4.60517 0.011629
микросекундной 0.002525 4.60517 0.011629
миллиарды 0.002525 3.912023 0.009879
миллионов 0.002525 0.0 0.0
мире 0.002525 1.771957 0.004475
миру 0.002525 0.0 0.0
многолетней 0.002525 4.60517 0.011629
мобильные 0.002525 0.0 0.0
могут 0.002525 0.0 0.0
момент 0.002525 0.0 0.0
мониторы 0.002525 0.0 0.0
мотобрендов 0.002525 0.0 0.0
мотоциклов 0.002525 0.0 0.0
мс 0.002525 0.0 0.0
мультимедиа 0.002525 0.0 0.0
навигации 0.002525 3.218876 0.008128
надежны 0.002525 4.60517 0.011629
нажмите 0.002525 0.0 0.0
назвал 0.002525 0.0 0.0
названием 0.002525 0.0 0.0
называемые 0.002525 4.60517 0.011629
настолько 0.002525 3.506558 0.008855
наука 0.002525 1.966113 0.004965
науки 0.002525 3.912023 0.009879
национальном 0.002525 3.912023 0.009879
нашей 0.002525 0.0 0.0
наши 0.002525 0.0 0.0
нашли 0.002525 0.0 0.0
невероятную 0.002525 4.60517 0.011629
незаменимым 0.002525 4.60517 0.011629
новости 0.002525 0.0 0.0
новые 0.002525 0.0 0.0
новый 0.002525 0.0 0.0
носители 0.002525 0.0 0.0
ноутбуки 0.002525 0.0 0.0
нужны 0.002525 0.0 0.0
нуля 0.002525 3.506558 0.008855
обеспечивают 0.002525 3.912023 0.009879
обзоры 0.002525 0.0 0.0
обработки 0.002525 0.0 0.0
образцы 0.002525 0.0 0.0
объявлена 0.002525 0.0 0.0
объяснила 0.002525 4.60517 0.011629
одно 0.002525 0.0 0.0
одной 0.002525 1.832581 0.004628
одноклассник 0.002525 0.0 0.0
означает 0.002525 4.60517 0.011629
операциях 0.002525 4.60517 0.011629
определяет 0.002525 3.912023 0.009879
орбите 0.002525 0.0 0.0
ос 0.002525 0.0 0.0
основа 0.002525 2.120264 0.005354
отдадут 0.002525 0.0 0.0
отдела 0.002525 3.218876 0.008128
отечественного 0.002525 0.0 0.0
отказа 0.002525 0.0 0.0
отказались 0.002525 0.0 0.0
отключили 0.002525 0.0 0.0
отсчета 0.002525 4.60517 0.011629
официальную 0.002525 4.60517 0.011629
охлаждаются 0.002525 4.60517 0.011629
очень 0.002525 0.0 0.0
ошибку 0.002525 0.0 0.0
параллельно 0.002525 1.89712 0.004791
первичный 0.002525 4.60517 0.011629
первые 0.002525 1.560648 0.003941
передан 0.002525 4.60517 0.011629
переднего 0.002525 0.0 0.0
переход 0.002525 2.120264 0.005354
период 0.002525 0.0 0.0
периферия 0.002525 0.0 0.0
персональные 0.002525 0.0 0.0
персональных 0.002525 0.0 0.0
пиар 0.002525 0.0 0.0
пк 0.002525 0.0 0.0
планеты 0.002525 2.302585 0.005815
планшеты 0.002525 0.0 0.0
платформа 0.002525 0.0 0.0
пн 0.002525 0.0 0.0
подбрасываются 0.002525 4.60517 0.011629
подвел 0.002525 0.0 0.0
поддерживает 0.002525 3.912023 0.009879
поднял 0.002525 0.0 0.0
подробнее 0.002525 0.0 0.0
поиск 0.002525 0.0 0.0
пока 0.002525 0.0 0.0
полезные 0.002525 0.0 0.0
политика 0.002525 0.0 0.0
политикой 0.002525 0.0 0.0
полноприводными 0.002525 0.0 0.0
полётов 0.002525 0.0 0.0
попробовать 0.002525 0.0 0.0
популярная 0.002525 0.0 0.0
популярных 0.002525 0.0 0.0
посещать 0.002525 0.0 0.0
потеряют 0.002525 4.60517 0.011629
правила 0.002525 0.0 0.0
прайс 0.002525 0.0 0.0
представили 0.002525 2.813411 0.007105
представлен 0.002525 0.0 0.0
прибавка 0.002525 0.0 0.0
приблизил 0.002525 2.813411 0.007105
привода 0.002525 0.0 0.0
принтеры 0.002525 0.0 0.0
причины 0.002525 0.0 0.0
пробизнес 0.002525 0.0 0.0
проведения 0.002525 0.0 0.0
программы 0.002525 0.0 0.0
продавать 0.002525 0.0 0.0
продажи 0.002525 0.0 0.0
продолжая 0.002525 0.0 0.0
проектов 0.002525 0.0 0.0
проекторы 0.002525 0.0 0.0
проекты 0.002525 0.0 0.0
происходит 0.002525 2.995732 0.007565
пролить 0.002525 0.0 0.0
проходя 0.002525 4.60517 0.011629
процессы 0.002525 0.0 0.0
пт 0.002525 0.0 0.0
работает 0.002525 2.525729 0.006378
работают 0.002525 2.65926 0.006715
работы 0.002525 0.0 0.0
реальных 0.002525 0.0 0.0
результат 0.002525 0.0 0.0
результаты 0.002525 0.0 0.0
реклама 0.002525 0.0 0.0
решает 0.002525 0.0 0.0
ровно 0.002525 3.506558 0.008855
россии 0.002525 0.0 0.0
россияне 0.002525 0.0 0.0
рублей 0.002525 0.0 0.0
руководитель 0.002525 2.813411 0.007105
рынок 0.002525 0.0 0.0
сайте 0.002525 0.0 0.0
сайты 0.002525 0.0 0.0
самая 0.002525 0.0 0.0
самолётах 0.002525 0.0 0.0
самых 0.002525 0.0 0.0
сантиметров 0.002525 0.0 0.0
сб 0.002525 0.0 0.0
сбора 0.002525 0.0 0.0
сверхточное 0.002525 4.60517 0.011629
свет 0.002525 0.0 0.0
своей 0.002525 0.0 0.0
связи 0.002525 0.0 0.0
связь 0.002525 0.0 0.0
сегодня 0.002525 0.0 0.0
секунду 0.002525 3.506558 0.008855
секунды 0.002525 2.207275 0.005574
серверы 0.002525 0.0 0.0
сервисы 0.002525 0.0 0.0
сертификации 0.002525 3.506558 0.008855
сертификацию 0.002525 0.0 0.0
сети 0.002525 0.0 0.0
сигналы 0.002525 3.218876 0.008128
синхронизации 0.002525 4.60517 0.011629
синхронно 0.002525 3.912023 0.009879
систем 0.002525 0.653926 0.001651
системы 0.002525 1.469676 0.003711
скоро 0.002525 0.0 0.0
скриншот 0.002525 3.912023 0.009879
скука 0.002525 4.60517 0.011629
скучными 0.002525 4.60517 0.011629
сложности 0.002525 0.0 0.0
случае 0.002525 2.65926 0.006715
снова 0.002525 0.0 0.0
совершают 0.002525 4.60517 0.011629
советский 0.002525 0.0 0.0
современной 0.002525 4.60517 0.011629
соглашаетесь 0.002525 0.0 0.0
создали 0.002525 2.813411 0.007105
спасти 0.002525 0.0 0.0
спутники 0.002525 2.995732 0.007565
ср 0.002525 0.0 0.0
среда 0.002525 0.0 0.0
ссылки 0.002525 0.0 0.0
стабильность 0.002525 2.995732 0.007565
стал 0.002525 0.0 0.0
стандарт 0.002525 1.832581 0.004628
стандартов 0.002525 3.218876 0.008128
стандарты 0.002525 3.506558 0.008855
стартуют 0.002525 0.0 0.0
статистика 0.002525 0.0 0.0
статьи 0.002525 0.0 0.0
стоимость 0.002525 0.0 0.0
струя 0.002525 4.60517 0.011629
сша 0.002525 0.0 0.0
тайконавты 0.002525 0.0 0.0
тв 0.002525 0.0 0.0
теги 0.002525 0.0 0.0
текст 0.002525 0.0 0.0
технический 0.002525 0.0 0.0
технологий 0.002525 1.771957 0.004475
тик 0.002525 0.0 0.0
топ 0.002525 0.0 0.0
точное 0.002525 3.218876 0.008128
точности 0.002525 2.813411 0.007105
точность 0.002525 1.832581 0.004628
точностью 0.002525 2.302585 0.005815
точных 0.002525 3.218876 0.008128
транзакций 0.002525 3.912023 0.009879
тревогу 0.002525 3.218876 0.008128
триллионов 0.002525 4.60517 0.011629
тщательных 0.002525 4.60517 0.011629
тыс 0.002525 0.0 0.0
убрали 0.002525 0.0 0.0
упасть 0.002525 0.0 0.0
устройств 0.002525 0.0 0.0
устройства 0.002525 0.0 0.0
устройство 0.002525 2.65926 0.006715
устройством 0.002525 4.60517 0.011629
ученые 0.002525 1.89712 0.004791
ученым 0.002525 0.0 0.0
файлы 0.002525 0.0 0.0
физик 0.002525 2.995732 0.007565
финансов 0.002525 2.525729 0.006378
финансовых 0.002525 3.912023 0.009879
флагманского 0.002525 0.0 0.0
фонтана 0.002525 4.60517 0.011629
фонтанные 0.002525 4.60517 0.011629
форму 0.002525 2.65926 0.006715
фото 0.002525 0.0 0.0
фундаментальные 0.002525 0.0 0.0
хитом 0.002525 0.0 0.0
хот 0.002525 1.771957 0.004475
цезиевыми 0.002525 4.60517 0.011629
цезия 0.002525 4.60517 0.011629
цельсия 0.002525 3.912023 0.009879
центров 0.002525 4.60517 0.011629
цены 0.002525 0.0 0.0
цивилизации 0.002525 4.60517 0.011629
часов 0.002525 2.525729 0.006378
части 0.002525 0.0 0.0
частоты 0.002525 3.912023 0.009879
часы 0.002525 2.65926 0.006715
человека 0.002525 0.0 0.0
человечества 0.002525 3.912023 0.009879
чт 0.002525 0.0 0.0
шкалу 0.002525 4.60517 0.011629
штат 0.002525 2.813411 0.007105
шутит 0.002525 4.60517 0.011629
экспорт 0.002525 0.0 0.0
электронных 0.002525 3.912023 0.009879
элизабет 0.002525 3.912023 0.009879
эмбрионы 0.002525 0.0 0.0
энергетический 0.002525 3.506558 0.008855
эру 0.002525 2.525729 0.006378
эта 0.002525 1.514128 0.003824
южной 0.002525 0.0 0.0
