авиалайнера 0.002151 0.0 0.0
австралии 0.002151 0.0 0.0
автоваз 0.002151 0.0 0.0
автоматизации 0.002151 3.218876 0.006922
автоматом 0.002151 0.0 0.0
автомобили 0.002151 1.966113 0.004228
автопроизводителя 0.002151 0.0 0.0
автор 0.002151 0.0 0.0
авторы 0.002151 0.0 0.0
администрацией 0.002151 0.0 0.0
адрес 0.002151 0.0 0.0
активно 0.002151 2.407946 0.005178
активное 0.002151 3.506558 0.007541
актуальны 0.002151 3.912023 0.008413
америке 0.002151 0.0 0.0
аналитики 0.002151 0.0 0.0
андерс 0.002151 3.912023 0.008413
апрельского 0.002151 4.60517 0.009904
белка 0.002151 0.0 0.0
бестселлеры 0.002151 3.506558 0.007541
бизнес 0.002151 0.0 0.0
биологические 0.002151 0.0 0.0
биологических 0.002151 0.0 0.0
ближнем 0.002151 0.0 0.0
близко 0.002151 4.60517 0.009904
блоги 0.002151 0.0 0.0
большинство 0.002151 3.218876 0.006922
ботов 0.002151 2.525729 0.005432
будут 0.002151 0.0 0.0
бума 0.002151 3.506558 0.007541
бухгалтеры 0.002151 4.60517 0.009904
быстро 0.002151 0.0 0.0
весом 0.002151 0.0 0.0
вестергаард 0.002151 4.60517 0.009904
взаимодействуя 0.002151 4.60517 0.009904
взять 0.002151 4.60517 0.009904
видео 0.002151 0.0 0.0
видеокарты 0.002151 0.0 0.0
влияет 0.002151 3.506558 0.007541
влияние 0.002151 3.506558 0.007541
внедорожники 0.002151 0.0 0.0
внедрение 0.002151 2.813411 0.00605
внедрению 0.002151 3.912023 0.008413
внедряют 0.002151 4.60517 0.009904
внимание 0.002151 2.65926 0.005719
войти 0.002151 0.0 0.0
востоке 0.002151 0.0 0.0
времени 0.002151 1.89712 0.00408
время 0.002151 1.427116 0.003069
вс 0.002151 0.0 0.0
всему 0.002151 0.0 0.0
вт 0.002151 0.0 0.0
входят 0.002151 0.0 0.0
выводу 0.002151 3.912023 0.008413
выводы 0.002151 3.506558 0.007541
выгоды 0.002151 4.60517 0.009904
выделите 0.002151 0.0 0.0
высвобожденные 0.002151 4.60517 0.009904
высоким 0.002151 3.912023 0.008413
выходит 0.002151 0.0 0.0
выявление 0.002151 3.912023 0.008413
гарантией 0.002151 3.506558 0.007541
генеративного 0.002151 3.912023 0.008413
генеративный 0.002151 3.218876 0.006922
главную 0.002151 0.0 0.0
говорилось 0.002151 4.60517 0.009904
года 0.002151 0.0 0.0
годах 0.002151 2.995732 0.006442
дании 0.002151 2.995732 0.006442
данные 0.002151 0.0 0.0
данный 0.002151 0.0 0.0
данных 0.002151 0.0 0.0
двигатели 0.002151 0.0 0.0
двигатель 0.002151 0.0 0.0
двух 0.002151 0.0 0.0
двухлетнее 0.002151 3.506558 0.007541
день 0.002151 2.207275 0.004747
дизайн 0.002151 0.0 0.0
директор 0.002151 0.0 0.0
добавил 0.002151 2.65926 0.005719
должны 0.002151 2.813411 0.00605
долларов 0.002151 0.0 0.0
дом 0.002151 0.0 0.0
дополнительную 0.002151 3.912023 0.008413
дополнительные 0.002151 4.60517 0.009904
доставили 0.002151 0.0 0.0
достигает 0.002151 0.0 0.0
доход 0.002151 3.506558 0.007541
доходов 0.002151 3.912023 0.008413
другие 0.002151 2.040221 0.004388
завершат 0.002151 0.0 0.0
задач 0.002151 1.609438 0.003461
задачами 0.002151 4.60517 0.009904
задачах 0.002151 3.912023 0.008413
занятость 0.002151 3.506558 0.007541
запасом 0.002151 2.65926 0.005719
заработные 0.002151 4.60517 0.009904
зарплат 0.002151 3.506558 0.007541
зарплаты 0.002151 3.506558 0.007541
зафиксировано 0.002151 3.912023 0.008413
защиты 0.002151 0.0 0.0
заявления 0.002151 4.60517 0.009904
земле 0.002151 0.0 0.0
земли 0.002151 0.0 0.0
значимого 0.002151 3.912023 0.008413
зонд 0.002151 0.0 0.0
зонда 0.002151 0.0 0.0
игры 0.002151 0.0 0.0
издержки 0.002151 4.60517 0.009904
изменения 0.002151 3.218876 0.006922
изученных 0.002151 4.60517 0.009904
ии 0.002151 0.0 0.0
иллюстрация 0.002151 2.120264 0.00456
инвесторов 0.002151 4.60517 0.009904
инновационный 0.002151 0.0 0.0
инструменты 0.002151 2.65926 0.005719
интегрировать 0.002151 2.813411 0.00605
информации 0.002151 0.0 0.0
использование 0.002151 2.207275 0.004747
использования 0.002151 0.0 0.0
исследование 0.002151 2.120264 0.00456
исследований 0.002151 0.0 0.0
исследования 0.002151 2.120264 0.00456
исследованиям 0.002151 3.912023 0.008413
историческими 0.002151 4.60517 0.009904
источник 0.002151 0.0 0.0
итоги 0.002151 4.60517 0.009904
календарь 0.002151 0.0 0.0
категории 0.002151 0.0 0.0
качество 0.002151 3.506558 0.007541
кг 0.002151 0.0 0.0
километров 0.002151 0.0 0.0
китае 0.002151 2.302585 0.004952
классическим 0.002151 0.0 0.0
клон 0.002151 0.0 0.0
км 0.002151 1.309333 0.002816
комментирования 0.002151 0.0 0.0
компании 0.002151 1.347074 0.002897
компаний 0.002151 2.813411 0.00605
компаниями 0.002151 4.60517 0.009904
комплексные 0.002151 4.60517 0.009904
комфортный 0.002151 0.0 0.0
контента 0.002151 3.912023 0.008413
конференция 0.002151 0.0 0.0
копенгагенский 0.002151 4.60517 0.009904
корее 0.002151 0.0 0.0
корпуса 0.002151 0.0 0.0
космос 0.002151 0.0 0.0
космоса 0.002151 0.0 0.0
которая 0.002151 1.560648 0.003356
кроссовера 0.002151 0.0 0.0
кроссоверы 0.002151 0.0 0.0
кубических 0.002151 0.0 0.0
куки 0.002151 0.0 0.0
лет 0.002151 0.0 0.0
летать 0.002151 0.0 0.0
лету 0.002151 0.0 0.0
листа 0.002151 0.0 0.0
любые 0.002151 4.60517 0.009904
мае 0.002151 0.0 0.0
май 0.002151 0.0 0.0
макроуровне 0.002151 3.912023 0.008413
марка 0.002151 0.0 0.0
маркетологи 0.002151 4.60517 0.009904
масштабировании 0.002151 4.60517 0.009904
материалов 0.002151 0.0 0.0
машин 0.002151 0.0 0.0
машину 0.002151 0.0 0.0
мая 0.002151 0.0 0.0
межпланетный 0.002151 0.0 0.0
меньше 0.002151 2.407946 0.005178
меняет 0.002151 0.0 0.0
методологий 0.002151 4.60517 0.009904
метрового 0.002151 0.0 0.0
миллионов 0.002151 0.0 0.0
миру 0.002151 0.0 0.0
мобильные 0.002151 0.0 0.0
могут 0.002151 0.0 0.0
момент 0.002151 0.0 0.0
мониторы 0.002151 0.0 0.0
мотобрендов 0.002151 0.0 0.0
мотоциклов 0.002151 0.0 0.0
мс 0.002151 0.0 0.0
мультимедиа 0.002151 0.0 0.0
нагрузку 0.002151 3.218876 0.006922
нажмите 0.002151 0.0 0.0
назвал 0.002151 0.0 0.0
названием 0.002151 0.0 0.0
налоговых 0.002151 4.60517 0.009904
написание 0.002151 4.60517 0.009904
направления 0.002151 3.912023 0.008413
напрямую 0.002151 3.506558 0.007541
начинают 0.002151 3.218876 0.006922
нашей 0.002151 0.0 0.0
наши 0.002151 0.0 0.0
нашли 0.002151 0.0 0.0
неделю 0.002151 3.912023 0.008413
нейросетями 0.002151 4.60517 0.009904
нереализованной 0.002151 4.60517 0.009904
нивелирует 0.002151 4.60517 0.009904
новости 0.002151 0.0 0.0
новые 0.002151 0.0 0.0
новый 0.002151 0.0 0.0
новыми 0.002151 2.65926 0.005719
ном 0.002151 0.462035 0.000994
носители 0.002151 0.0 0.0
ноутбуки 0.002151 0.0 0.0
нужны 0.002151 0.0 0.0
нулю 0.002151 4.60517 0.009904
обзоры 0.002151 0.0 0.0
обработки 0.002151 0.0 0.0
образцы 0.002151 0.0 0.0
обратили 0.002151 4.60517 0.009904
объявлена 0.002151 0.0 0.0
объясняет 0.002151 2.995732 0.006442
обязанности 0.002151 4.60517 0.009904
ограничений 0.002151 2.65926 0.005719
одним 0.002151 2.525729 0.005432
одноклассник 0.002151 0.0 0.0
опросах 0.002151 4.60517 0.009904
оптимистичным 0.002151 4.60517 0.009904
орбите 0.002151 0.0 0.0
ос 0.002151 0.0 0.0
осваивают 0.002151 4.60517 0.009904
основанное 0.002151 4.60517 0.009904
основная 0.002151 3.912023 0.008413
особенно 0.002151 1.609438 0.003461
остаётся 0.002151 2.040221 0.004388
отдадут 0.002151 0.0 0.0
отечественного 0.002151 0.0 0.0
отказа 0.002151 0.0 0.0
отказались 0.002151 0.0 0.0
отключили 0.002151 0.0 0.0
отметил 0.002151 1.469676 0.003161
отметили 0.002151 2.995732 0.006442
отрицают 0.002151 4.60517 0.009904
отчёта 0.002151 4.60517 0.009904
официально 0.002151 1.966113 0.004228
охватившее 0.002151 4.60517 0.009904
оценено 0.002151 4.60517 0.009904
очень 0.002151 0.0 0.0
ошибку 0.002151 0.0 0.0
парадокс 0.002151 4.60517 0.009904
первых 0.002151 2.995732 0.006442
передать 0.002151 3.912023 0.008413
переднего 0.002151 0.0 0.0
перенаправлялись 0.002151 4.60517 0.009904
переписку 0.002151 4.60517 0.009904
перераспределяют 0.002151 4.60517 0.009904
пересмотреть 0.002151 2.813411 0.00605
период 0.002151 0.0 0.0
периферия 0.002151 0.0 0.0
персональные 0.002151 0.0 0.0
персональных 0.002151 0.0 0.0
пиар 0.002151 0.0 0.0
пк 0.002151 0.0 0.0
плагиата 0.002151 4.60517 0.009904
планшеты 0.002151 0.0 0.0
платформа 0.002151 0.0 0.0
платы 0.002151 3.506558 0.007541
пн 0.002151 0.0 0.0
повлиял 0.002151 3.506558 0.007541
повлияло 0.002151 4.60517 0.009904
повышению 0.002151 3.912023 0.008413
поглощается 0.002151 4.60517 0.009904
подвел 0.002151 0.0 0.0
поднял 0.002151 0.0 0.0
подробнее 0.002151 0.0 0.0
подходы 0.002151 3.506558 0.007541
подчёркивают 0.002151 2.995732 0.006442
поиск 0.002151 0.0 0.0
пока 0.002151 0.0 0.0
показало 0.002151 2.813411 0.00605
полезные 0.002151 0.0 0.0
политика 0.002151 0.0 0.0
политикой 0.002151 0.0 0.0
полноприводными 0.002151 0.0 0.0
полностью 0.002151 2.207275 0.004747
пользователей 0.002151 2.65926 0.005719
полётов 0.002151 0.0 0.0
помогает 0.002151 3.506558 0.007541
понимать 0.002151 4.60517 0.009904
попробовать 0.002151 0.0 0.0
популярная 0.002151 0.0 0.0
популярных 0.002151 0.0 0.0
посещать 0.002151 0.0 0.0
потенциал 0.002151 2.525729 0.005432
потенциалом 0.002151 4.60517 0.009904
потенциальную 0.002151 4.60517 0.009904
пояснил 0.002151 2.040221 0.004388
правила 0.002151 0.0 0.0
прайс 0.002151 0.0 0.0
практически 0.002151 2.995732 0.006442
представлен 0.002151 0.0 0.0
предупредил 0.002151 4.60517 0.009904
предыдущие 0.002151 4.60517 0.009904
преимуществ 0.002151 2.813411 0.00605
преподаватели 0.002151 4.60517 0.009904
прибавка 0.002151 0.0 0.0
привело 0.002151 3.912023 0.008413
привода 0.002151 0.0 0.0
призывают 0.002151 4.60517 0.009904
примерами 0.002151 4.60517 0.009904
принтеры 0.002151 0.0 0.0
причины 0.002151 0.0 0.0
пришли 0.002151 3.912023 0.008413
пробизнес 0.002151 0.0 0.0
проблемы 0.002151 2.813411 0.00605
проведения 0.002151 0.0 0.0
проверка 0.002151 4.60517 0.009904
проверки 0.002151 3.506558 0.007541
проверяют 0.002151 4.60517 0.009904
программы 0.002151 0.0 0.0
продавать 0.002151 0.0 0.0
продажи 0.002151 0.0 0.0
продано 0.002151 2.995732 0.006442
продолжая 0.002151 0.0 0.0
проектов 0.002151 0.0 0.0
проекторы 0.002151 0.0 0.0
проекты 0.002151 0.0 0.0
производительности 0.002151 3.218876 0.006922
пролить 0.002151 0.0 0.0
промптов 0.002151 3.912023 0.008413
противоречат 0.002151 4.60517 0.009904
профессий 0.002151 4.60517 0.009904
процессах 0.002151 4.60517 0.009904
процессов 0.002151 3.912023 0.008413
процессы 0.002151 0.0 0.0
пт 0.002151 0.0 0.0
работах 0.002151 4.60517 0.009904
работники 0.002151 4.60517 0.009904
работников 0.002151 3.912023 0.008413
работы 0.002151 0.0 0.0
рабочего 0.002151 4.60517 0.009904
рабочих 0.002151 3.912023 0.008413
различием 0.002151 4.60517 0.009904
разочарование 0.002151 4.60517 0.009904
распродает 0.002151 3.506558 0.007541
реальности 0.002151 4.60517 0.009904
реальных 0.002151 0.0 0.0
результаты 0.002151 0.0 0.0
резюмировал 0.002151 4.60517 0.009904
реклама 0.002151 0.0 0.0
рекорд 0.002151 2.120264 0.00456
ресурсы 0.002151 3.912023 0.008413
решает 0.002151 0.0 0.0
решают 0.002151 3.912023 0.008413
россии 0.002151 0.0 0.0
россияне 0.002151 0.0 0.0
рост 0.002151 0.755023 0.001624
роста 0.002151 2.525729 0.005432
росте 0.002151 3.912023 0.008413
рублей 0.002151 0.0 0.0
рынка 0.002151 2.525729 0.005432
рынок 0.002151 0.0 0.0
сайте 0.002151 0.0 0.0
сайты 0.002151 0.0 0.0
самая 0.002151 0.0 0.0
самолётах 0.002151 0.0 0.0
самых 0.002151 0.0 0.0
сантиметров 0.002151 0.0 0.0
сб 0.002151 0.0 0.0
сбора 0.002151 0.0 0.0
свет 0.002151 0.0 0.0
свете 0.002151 4.60517 0.009904
своей 0.002151 0.0 0.0
связи 0.002151 0.0 0.0
связь 0.002151 0.0 0.0
сгенерированных 0.002151 3.912023 0.008413
сегодня 0.002151 0.0 0.0
серверы 0.002151 0.0 0.0
сервисы 0.002151 0.0 0.0
сертификацию 0.002151 0.0 0.0
сети 0.002151 0.0 0.0
систем 0.002151 0.653926 0.001406
скидками 0.002151 2.813411 0.00605
скоро 0.002151 0.0 0.0
скрытые 0.002151 4.60517 0.009904
сложности 0.002151 0.0 0.0
снова 0.002151 0.0 0.0
советский 0.002151 0.0 0.0
соглашаетесь 0.002151 0.0 0.0
создаёт 0.002151 4.60517 0.009904
сокращения 0.002151 3.506558 0.007541
составила 0.002151 3.506558 0.007541
сотрудник 0.002151 3.218876 0.006922
сотрудники 0.002151 4.60517 0.009904
сотрудников 0.002151 3.912023 0.008413
спасти 0.002151 0.0 0.0
специалисты 0.002151 2.995732 0.006442
ср 0.002151 0.0 0.0
сравнил 0.002151 4.60517 0.009904
среда 0.002151 0.0 0.0
средняя 0.002151 4.60517 0.009904
ссылки 0.002151 0.0 0.0
стал 0.002151 0.0 0.0
стало 0.002151 2.525729 0.005432
стартуют 0.002151 0.0 0.0
статистика 0.002151 0.0 0.0
статьи 0.002151 0.0 0.0
стоимость 0.002151 0.0 0.0
столкнулись 0.002151 4.60517 0.009904
структурные 0.002151 4.60517 0.009904
студенческих 0.002151 4.60517 0.009904
сферах 0.002151 4.60517 0.009904
сша 0.002151 0.0 0.0
тайконавты 0.002151 0.0 0.0
таких 0.002151 2.207275 0.004747
тв 0.002151 0.0 0.0
теги 0.002151 0.0 0.0
текст 0.002151 0.0 0.0
текстов 0.002151 4.60517 0.009904
технический 0.002151 0.0 0.0
технологии 0.002151 1.514128 0.003256
технологий 0.002151 1.771957 0.003811
топ 0.002151 0.0 0.0
точечное 0.002151 4.60517 0.009904
трансформации 0.002151 4.60517 0.009904
трансформируются 0.002151 4.60517 0.009904
тратит 0.002151 4.60517 0.009904
тратят 0.002151 4.60517 0.009904
труда 0.002151 3.506558 0.007541
тыс 0.002151 0.0 0.0
тысяч 0.002151 2.407946 0.005178
убрали 0.002151 0.0 0.0
узких 0.002151 3.912023 0.008413
университет 0.002151 2.040221 0.004388
упасть 0.002151 0.0 0.0
установили 0.002151 2.65926 0.005719
устройства 0.002151 0.0 0.0
ученым 0.002151 0.0 0.0
учителя 0.002151 4.60517 0.009904
учитывать 0.002151 4.60517 0.009904
учёные 0.002151 1.966113 0.004228
файлы 0.002151 0.0 0.0
флагманского 0.002151 0.0 0.0
фокусировались 0.002151 4.60517 0.009904
фото 0.002151 0.0 0.0
фундаментальные 0.002151 0.0 0.0
хитом 0.002151 0.0 0.0
хода 0.002151 1.609438 0.003461
хумлум 0.002151 4.60517 0.009904
цены 0.002151 0.0 0.0
часа 0.002151 3.912023 0.008413
часов 0.002151 2.525729 0.005432
части 0.002151 0.0 0.0
часть 0.002151 2.407946 0.005178
часы 0.002151 2.65926 0.005719
чат 0.002151 1.049822 0.002258
человека 0.002151 0.0 0.0
чикагский 0.002151 4.60517 0.009904
чт 0.002151 0.0 0.0
экономист 0.002151 4.60517 0.009904
экономисты 0.002151 4.60517 0.009904
экономить 0.002151 4.60517 0.009904
экономическое 0.002151 4.60517 0.009904
экономия 0.002151 4.60517 0.009904
экономят 0.002151 4.60517 0.009904
экспорт 0.002151 0.0 0.0
эмбрионы 0.002151 0.0 0.0
эмилия 0.002151 4.60517 0.009904
эффекта 0.002151 4.60517 0.009904
эффективность 0.002151 2.120264 0.00456
южной 0.002151 0.0 0.0
юристы 0.002151 4.60517 0.009904
