авиалайнера 0.002353 0.0 0.0
австралии 0.002353 0.0 0.0
автоваз 0.002353 0.0 0.0
автоматом 0.002353 0.0 0.0
автопроизводителя 0.002353 0.0 0.0
автор 0.002353 0.0 0.0
авторы 0.002353 0.0 0.0
адаптированные 0.002353 4.60517 0.010836
администрацией 0.002353 0.0 0.0
адрес 0.002353 0.0 0.0
актуальны 0.002353 3.912023 0.009205
америке 0.002353 0.0 0.0
аналитики 0.002353 0.0 0.0
аналогичных 0.002353 4.60517 0.010836
апреля 0.002353 1.966113 0.004626
архитектуре 0.002353 4.60517 0.010836
архитектуру 0.002353 3.912023 0.009205
архитектуры 0.002353 4.60517 0.010836
белка 0.002353 0.0 0.0
биологические 0.002353 0.0 0.0
биологических 0.002353 0.0 0.0
ближайших 0.002353 3.912023 0.009205
ближнем 0.002353 0.0 0.0
блоги 0.002353 0.0 0.0
будут 0.002353 0.0 0.0
будущих 0.002353 2.65926 0.006257
быстро 0.002353 0.0 0.0
бюджетных 0.002353 4.60517 0.010836
важно 0.002353 2.120264 0.004989
версии 0.002353 1.714798 0.004035
весом 0.002353 0.0 0.0
видео 0.002353 0.0 0.0
видеокарт 0.002353 0.0 0.0
видеокарты 0.002353 0.0 0.0
владельцев 0.002353 3.506558 0.008251
влияния 0.002353 3.218876 0.007574
внедорожники 0.002353 0.0 0.0
возродить 0.002353 3.506558 0.008251
войти 0.002353 0.0 0.0
востоке 0.002353 0.0 0.0
вс 0.002353 0.0 0.0
всеми 0.002353 3.506558 0.008251
всему 0.002353 0.0 0.0
встроенными 0.002353 4.60517 0.010836
вт 0.002353 0.0 0.0
входят 0.002353 0.0 0.0
выделите 0.002353 0.0 0.0
выделяется 0.002353 3.912023 0.009205
выжать 0.002353 4.60517 0.010836
вызывают 0.002353 4.60517 0.010836
выходит 0.002353 0.0 0.0
геймеров 0.002353 4.60517 0.010836
главную 0.002353 0.0 0.0
го 0.002353 0.0 0.0
года 0.002353 0.0 0.0
графическими 0.002353 4.60517 0.010836
графических 0.002353 4.60517 0.010836
данные 0.002353 0.0 0.0
данный 0.002353 0.0 0.0
данных 0.002353 0.0 0.0
двигатели 0.002353 0.0 0.0
двигатель 0.002353 0.0 0.0
двух 0.002353 0.0 0.0
делает 0.002353 2.302585 0.005418
десктопных 0.002353 4.60517 0.010836
дизайн 0.002353 0.0 0.0
директор 0.002353 0.0 0.0
дискретным 0.002353 4.60517 0.010836
добавила 0.002353 3.218876 0.007574
дождаться 0.002353 4.60517 0.010836
долларов 0.002353 0.0 0.0
дом 0.002353 0.0 0.0
доставили 0.002353 0.0 0.0
достигает 0.002353 0.0 0.0
драйверами 0.002353 4.60517 0.010836
драйверов 0.002353 3.506558 0.008251
драйверы 0.002353 4.60517 0.010836
её 0.002353 1.203973 0.002833
завершат 0.002353 0.0 0.0
заметные 0.002353 4.60517 0.010836
запросы 0.002353 3.506558 0.008251
защиты 0.002353 0.0 0.0
земле 0.002353 0.0 0.0
земли 0.002353 0.0 0.0
значения 0.002353 4.60517 0.010836
значимого 0.002353 3.912023 0.009205
зонд 0.002353 0.0 0.0
зонда 0.002353 0.0 0.0
игр 0.002353 0.0 0.0
играм 0.002353 3.506558 0.008251
играх 0.002353 3.218876 0.007574
игровые 0.002353 3.506558 0.008251
игровых 0.002353 4.60517 0.010836
игры 0.002353 0.0 0.0
изображение 0.002353 1.514128 0.003563
имя 0.002353 4.60517 0.010836
инновационный 0.002353 0.0 0.0
интеграцией 0.002353 3.912023 0.009205
интегрированных 0.002353 4.60517 0.010836
информации 0.002353 0.0 0.0
использования 0.002353 0.0 0.0
использовать 0.002353 2.525729 0.005943
используемых 0.002353 4.60517 0.010836
исследований 0.002353 0.0 0.0
источник 0.002353 0.0 0.0
кадров 0.002353 2.65926 0.006257
календарь 0.002353 0.0 0.0
категории 0.002353 0.0 0.0
качестве 0.002353 2.813411 0.00662
кг 0.002353 0.0 0.0
километров 0.002353 0.0 0.0
классическим 0.002353 0.0 0.0
клон 0.002353 0.0 0.0
кодовое 0.002353 4.60517 0.010836
комментирования 0.002353 0.0 0.0
компании 0.002353 1.347074 0.00317
компания 0.002353 0.820981 0.001932
комфортный 0.002353 0.0 0.0
конференция 0.002353 0.0 0.0
корее 0.002353 0.0 0.0
корпуса 0.002353 0.0 0.0
космос 0.002353 0.0 0.0
космоса 0.002353 0.0 0.0
которое 0.002353 2.525729 0.005943
кристалл 0.002353 3.912023 0.009205
кроссовера 0.002353 0.0 0.0
кроссоверы 0.002353 0.0 0.0
кубических 0.002353 0.0 0.0
куки 0.002353 0.0 0.0
летать 0.002353 0.0 0.0
лету 0.002353 0.0 0.0
линейке 0.002353 4.60517 0.010836
листа 0.002353 0.0 0.0
мае 0.002353 0.0 0.0
май 0.002353 0.0 0.0
марка 0.002353 0.0 0.0
материалов 0.002353 0.0 0.0
машину 0.002353 0.0 0.0
мая 0.002353 0.0 0.0
межпланетный 0.002353 0.0 0.0
меняет 0.002353 0.0 0.0
месяцев 0.002353 2.813411 0.00662
метрового 0.002353 0.0 0.0
миллионов 0.002353 0.0 0.0
минимальные 0.002353 3.912023 0.009205
минимальный 0.002353 3.912023 0.009205
миру 0.002353 0.0 0.0
мобильные 0.002353 0.0 0.0
мобильных 0.002353 3.506558 0.008251
могут 0.002353 0.0 0.0
модели 0.002353 1.139434 0.002681
модель 0.002353 1.469676 0.003458
момент 0.002353 0.0 0.0
мониторы 0.002353 0.0 0.0
мотобрендов 0.002353 0.0 0.0
мотоциклов 0.002353 0.0 0.0
мощными 0.002353 4.60517 0.010836
мс 0.002353 0.0 0.0
мультимедиа 0.002353 0.0 0.0
нажмите 0.002353 0.0 0.0
назвал 0.002353 0.0 0.0
названием 0.002353 0.0 0.0
напрямую 0.002353 3.506558 0.008251
наследие 0.002353 4.60517 0.010836
начиная 0.002353 3.912023 0.009205
нашей 0.002353 0.0 0.0
наши 0.002353 0.0 0.0
нашли 0.002353 0.0 0.0
нестабильность 0.002353 4.60517 0.010836
нетребовательных 0.002353 4.60517 0.010836
низком 0.002353 3.912023 0.009205
нишевым 0.002353 3.912023 0.009205
новости 0.002353 0.0 0.0
новые 0.002353 0.0 0.0
новый 0.002353 0.0 0.0
новых 0.002353 1.771957 0.004169
носители 0.002353 0.0 0.0
ноутбуке 0.002353 4.60517 0.010836
ноутбуки 0.002353 0.0 0.0
ноутбуков 0.002353 4.60517 0.010836
нужны 0.002353 0.0 0.0
обзоры 0.002353 0.0 0.0
обновление 0.002353 3.218876 0.007574
обновлений 0.002353 4.60517 0.010836
обновлениями 0.002353 3.506558 0.008251
обновлённые 0.002353 3.506558 0.008251
обработки 0.002353 0.0 0.0
образцы 0.002353 0.0 0.0
объявлена 0.002353 0.0 0.0
объясняет 0.002353 2.995732 0.007049
ограниченных 0.002353 4.60517 0.010836
ограничены 0.002353 4.60517 0.010836
одноклассник 0.002353 0.0 0.0
оказалось 0.002353 2.995732 0.007049
оказывают 0.002353 3.506558 0.008251
оперативной 0.002353 4.60517 0.010836
оптимизации 0.002353 2.813411 0.00662
опыт 0.002353 2.207275 0.005194
орбите 0.002353 0.0 0.0
ос 0.002353 0.0 0.0
особенно 0.002353 1.609438 0.003787
особенностями 0.002353 4.60517 0.010836
останется 0.002353 3.506558 0.008251
останутся 0.002353 3.506558 0.008251
ответом 0.002353 3.912023 0.009205
отвечающим 0.002353 4.60517 0.010836
отдадут 0.002353 0.0 0.0
отечественного 0.002353 0.0 0.0
отзывам 0.002353 4.60517 0.010836
отказа 0.002353 0.0 0.0
отказались 0.002353 0.0 0.0
отключили 0.002353 0.0 0.0
открытую 0.002353 3.506558 0.008251
отсутствие 0.002353 4.60517 0.010836
официально 0.002353 1.966113 0.004626
очень 0.002353 0.0 0.0
ошибку 0.002353 0.0 0.0
памяти 0.002353 2.995732 0.007049
пепла 0.002353 3.506558 0.008251
первую 0.002353 2.995732 0.007049
переднего 0.002353 0.0 0.0
период 0.002353 0.0 0.0
периферия 0.002353 0.0 0.0
персональные 0.002353 0.0 0.0
персональных 0.002353 0.0 0.0
пиар 0.002353 0.0 0.0
пк 0.002353 0.0 0.0
планирует 0.002353 1.714798 0.004035
планшеты 0.002353 0.0 0.0
платформа 0.002353 0.0 0.0
платформу 0.002353 3.912023 0.009205
пн 0.002353 0.0 0.0
повторять 0.002353 4.60517 0.010836
подвел 0.002353 0.0 0.0
поддерживать 0.002353 3.912023 0.009205
поднял 0.002353 0.0 0.0
подробнее 0.002353 0.0 0.0
подтормаживания 0.002353 4.60517 0.010836
подчёркивая 0.002353 3.912023 0.009205
позиционируемые 0.002353 4.60517 0.010836
поиск 0.002353 0.0 0.0
пока 0.002353 0.0 0.0
показало 0.002353 2.813411 0.00662
показатели 0.002353 4.60517 0.010836
поколения 0.002353 2.995732 0.007049
поколениях 0.002353 4.60517 0.010836
полезные 0.002353 0.0 0.0
политика 0.002353 0.0 0.0
политикой 0.002353 0.0 0.0
полноприводными 0.002353 0.0 0.0
получают 0.002353 3.218876 0.007574
пользователи 0.002353 3.506558 0.008251
полётов 0.002353 0.0 0.0
помощи 0.002353 3.218876 0.007574
попробовать 0.002353 0.0 0.0
популярная 0.002353 0.0 0.0
популярных 0.002353 0.0 0.0
посещать 0.002353 0.0 0.0
последними 0.002353 3.506558 0.008251
последующие 0.002353 3.912023 0.009205
потенциал 0.002353 2.525729 0.005943
поэтому 0.002353 3.506558 0.008251
появятся 0.002353 3.506558 0.008251
правила 0.002353 0.0 0.0
прайс 0.002353 0.0 0.0
практичными 0.002353 4.60517 0.010836
представила 0.002353 1.832581 0.004312
представлен 0.002353 0.0 0.0
прибавка 0.002353 0.0 0.0
привода 0.002353 0.0 0.0
применяется 0.002353 3.506558 0.008251
примерно 0.002353 2.995732 0.007049
принтеры 0.002353 0.0 0.0
прирост 0.002353 4.60517 0.010836
причины 0.002353 0.0 0.0
пробизнес 0.002353 0.0 0.0
проведения 0.002353 0.0 0.0
проводилось 0.002353 4.60517 0.010836
программы 0.002353 0.0 0.0
продавать 0.002353 0.0 0.0
продаж 0.002353 0.0 0.0
продажи 0.002353 0.0 0.0
продолжает 0.002353 2.407946 0.005666
продолжая 0.002353 0.0 0.0
проектов 0.002353 0.0 0.0
проекторы 0.002353 0.0 0.0
проекты 0.002353 0.0 0.0
производителей 0.002353 3.912023 0.009205
производительности 0.002353 3.218876 0.007574
производительность 0.002353 3.506558 0.008251
пролить 0.002353 0.0 0.0
процессорах 0.002353 4.60517 0.010836
процессоров 0.002353 3.912023 0.009205
процессором 0.002353 3.912023 0.009205
процессы 0.002353 0.0 0.0
проявиться 0.002353 4.60517 0.010836
прямо 0.002353 3.912023 0.009205
пт 0.002353 0.0 0.0
пытающихся 0.002353 4.60517 0.010836
работает 0.002353 2.525729 0.005943
работе 0.002353 3.912023 0.009205
работы 0.002353 0.0 0.0
разницу 0.002353 4.60517 0.010836
разработке 0.002353 2.65926 0.006257
рассуждений 0.002353 3.506558 0.008251
реальных 0.002353 0.0 0.0
режиме 0.002353 2.995732 0.007049
результатов 0.002353 3.912023 0.009205
результаты 0.002353 0.0 0.0
реклама 0.002353 0.0 0.0
рекомендует 0.002353 4.60517 0.010836
решает 0.002353 0.0 0.0
решением 0.002353 2.813411 0.00662
решения 0.002353 2.040221 0.004801
решениями 0.002353 4.60517 0.010836
роль 0.002353 1.89712 0.004464
россии 0.002353 0.0 0.0
россияне 0.002353 0.0 0.0
рублей 0.002353 0.0 0.0
рынок 0.002353 0.0 0.0
сайта 0.002353 3.912023 0.009205
сайте 0.002353 0.0 0.0
сайты 0.002353 0.0 0.0
самая 0.002353 0.0 0.0
самолётах 0.002353 0.0 0.0
самыми 0.002353 4.60517 0.010836
самых 0.002353 0.0 0.0
сантиметров 0.002353 0.0 0.0
сб 0.002353 0.0 0.0
сбои 0.002353 3.912023 0.009205
сбора 0.002353 0.0 0.0
свет 0.002353 0.0 0.0
своей 0.002353 0.0 0.0
своих 0.002353 3.218876 0.007574
связи 0.002353 0.0 0.0
связь 0.002353 0.0 0.0
сегодня 0.002353 0.0 0.0
серверы 0.002353 0.0 0.0
сервисы 0.002353 0.0 0.0
сертификацию 0.002353 0.0 0.0
сети 0.002353 0.0 0.0
систем 0.002353 0.653926 0.001539
системы 0.002353 1.469676 0.003458
скоро 0.002353 0.0 0.0
скромный 0.002353 4.60517 0.010836
сложности 0.002353 0.0 0.0
случаев 0.002353 3.506558 0.008251
снижает 0.002353 2.407946 0.005666
снова 0.002353 0.0 0.0
советский 0.002353 0.0 0.0
совместимы 0.002353 3.912023 0.009205
соглашаетесь 0.002353 0.0 0.0
содержат 0.002353 3.912023 0.009205
созданные 0.002353 4.60517 0.010836
сотрудничество 0.002353 2.65926 0.006257
спасти 0.002353 0.0 0.0
ср 0.002353 0.0 0.0
сравнение 0.002353 4.60517 0.010836
среда 0.002353 0.0 0.0
среднюю 0.002353 4.60517 0.010836
ссылки 0.002353 0.0 0.0
стал 0.002353 0.0 0.0
стало 0.002353 2.525729 0.005943
стартуют 0.002353 0.0 0.0
статистика 0.002353 0.0 0.0
статус 0.002353 2.995732 0.007049
статьи 0.002353 0.0 0.0
стоимость 0.002353 0.0 0.0
сторонние 0.002353 3.506558 0.008251
судя 0.002353 3.506558 0.008251
сценариях 0.002353 4.60517 0.010836
сша 0.002353 0.0 0.0
тайконавты 0.002353 0.0 0.0
такие 0.002353 1.714798 0.004035
тв 0.002353 0.0 0.0
теги 0.002353 0.0 0.0
текст 0.002353 0.0 0.0
текущую 0.002353 3.912023 0.009205
тестирование 0.002353 2.995732 0.007049
тестировании 0.002353 4.60517 0.010836
технический 0.002353 0.0 0.0
технологий 0.002353 1.771957 0.004169
течение 0.002353 2.813411 0.00662
той 0.002353 0.916291 0.002156
топ 0.002353 0.0 0.0
требованиям 0.002353 3.218876 0.007574
тремя 0.002353 3.218876 0.007574
тыс 0.002353 0.0 0.0
убрали 0.002353 0.0 0.0
увеличивают 0.002353 4.60517 0.010836
улучшает 0.002353 3.506558 0.008251
улучшения 0.002353 3.218876 0.007574
улучшило 0.002353 4.60517 0.010836
уникальным 0.002353 4.60517 0.010836
упасть 0.002353 0.0 0.0
ускорителей 0.002353 3.218876 0.007574
успешным 0.002353 2.995732 0.007049
установить 0.002353 4.60517 0.010836
устройств 0.002353 0.0 0.0
устройства 0.002353 0.0 0.0
уступает 0.002353 4.60517 0.010836
ученым 0.002353 0.0 0.0
файлы 0.002353 0.0 0.0
флагманского 0.002353 0.0 0.0
фото 0.002353 0.0 0.0
фундаментальные 0.002353 0.0 0.0
хит 0.002353 0.0 0.0
хитом 0.002353 0.0 0.0
цены 0.002353 0.0 0.0
части 0.002353 0.0 0.0
частоту 0.002353 2.995732 0.007049
человека 0.002353 0.0 0.0
чипа 0.002353 3.912023 0.009205
чипы 0.002353 3.506558 0.008251
чт 0.002353 0.0 0.0
шанс 0.002353 3.218876 0.007574
экспериментальные 0.002353 4.60517 0.010836
экспериментальный 0.002353 4.60517 0.010836
экспорт 0.002353 0.0 0.0
эмбрионы 0.002353 0.0 0.0
энергопотреблением 0.002353 3.912023 0.009205
энергоэффективности 0.002353 3.912023 0.009205
энергоэффективность 0.002353 3.218876 0.007574
южной 0.002353 0.0 0.0
языковую 0.002353 3.506558 0.008251
