авиалайнера 0.002222 0.0 0.0
австралии 0.002222 0.0 0.0
автоваз 0.002222 0.0 0.0
автоматом 0.002222 0.0 0.0
автопроизводителя 0.002222 0.0 0.0
автор 0.002222 0.0 0.0
авторы 0.002222 0.0 0.0
администрацией 0.002222 0.0 0.0
адрес 0.002222 0.0 0.0
американские 0.002222 2.813411 0.006252
американский 0.002222 2.813411 0.006252
американского 0.002222 3.912023 0.008693
америке 0.002222 0.0 0.0
аналитик 0.002222 0.0 0.0
аналитики 0.002222 0.0 0.0
аналога 0.002222 3.912023 0.008693
астероидов 0.002222 3.506558 0.007792
безубыточного 0.002222 4.60517 0.010234
белка 0.002222 0.0 0.0
беспрецедентный 0.002222 4.60517 0.010234
биологические 0.002222 0.0 0.0
биологических 0.002222 0.0 0.0
биосфера 0.002222 3.506558 0.007792
ближнем 0.002222 0.0 0.0
блоги 0.002222 0.0 0.0
будут 0.002222 0.0 0.0
быстро 0.002222 0.0 0.0
весом 0.002222 0.0 0.0
видео 0.002222 0.0 0.0
видеокарты 0.002222 0.0 0.0
внедорожники 0.002222 0.0 0.0
возводя 0.002222 4.60517 0.010234
возможной 0.002222 4.60517 0.010234
войти 0.002222 0.0 0.0
вопрос 0.002222 1.660731 0.003691
востоке 0.002222 0.0 0.0
впервые 0.002222 2.120264 0.004712
время 0.002222 1.427116 0.003171
вс 0.002222 0.0 0.0
всему 0.002222 0.0 0.0
вт 0.002222 0.0 0.0
входной 0.002222 4.60517 0.010234
входят 0.002222 0.0 0.0
вывести 0.002222 3.506558 0.007792
выделите 0.002222 0.0 0.0
выделяя 0.002222 4.60517 0.010234
выработку 0.002222 4.60517 0.010234
высокоэнергетические 0.002222 4.60517 0.010234
выходит 0.002222 0.0 0.0
гибридной 0.002222 3.506558 0.007792
гибридную 0.002222 3.506558 0.007792
главную 0.002222 0.0 0.0
глобальный 0.002222 3.506558 0.007792
год 0.002222 0.0 0.0
года 0.002222 0.0 0.0
году 0.002222 1.272966 0.002829
гонке 0.002222 2.65926 0.005909
город 0.002222 2.813411 0.006252
государственную 0.002222 4.60517 0.010234
данные 0.002222 0.0 0.0
данный 0.002222 0.0 0.0
данных 0.002222 0.0 0.0
дата 0.002222 2.813411 0.006252
двигатели 0.002222 0.0 0.0
двигатель 0.002222 0.0 0.0
двух 0.002222 0.0 0.0
деккер 0.002222 4.60517 0.010234
делают 0.002222 3.912023 0.008693
деление 0.002222 2.995732 0.006657
делительной 0.002222 4.60517 0.010234
делительную 0.002222 4.60517 0.010234
дизайн 0.002222 0.0 0.0
директор 0.002222 0.0 0.0
долгоживущих 0.002222 4.60517 0.010234
долларов 0.002222 0.0 0.0
дом 0.002222 0.0 0.0
домов 0.002222 3.912023 0.008693
доставили 0.002222 0.0 0.0
достигает 0.002222 0.0 0.0
достигла 0.002222 3.912023 0.008693
доступ 0.002222 1.347074 0.002993
завершат 0.002222 0.0 0.0
зажигания 0.002222 4.60517 0.010234
закупках 0.002222 4.60517 0.010234
запланирован 0.002222 1.966113 0.004369
запуск 0.002222 1.272966 0.002829
запускать 0.002222 3.506558 0.007792
запустить 0.002222 4.60517 0.010234
защите 0.002222 3.506558 0.007792
защиты 0.002222 0.0 0.0
защищены 0.002222 4.60517 0.010234
земле 0.002222 0.0 0.0
земли 0.002222 0.0 0.0
земных 0.002222 3.218876 0.007153
зонд 0.002222 0.0 0.0
зонда 0.002222 0.0 0.0
игры 0.002222 0.0 0.0
изменить 0.002222 2.995732 0.006657
ии 0.002222 0.0 0.0
инновационный 0.002222 0.0 0.0
интеграцией 0.002222 3.912023 0.008693
интегрируя 0.002222 4.60517 0.010234
информации 0.002222 0.0 0.0
использования 0.002222 0.0 0.0
используюет 0.002222 4.60517 0.010234
используются 0.002222 3.912023 0.008693
испытательными 0.002222 4.60517 0.010234
исследований 0.002222 0.0 0.0
исследования 0.002222 2.120264 0.004712
исследовательский 0.002222 3.506558 0.007792
источник 0.002222 0.0 0.0
источником 0.002222 4.60517 0.010234
календарь 0.002222 0.0 0.0
категории 0.002222 0.0 0.0
кг 0.002222 0.0 0.0
километров 0.002222 0.0 0.0
китай 0.002222 1.171183 0.002603
китайские 0.002222 2.525729 0.005613
китайский 0.002222 2.813411 0.006252
китая 0.002222 2.995732 0.006657
классическим 0.002222 0.0 0.0
клон 0.002222 0.0 0.0
ключевым 0.002222 2.525729 0.005613
кнр 0.002222 3.218876 0.007153
колебаний 0.002222 3.506558 0.007792
комментирования 0.002222 0.0 0.0
комплекс 0.002222 2.65926 0.005909
комфортный 0.002222 0.0 0.0
конструкция 0.002222 3.912023 0.008693
конференция 0.002222 0.0 0.0
корее 0.002222 0.0 0.0
корпуса 0.002222 0.0 0.0
космос 0.002222 0.0 0.0
космоса 0.002222 0.0 0.0
которая 0.002222 1.560648 0.003468
которой 0.002222 2.65926 0.005909
которые 0.002222 1.309333 0.00291
который 0.002222 1.386294 0.003081
кроссовера 0.002222 0.0 0.0
кроссоверы 0.002222 0.0 0.0
крупнее 0.002222 4.60517 0.010234
крупнейший 0.002222 3.912023 0.008693
крупный 0.002222 4.60517 0.010234
кубических 0.002222 0.0 0.0
куки 0.002222 0.0 0.0
лазерные 0.002222 3.912023 0.008693
лазеры 0.002222 4.60517 0.010234
ландшафт 0.002222 3.912023 0.008693
легкие 0.002222 3.912023 0.008693
летать 0.002222 0.0 0.0
лету 0.002222 0.0 0.0
лидером 0.002222 3.218876 0.007153
лидеры 0.002222 4.60517 0.010234
листа 0.002222 0.0 0.0
магнитное 0.002222 3.506558 0.007792
мае 0.002222 0.0 0.0
май 0.002222 0.0 0.0
марка 0.002222 0.0 0.0
марсианская 0.002222 3.506558 0.007792
масштабам 0.002222 4.60517 0.010234
материалах 0.002222 4.60517 0.010234
материалов 0.002222 0.0 0.0
машину 0.002222 0.0 0.0
мая 0.002222 0.0 0.0
мвт 0.002222 4.60517 0.010234
межпланетный 0.002222 0.0 0.0
меняет 0.002222 0.0 0.0
места 0.002222 2.813411 0.006252
метрового 0.002222 0.0 0.0
микробов 0.002222 3.506558 0.007792
миллионов 0.002222 0.0 0.0
министерства 0.002222 3.912023 0.008693
мире 0.002222 1.771957 0.003938
мировые 0.002222 3.912023 0.008693
миру 0.002222 0.0 0.0
миссии 0.002222 1.514128 0.003365
мобильные 0.002222 0.0 0.0
могут 0.002222 0.0 0.0
момент 0.002222 0.0 0.0
мониторы 0.002222 0.0 0.0
мотобрендов 0.002222 0.0 0.0
мотоциклов 0.002222 0.0 0.0
мощности 0.002222 3.218876 0.007153
мощностью 0.002222 1.832581 0.004072
мощную 0.002222 4.60517 0.010234
мощные 0.002222 4.60517 0.010234
мс 0.002222 0.0 0.0
мультимедиа 0.002222 0.0 0.0
мяньяне 0.002222 4.60517 0.010234
нажмите 0.002222 0.0 0.0
назвал 0.002222 0.0 0.0
названием 0.002222 0.0 0.0
наньчане 0.002222 4.60517 0.010234
наука 0.002222 1.966113 0.004369
научного 0.002222 4.60517 0.010234
национальную 0.002222 4.60517 0.010234
нашей 0.002222 0.0 0.0
наши 0.002222 0.0 0.0
нашли 0.002222 0.0 0.0
неисчерпаемой 0.002222 4.60517 0.010234
нейтроны 0.002222 4.60517 0.010234
необходимой 0.002222 4.60517 0.010234
новости 0.002222 0.0 0.0
новые 0.002222 0.0 0.0
новый 0.002222 0.0 0.0
носители 0.002222 0.0 0.0
ноутбуки 0.002222 0.0 0.0
нужны 0.002222 0.0 0.0
обеспечив 0.002222 1.966113 0.004369
обеспечивать 0.002222 4.60517 0.010234
обещает 0.002222 3.506558 0.007792
обзоры 0.002222 0.0 0.0
области 0.002222 2.120264 0.004712
обработки 0.002222 0.0 0.0
образная 0.002222 4.60517 0.010234
образный 0.002222 3.506558 0.007792
образцы 0.002222 0.0 0.0
объект 0.002222 2.207275 0.004905
объявлена 0.002222 0.0 0.0
одноклассник 0.002222 0.0 0.0
окружающих 0.002222 4.60517 0.010234
опережающий 0.002222 3.506558 0.007792
опирается 0.002222 4.60517 0.010234
оптимизирует 0.002222 3.506558 0.007792
орбите 0.002222 0.0 0.0
ос 0.002222 0.0 0.0
освоим 0.002222 4.60517 0.010234
острове 0.002222 4.60517 0.010234
отдадут 0.002222 0.0 0.0
отечественного 0.002222 0.0 0.0
отказа 0.002222 0.0 0.0
отказались 0.002222 0.0 0.0
отключили 0.002222 0.0 0.0
отметил 0.002222 1.469676 0.003266
отходов 0.002222 3.912023 0.008693
отходы 0.002222 3.506558 0.007792
очень 0.002222 0.0 0.0
ошибку 0.002222 0.0 0.0
параллельно 0.002222 1.89712 0.004216
партнёры 0.002222 3.218876 0.007153
первой 0.002222 2.995732 0.006657
первую 0.002222 2.995732 0.006657
переднего 0.002222 0.0 0.0
период 0.002222 0.0 0.0
периферия 0.002222 0.0 0.0
персональные 0.002222 0.0 0.0
персональных 0.002222 0.0 0.0
пиар 0.002222 0.0 0.0
пинчевой 0.002222 4.60517 0.010234
пинчевую 0.002222 4.60517 0.010234
питать 0.002222 4.60517 0.010234
пк 0.002222 0.0 0.0
плазме 0.002222 3.912023 0.008693
плазмой 0.002222 3.912023 0.008693
плазмы 0.002222 3.912023 0.008693
планета 0.002222 2.995732 0.006657
планеты 0.002222 2.302585 0.005117
планирует 0.002222 1.714798 0.003811
планшеты 0.002222 0.0 0.0
платформа 0.002222 0.0 0.0
площадками 0.002222 4.60517 0.010234
пн 0.002222 0.0 0.0
повышению 0.002222 3.912023 0.008693
подвел 0.002222 0.0 0.0
поддержку 0.002222 2.65926 0.005909
поднял 0.002222 0.0 0.0
подобные 0.002222 3.506558 0.007792
подробнее 0.002222 0.0 0.0
подтверждают 0.002222 3.506558 0.007792
подходы 0.002222 3.506558 0.007792
поиск 0.002222 0.0 0.0
пока 0.002222 0.0 0.0
показывают 0.002222 3.912023 0.008693
полагаются 0.002222 4.60517 0.010234
поле 0.002222 0.0 0.0
полезные 0.002222 0.0 0.0
политика 0.002222 0.0 0.0
политикой 0.002222 0.0 0.0
полноприводными 0.002222 0.0 0.0
полётов 0.002222 0.0 0.0
попробовать 0.002222 0.0 0.0
популярная 0.002222 0.0 0.0
популярных 0.002222 0.0 0.0
посещать 0.002222 0.0 0.0
потерять 0.002222 4.60517 0.010234
правила 0.002222 0.0 0.0
прайс 0.002222 0.0 0.0
практически 0.002222 2.995732 0.006657
превосходит 0.002222 3.912023 0.008693
предположительно 0.002222 3.506558 0.007792
представлен 0.002222 0.0 0.0
прибавка 0.002222 0.0 0.0
привода 0.002222 0.0 0.0
призван 0.002222 3.506558 0.007792
принтеры 0.002222 0.0 0.0
принципу 0.002222 4.60517 0.010234
природу 0.002222 3.218876 0.007153
причины 0.002222 0.0 0.0
пробизнес 0.002222 0.0 0.0
проведения 0.002222 0.0 0.0
провинция 0.002222 4.60517 0.010234
программы 0.002222 0.0 0.0
продавать 0.002222 0.0 0.0
продажи 0.002222 0.0 0.0
продолжая 0.002222 0.0 0.0
проект 0.002222 0.0 0.0
проектов 0.002222 0.0 0.0
проекторы 0.002222 0.0 0.0
проекты 0.002222 0.0 0.0
произведя 0.002222 4.60517 0.010234
пролить 0.002222 0.0 0.0
прорыв 0.002222 1.714798 0.003811
процесс 0.002222 0.0 0.0
процессы 0.002222 0.0 0.0
пт 0.002222 0.0 0.0
работы 0.002222 0.0 0.0
радиоактивные 0.002222 3.912023 0.008693
радиоактивных 0.002222 3.912023 0.008693
расширять 0.002222 3.912023 0.008693
реакций 0.002222 4.60517 0.010234
реальностью 0.002222 3.912023 0.008693
реальных 0.002222 0.0 0.0
результаты 0.002222 0.0 0.0
реклама 0.002222 0.0 0.0
решает 0.002222 0.0 0.0
решимость 0.002222 4.60517 0.010234
рискуют 0.002222 4.60517 0.010234
россии 0.002222 0.0 0.0
россияне 0.002222 0.0 0.0
рублей 0.002222 0.0 0.0
рывок 0.002222 3.218876 0.007153
рынок 0.002222 0.0 0.0
рыночных 0.002222 4.60517 0.010234
сайте 0.002222 0.0 0.0
сайты 0.002222 0.0 0.0
самая 0.002222 0.0 0.0
самолётах 0.002222 0.0 0.0
самых 0.002222 0.0 0.0
сантиметров 0.002222 0.0 0.0
сб 0.002222 0.0 0.0
сбора 0.002222 0.0 0.0
свет 0.002222 0.0 0.0
своей 0.002222 0.0 0.0
связи 0.002222 0.0 0.0
связь 0.002222 0.0 0.0
сделают 0.002222 4.60517 0.010234
сегодня 0.002222 0.0 0.0
серверы 0.002222 0.0 0.0
сервисы 0.002222 0.0 0.0
сертификацию 0.002222 0.0 0.0
сети 0.002222 0.0 0.0
сжатия 0.002222 4.60517 0.010234
синтез 0.002222 2.407946 0.005351
синтеза 0.002222 3.506558 0.007792
системы 0.002222 1.469676 0.003266
скоро 0.002222 0.0 0.0
скорость 0.002222 2.302585 0.005117
слабые 0.002222 3.506558 0.007792
сливаются 0.002222 4.60517 0.010234
сложности 0.002222 0.0 0.0
сможет 0.002222 2.995732 0.006657
снимки 0.002222 3.912023 0.008693
снова 0.002222 0.0 0.0
совершил 0.002222 3.218876 0.007153
советский 0.002222 0.0 0.0
соглашаетесь 0.002222 0.0 0.0
создает 0.002222 4.60517 0.010234
сокращая 0.002222 3.506558 0.007792
сочетает 0.002222 2.995732 0.006657
спаде 0.002222 4.60517 0.010234
спасти 0.002222 0.0 0.0
способную 0.002222 4.60517 0.010234
спроса 0.002222 3.506558 0.007792
спутниковые 0.002222 4.60517 0.010234
ср 0.002222 0.0 0.0
среда 0.002222 0.0 0.0
ссылки 0.002222 0.0 0.0
ставят 0.002222 2.813411 0.006252
стал 0.002222 0.0 0.0
станет 0.002222 1.714798 0.003811
станут 0.002222 2.65926 0.005909
станция 0.002222 2.813411 0.006252
стартапы 0.002222 4.60517 0.010234
стартуют 0.002222 0.0 0.0
статистика 0.002222 0.0 0.0
статьи 0.002222 0.0 0.0
стоимость 0.002222 0.0 0.0
строит 0.002222 2.813411 0.006252
строительства 0.002222 3.912023 0.008693
сша 0.002222 0.0 0.0
сычуань 0.002222 4.60517 0.010234
тайконавты 0.002222 0.0 0.0
тв 0.002222 0.0 0.0
теги 0.002222 0.0 0.0
текст 0.002222 0.0 0.0
термоядерно 0.002222 2.813411 0.006252
термоядерной 0.002222 3.218876 0.007153
термоядерный 0.002222 3.218876 0.007153
термоядерных 0.002222 4.60517 0.010234
технический 0.002222 0.0 0.0
технологии 0.002222 1.514128 0.003365
технологий 0.002222 1.771957 0.003938
технологию 0.002222 2.995732 0.006657
ток 0.002222 0.0 0.0
топ 0.002222 0.0 0.0
тыс 0.002222 0.0 0.0
убрали 0.002222 0.0 0.0
увеличивая 0.002222 3.218876 0.007153
угрозой 0.002222 2.65926 0.005909
упасть 0.002222 0.0 0.0
управление 0.002222 2.525729 0.005613
управлению 0.002222 3.912023 0.008693
уровня 0.002222 3.218876 0.007153
успех 0.002222 2.207275 0.004905
установкой 0.002222 2.995732 0.006657
установку 0.002222 3.912023 0.008693
устройства 0.002222 0.0 0.0
ученым 0.002222 0.0 0.0
файлы 0.002222 0.0 0.0
финансирование 0.002222 3.912023 0.008693
финансовая 0.002222 3.912023 0.008693
флагманского 0.002222 0.0 0.0
фото 0.002222 0.0 0.0
фундаментальные 0.002222 0.0 0.0
хитом 0.002222 0.0 0.0
центры 0.002222 2.995732 0.006657
цены 0.002222 0.0 0.0
части 0.002222 0.0 0.0
частные 0.002222 4.60517 0.010234
человека 0.002222 0.0 0.0
чистой 0.002222 3.912023 0.008693
чистую 0.002222 4.60517 0.010234
чт 0.002222 0.0 0.0
эйнштейна 0.002222 4.60517 0.010234
экологически 0.002222 4.60517 0.010234
эксперты 0.002222 2.813411 0.006252
экспорт 0.002222 0.0 0.0
электрический 0.002222 3.506558 0.007792
электростанцию 0.002222 3.912023 0.008693
электроэнергией 0.002222 3.912023 0.008693
эмбрионы 0.002222 0.0 0.0
энергетики 0.002222 3.218876 0.007153
энергетический 0.002222 3.506558 0.007792
энергии 0.002222 2.207275 0.004905
энергию 0.002222 2.995732 0.006657
эффективности 0.002222 3.218876 0.007153
южной 0.002222 0.0 0.0
ядерного 0.002222 3.912023 0.008693
ядра 0.002222 3.912023 0.008693
яоху 0.002222 4.60517 0.010234
