аварийного 0.002208 3.506558 0.007741
авиалайнера 0.002208 0.0 0.0
авиатакси 0.002208 3.506558 0.007741
австралии 0.002208 0.0 0.0
автоваз 0.002208 0.0 0.0
автоматом 0.002208 0.0 0.0
автопроизводителя 0.002208 0.0 0.0
автор 0.002208 0.0 0.0
авторы 0.002208 0.0 0.0
агентства 0.002208 3.912023 0.008636
адаптация 0.002208 4.60517 0.010166
администрацией 0.002208 0.0 0.0
адрес 0.002208 0.0 0.0
айзекман 0.002208 4.60517 0.010166
америке 0.002208 0.0 0.0
аналитики 0.002208 0.0 0.0
аппарат 0.002208 1.660731 0.003666
аппарата 0.002208 2.813411 0.006211
апреля 0.002208 1.966113 0.00434
архитектуру 0.002208 3.912023 0.008636
астронавтов 0.002208 2.995732 0.006613
батарей 0.002208 3.912023 0.008636
батареями 0.002208 3.912023 0.008636
белка 0.002208 0.0 0.0
беременности 0.002208 3.506558 0.007741
беспилотного 0.002208 3.912023 0.008636
биологические 0.002208 0.0 0.0
биологических 0.002208 0.0 0.0
ближайшие 0.002208 2.813411 0.006211
ближнем 0.002208 0.0 0.0
блоги 0.002208 0.0 0.0
блоки 0.002208 2.813411 0.006211
будут 0.002208 0.0 0.0
быстрее 0.002208 2.407946 0.005316
быстро 0.002208 0.0 0.0
быстрым 0.002208 4.60517 0.010166
вернуть 0.002208 3.218876 0.007106
версию 0.002208 2.813411 0.006211
весом 0.002208 0.0 0.0
видео 0.002208 0.0 0.0
видеокарты 0.002208 0.0 0.0
вице 0.002208 3.912023 0.008636
внедорожники 0.002208 0.0 0.0
внеся 0.002208 4.60517 0.010166
воды 0.002208 2.813411 0.006211
возможна 0.002208 4.60517 0.010166
возможных 0.002208 4.60517 0.010166
войти 0.002208 0.0 0.0
востоке 0.002208 0.0 0.0
вс 0.002208 0.0 0.0
всему 0.002208 0.0 0.0
вт 0.002208 0.0 0.0
входят 0.002208 0.0 0.0
выделите 0.002208 0.0 0.0
выполнил 0.002208 2.995732 0.006613
выходит 0.002208 0.0 0.0
выявленных 0.002208 4.60517 0.010166
глава 0.002208 2.813411 0.006211
главную 0.002208 0.0 0.0
год 0.002208 0.0 0.0
года 0.002208 0.0 0.0
гонка 0.002208 3.912023 0.008636
городских 0.002208 3.218876 0.007106
готовы 0.002208 3.506558 0.007741
графика 0.002208 3.218876 0.007106
данные 0.002208 0.0 0.0
данный 0.002208 0.0 0.0
данных 0.002208 0.0 0.0
двигатели 0.002208 0.0 0.0
двигатель 0.002208 0.0 0.0
двух 0.002208 0.0 0.0
декабре 0.002208 4.60517 0.010166
деталей 0.002208 4.60517 0.010166
джаред 0.002208 4.60517 0.010166
дизайн 0.002208 0.0 0.0
директор 0.002208 0.0 0.0
дней 0.002208 2.813411 0.006211
дни 0.002208 0.820981 0.001812
документы 0.002208 4.60517 0.010166
долгосрочных 0.002208 3.912023 0.008636
должны 0.002208 2.813411 0.006211
долларов 0.002208 0.0 0.0
дом 0.002208 0.0 0.0
доработанными 0.002208 4.60517 0.010166
доставили 0.002208 0.0 0.0
доставит 0.002208 3.506558 0.007741
достигает 0.002208 0.0 0.0
другие 0.002208 2.040221 0.004504
её 0.002208 1.203973 0.002658
животах 0.002208 3.506558 0.007741
живых 0.002208 3.506558 0.007741
жизнеобеспечения 0.002208 3.912023 0.008636
завершат 0.002208 0.0 0.0
завершении 0.002208 4.60517 0.010166
загрузки 0.002208 4.60517 0.010166
задачи 0.002208 2.407946 0.005316
задержкой 0.002208 4.60517 0.010166
займётся 0.002208 4.60517 0.010166
замена 0.002208 2.995732 0.006613
замены 0.002208 4.60517 0.010166
запланированному 0.002208 3.506558 0.007741
запуск 0.002208 1.272966 0.00281
запуска 0.002208 1.771957 0.003912
запуску 0.002208 2.995732 0.006613
затем 0.002208 2.813411 0.006211
затраты 0.002208 3.506558 0.007741
защиты 0.002208 0.0 0.0
заявил 0.002208 2.207275 0.004873
земле 0.002208 0.0 0.0
земли 0.002208 0.0 0.0
земной 0.002208 2.813411 0.006211
значительных 0.002208 3.912023 0.008636
зонд 0.002208 0.0 0.0
зонда 0.002208 0.0 0.0
игры 0.002208 0.0 0.0
идёт 0.002208 2.995732 0.006613
изменения 0.002208 3.218876 0.007106
имитации 0.002208 3.506558 0.007741
инновационный 0.002208 0.0 0.0
информации 0.002208 0.0 0.0
использования 0.002208 0.0 0.0
использовать 0.002208 2.525729 0.005576
исследований 0.002208 0.0 0.0
источник 0.002208 0.0 0.0
календарь 0.002208 0.0 0.0
канадского 0.002208 4.60517 0.010166
категории 0.002208 0.0 0.0
кг 0.002208 0.0 0.0
кеннеди 0.002208 3.912023 0.008636
километров 0.002208 0.0 0.0
кирк 0.002208 4.60517 0.010166
кислорода 0.002208 3.506558 0.007741
китаем 0.002208 4.60517 0.010166
китай 0.002208 1.171183 0.002585
классическим 0.002208 0.0 0.0
клон 0.002208 0.0 0.0
ключевой 0.002208 2.813411 0.006211
комментирования 0.002208 0.0 0.0
коммерческие 0.002208 2.995732 0.006613
компания 0.002208 0.820981 0.001812
комплексы 0.002208 4.60517 0.010166
компонентами 0.002208 4.60517 0.010166
комфортный 0.002208 0.0 0.0
конкуренции 0.002208 3.506558 0.007741
контрабанда 0.002208 3.506558 0.007741
конференция 0.002208 0.0 0.0
корабль 0.002208 3.218876 0.007106
корабля 0.002208 2.813411 0.006211
корее 0.002208 0.0 0.0
корпуса 0.002208 0.0 0.0
корпусе 0.002208 3.218876 0.007106
космический 0.002208 2.302585 0.005083
космического 0.002208 2.302585 0.005083
космическом 0.002208 3.912023 0.008636
космос 0.002208 0.0 0.0
космоса 0.002208 0.0 0.0
космосе 0.002208 2.995732 0.006613
которая 0.002208 1.560648 0.003445
который 0.002208 1.386294 0.00306
кроссовера 0.002208 0.0 0.0
кроссоверы 0.002208 0.0 0.0
кубических 0.002208 0.0 0.0
куки 0.002208 0.0 0.0
летать 0.002208 0.0 0.0
лету 0.002208 0.0 0.0
листа 0.002208 0.0 0.0
лобстерах 0.002208 3.506558 0.007741
луне 0.002208 2.813411 0.006211
лунная 0.002208 3.912023 0.008636
лунной 0.002208 2.995732 0.006613
луну 0.002208 3.218876 0.007106
мае 0.002208 0.0 0.0
май 0.002208 0.0 0.0
манёвр 0.002208 2.65926 0.00587
марка 0.002208 0.0 0.0
марс 0.002208 2.525729 0.005576
материал 0.002208 0.0 0.0
материала 0.002208 2.995732 0.006613
материалов 0.002208 0.0 0.0
машину 0.002208 0.0 0.0
мая 0.002208 0.0 0.0
межпланетный 0.002208 0.0 0.0
меняет 0.002208 0.0 0.0
месяц 0.002208 1.832581 0.004045
месяцы 0.002208 3.218876 0.007106
метрового 0.002208 0.0 0.0
миллионов 0.002208 0.0 0.0
миру 0.002208 0.0 0.0
миссии 0.002208 1.514128 0.003342
миссий 0.002208 2.407946 0.005316
мобильные 0.002208 0.0 0.0
могут 0.002208 0.0 0.0
модификации 0.002208 4.60517 0.010166
момент 0.002208 0.0 0.0
мониторы 0.002208 0.0 0.0
монтаж 0.002208 3.912023 0.008636
монтажном 0.002208 4.60517 0.010166
мотобрендов 0.002208 0.0 0.0
мотоциклов 0.002208 0.0 0.0
мс 0.002208 0.0 0.0
мультимедиа 0.002208 0.0 0.0
нажмите 0.002208 0.0 0.0
назвал 0.002208 0.0 0.0
названием 0.002208 0.0 0.0
накладных 0.002208 3.506558 0.007741
нарастить 0.002208 4.60517 0.010166
начало 0.002208 2.813411 0.006211
начнётся 0.002208 3.912023 0.008636
нашей 0.002208 0.0 0.0
наши 0.002208 0.0 0.0
нашли 0.002208 0.0 0.0
неидеальной 0.002208 4.60517 0.010166
немного 0.002208 4.60517 0.010166
новости 0.002208 0.0 0.0
новые 0.002208 0.0 0.0
новый 0.002208 0.0 0.0
носители 0.002208 0.0 0.0
ноутбуки 0.002208 0.0 0.0
ноябре 0.002208 3.912023 0.008636
нужны 0.002208 0.0 0.0
обзоры 0.002208 0.0 0.0
облетев 0.002208 4.60517 0.010166
обработки 0.002208 0.0 0.0
образцы 0.002208 0.0 0.0
объявлена 0.002208 0.0 0.0
одного 0.002208 2.525729 0.005576
одноклассник 0.002208 0.0 0.0
орбите 0.002208 0.0 0.0
орбиты 0.002208 2.65926 0.00587
ос 0.002208 0.0 0.0
осенью 0.002208 3.506558 0.007741
оснащён 0.002208 2.813411 0.006211
особенно 0.002208 1.609438 0.003553
остаётся 0.002208 2.040221 0.004504
ответственность 0.002208 4.60517 0.010166
отдадут 0.002208 0.0 0.0
отечественного 0.002208 0.0 0.0
отказа 0.002208 0.0 0.0
отказались 0.002208 0.0 0.0
отключили 0.002208 0.0 0.0
открыта 0.002208 3.912023 0.008636
отличие 0.002208 2.207275 0.004873
отложен 0.002208 2.813411 0.006211
отметил 0.002208 1.469676 0.003244
отслоение 0.002208 3.912023 0.008636
отстаём 0.002208 4.60517 0.010166
официально 0.002208 1.966113 0.00434
очень 0.002208 0.0 0.0
ошибку 0.002208 0.0 0.0
параллельно 0.002208 1.89712 0.004188
первоначально 0.002208 3.912023 0.008636
первым 0.002208 3.912023 0.008636
передала 0.002208 3.218876 0.007106
передать 0.002208 3.912023 0.008636
передачу 0.002208 4.60517 0.010166
переднего 0.002208 0.0 0.0
перемен 0.002208 4.60517 0.010166
перешла 0.002208 4.60517 0.010166
период 0.002208 0.0 0.0
периферия 0.002208 0.0 0.0
персональные 0.002208 0.0 0.0
персональных 0.002208 0.0 0.0
пиар 0.002208 0.0 0.0
пилотируемым 0.002208 4.60517 0.010166
пк 0.002208 0.0 0.0
планировался 0.002208 4.60517 0.010166
планшеты 0.002208 0.0 0.0
планы 0.002208 3.218876 0.007106
платформа 0.002208 0.0 0.0
пн 0.002208 0.0 0.0
повышенной 0.002208 4.60517 0.010166
подвел 0.002208 0.0 0.0
подготовкой 0.002208 4.60517 0.010166
поддержал 0.002208 4.60517 0.010166
поднял 0.002208 0.0 0.0
подписали 0.002208 3.912023 0.008636
подробнее 0.002208 0.0 0.0
подчеркнул 0.002208 2.040221 0.004504
подчёркивая 0.002208 3.912023 0.008636
поиск 0.002208 0.0 0.0
пока 0.002208 0.0 0.0
полезные 0.002208 0.0 0.0
политика 0.002208 0.0 0.0
политикой 0.002208 0.0 0.0
полноприводными 0.002208 0.0 0.0
получила 0.002208 2.407946 0.005316
полётов 0.002208 0.0 0.0
полётом 0.002208 3.912023 0.008636
поправима 0.002208 4.60517 0.010166
попробовать 0.002208 0.0 0.0
популярная 0.002208 0.0 0.0
популярных 0.002208 0.0 0.0
посещать 0.002208 0.0 0.0
потребовал 0.002208 2.995732 0.006613
потребуют 0.002208 3.912023 0.008636
правила 0.002208 0.0 0.0
прайс 0.002208 0.0 0.0
пределы 0.002208 3.506558 0.007741
предназначенный 0.002208 4.60517 0.010166
предотвращающей 0.002208 4.60517 0.010166
представлен 0.002208 0.0 0.0
предыдущей 0.002208 3.506558 0.007741
президент 0.002208 2.65926 0.00587
прекращения 0.002208 4.60517 0.010166
прибавка 0.002208 0.0 0.0
приблизил 0.002208 2.813411 0.006211
привода 0.002208 0.0 0.0
принтеры 0.002208 0.0 0.0
приоритет 0.002208 3.218876 0.007106
присоединят 0.002208 4.60517 0.010166
причины 0.002208 0.0 0.0
пробизнес 0.002208 0.0 0.0
проблем 0.002208 2.040221 0.004504
проблемы 0.002208 2.813411 0.006211
проведения 0.002208 0.0 0.0
проведут 0.002208 4.60517 0.010166
программа 0.002208 3.506558 0.007741
программам 0.002208 4.60517 0.010166
программе 0.002208 4.60517 0.010166
программы 0.002208 0.0 0.0
продавать 0.002208 0.0 0.0
продажи 0.002208 0.0 0.0
продолжая 0.002208 0.0 0.0
проектов 0.002208 0.0 0.0
проекторы 0.002208 0.0 0.0
проекты 0.002208 0.0 0.0
производства 0.002208 2.65926 0.00587
пролить 0.002208 0.0 0.0
проницаемостью 0.002208 4.60517 0.010166
процессы 0.002208 0.0 0.0
прошла 0.002208 4.60517 0.010166
прошлого 0.002208 3.218876 0.007106
пт 0.002208 0.0 0.0
работа 0.002208 0.941609 0.002079
работы 0.002208 0.0 0.0
ракета 0.002208 3.506558 0.007741
ракете 0.002208 2.995732 0.006613
ракеты 0.002208 2.040221 0.004504
расходных 0.002208 4.60517 0.010166
реальных 0.002208 0.0 0.0
режим 0.002208 2.407946 0.005316
результаты 0.002208 0.0 0.0
реклама 0.002208 0.0 0.0
решает 0.002208 0.0 0.0
решило 0.002208 4.60517 0.010166
россии 0.002208 0.0 0.0
россияне 0.002208 0.0 0.0
рублей 0.002208 0.0 0.0
рынок 0.002208 0.0 0.0
сайте 0.002208 0.0 0.0
сайты 0.002208 0.0 0.0
самая 0.002208 0.0 0.0
самолётах 0.002208 0.0 0.0
самым 0.002208 3.506558 0.007741
самых 0.002208 0.0 0.0
сантиметров 0.002208 0.0 0.0
сб 0.002208 0.0 0.0
сбора 0.002208 0.0 0.0
сборка 0.002208 3.218876 0.007106
сборки 0.002208 2.813411 0.006211
свет 0.002208 0.0 0.0
своей 0.002208 0.0 0.0
связи 0.002208 0.0 0.0
связь 0.002208 0.0 0.0
сегодня 0.002208 0.0 0.0
серверы 0.002208 0.0 0.0
сервисы 0.002208 0.0 0.0
сертификации 0.002208 3.506558 0.007741
сертификацию 0.002208 0.0 0.0
сети 0.002208 0.0 0.0
система 0.002208 1.514128 0.003342
системами 0.002208 2.813411 0.006211
ситуация 0.002208 3.218876 0.007106
скоро 0.002208 0.0 0.0
скорректировать 0.002208 3.912023 0.008636
следующих 0.002208 3.506558 0.007741
словам 0.002208 2.302585 0.005083
сложности 0.002208 0.0 0.0
слушаниях 0.002208 4.60517 0.010166
снова 0.002208 0.0 0.0
собираемой 0.002208 4.60517 0.010166
советский 0.002208 0.0 0.0
соглашаетесь 0.002208 0.0 0.0
сокращая 0.002208 3.506558 0.007741
состоялась 0.002208 3.912023 0.008636
сотрудничеству 0.002208 4.60517 0.010166
спасти 0.002208 0.0 0.0
спор 0.002208 0.0 0.0
ср 0.002208 0.0 0.0
среда 0.002208 0.0 0.0
ссылки 0.002208 0.0 0.0
стал 0.002208 0.0 0.0
стала 0.002208 2.995732 0.006613
станет 0.002208 1.714798 0.003785
стартуют 0.002208 0.0 0.0
статистика 0.002208 0.0 0.0
статьи 0.002208 0.0 0.0
стоимость 0.002208 0.0 0.0
стороны 0.002208 2.525729 0.005576
странный 0.002208 3.506558 0.007741
стремится 0.002208 4.60517 0.010166
сша 0.002208 0.0 0.0
тайконавты 0.002208 0.0 0.0
тв 0.002208 0.0 0.0
теги 0.002208 0.0 0.0
текст 0.002208 0.0 0.0
текущую 0.002208 3.912023 0.008636
темпы 0.002208 4.60517 0.010166
теплозащита 0.002208 4.60517 0.010166
теплозащитного 0.002208 4.60517 0.010166
теплозащитой 0.002208 4.60517 0.010166
технические 0.002208 3.912023 0.008636
технический 0.002208 0.0 0.0
топ 0.002208 0.0 0.0
топлива 0.002208 2.65926 0.00587
трёхсменный 0.002208 4.60517 0.010166
тыс 0.002208 0.0 0.0
убрали 0.002208 0.0 0.0
удалось 0.002208 3.506558 0.007741
упасть 0.002208 0.0 0.0
упомянув 0.002208 4.60517 0.010166
усилий 0.002208 3.912023 0.008636
ускорила 0.002208 4.60517 0.010166
ускорить 0.002208 2.995732 0.006613
условиях 0.002208 1.771957 0.003912
установлена 0.002208 4.60517 0.010166
устройства 0.002208 0.0 0.0
уточнил 0.002208 3.912023 0.008636
ученым 0.002208 0.0 0.0
файлы 0.002208 0.0 0.0
флагманского 0.002208 0.0 0.0
фото 0.002208 0.0 0.0
фундаментальные 0.002208 0.0 0.0
хитом 0.002208 0.0 0.0
целей 0.002208 3.506558 0.007741
центре 0.002208 2.995732 0.006613
цены 0.002208 0.0 0.0
церемония 0.002208 4.60517 0.010166
части 0.002208 0.0 0.0
человек 0.002208 0.0 0.0
человека 0.002208 0.0 0.0
четверо 0.002208 4.60517 0.010166
четырёх 0.002208 2.813411 0.006211
чипов 0.002208 2.525729 0.005576
чт 0.002208 0.0 0.0
ширман 0.002208 4.60517 0.010166
экрана 0.002208 3.506558 0.007741
экспорт 0.002208 0.0 0.0
элементы 0.002208 3.912023 0.008636
эмбрионы 0.002208 0.0 0.0
эрозией 0.002208 4.60517 0.010166
эру 0.002208 2.525729 0.005576
южной 0.002208 0.0 0.0
