авиалайнера 0.002976 0.0 0.0
авиация 0.002976 3.506558 0.010436
австралии 0.002976 0.0 0.0
автоваз 0.002976 0.0 0.0
автоматически 0.002976 2.995732 0.008916
автоматом 0.002976 0.0 0.0
автопроизводителя 0.002976 0.0 0.0
автор 0.002976 0.0 0.0
авторы 0.002976 0.0 0.0
администрацией 0.002976 0.0 0.0
адрес 0.002976 0.0 0.0
америке 0.002976 0.0 0.0
аналитики 0.002976 0.0 0.0
антенна 0.002976 4.60517 0.013706
апгрейд 0.002976 4.60517 0.013706
аэродрома 0.002976 4.60517 0.013706
аэродромах 0.002976 4.60517 0.013706
аэродромном 0.002976 4.60517 0.013706
аэропорта 0.002976 4.60517 0.013706
аэропортов 0.002976 3.912023 0.011643
базисном 0.002976 4.60517 0.013706
белка 0.002976 0.0 0.0
биологические 0.002976 0.0 0.0
биологических 0.002976 0.0 0.0
ближнем 0.002976 0.0 0.0
блоги 0.002976 0.0 0.0
будут 0.002976 0.0 0.0
быстро 0.002976 0.0 0.0
весом 0.002976 0.0 0.0
видео 0.002976 0.0 0.0
видеокарты 0.002976 0.0 0.0
внедорожники 0.002976 0.0 0.0
воздушного 0.002976 4.60517 0.013706
воздушным 0.002976 4.60517 0.013706
воздушных 0.002976 4.60517 0.013706
войти 0.002976 0.0 0.0
волны 0.002976 3.912023 0.011643
востоке 0.002976 0.0 0.0
впечатляющий 0.002976 3.912023 0.011643
вс 0.002976 0.0 0.0
всему 0.002976 0.0 0.0
вся 0.002976 3.912023 0.011643
вт 0.002976 0.0 0.0
входят 0.002976 0.0 0.0
выделенных 0.002976 4.60517 0.013706
выделите 0.002976 0.0 0.0
выходит 0.002976 0.0 0.0
выше 0.002976 1.609438 0.00479
главную 0.002976 0.0 0.0
года 0.002976 0.0 0.0
госкорпорация 0.002976 4.60517 0.013706
готова 0.002976 2.525729 0.007517
гравитационные 0.002976 3.506558 0.010436
дальность 0.002976 3.912023 0.011643
данные 0.002976 0.0 0.0
данный 0.002976 0.0 0.0
данных 0.002976 0.0 0.0
двигатели 0.002976 0.0 0.0
двигатель 0.002976 0.0 0.0
движением 0.002976 3.912023 0.011643
движения 0.002976 2.65926 0.007914
двух 0.002976 0.0 0.0
действует 0.002976 2.813411 0.008373
детектор 0.002976 3.506558 0.010436
дизайн 0.002976 0.0 0.0
директор 0.002976 0.0 0.0
долларов 0.002976 0.0 0.0
дом 0.002976 0.0 0.0
доставили 0.002976 0.0 0.0
достигает 0.002976 0.0 0.0
её 0.002976 1.203973 0.003583
завершат 0.002976 0.0 0.0
защиты 0.002976 0.0 0.0
земле 0.002976 0.0 0.0
земли 0.002976 0.0 0.0
зон 0.002976 0.0 0.0
зонах 0.002976 2.995732 0.008916
зонд 0.002976 0.0 0.0
зонда 0.002976 0.0 0.0
зоне 0.002976 2.995732 0.008916
игра 0.002976 2.302585 0.006853
игры 0.002976 0.0 0.0
известный 0.002976 3.218876 0.00958
инновационный 0.002976 0.0 0.0
инсайдер 0.002976 3.218876 0.00958
информации 0.002976 0.0 0.0
информация 0.002976 4.60517 0.013706
использования 0.002976 0.0 0.0
использоваться 0.002976 3.912023 0.011643
испытания 0.002976 2.302585 0.006853
исследований 0.002976 0.0 0.0
источник 0.002976 0.0 0.0
календарь 0.002976 0.0 0.0
категории 0.002976 0.0 0.0
кг 0.002976 0.0 0.0
километров 0.002976 0.0 0.0
классическим 0.002976 0.0 0.0
климатических 0.002976 4.60517 0.013706
клон 0.002976 0.0 0.0
км 0.002976 1.309333 0.003897
кнопки 0.002976 3.912023 0.011643
комментирования 0.002976 0.0 0.0
комфортный 0.002976 0.0 0.0
контроля 0.002976 3.218876 0.00958
конференция 0.002976 0.0 0.0
конца 0.002976 3.218876 0.00958
координаты 0.002976 3.912023 0.011643
корее 0.002976 0.0 0.0
корпуса 0.002976 0.0 0.0
космос 0.002976 0.0 0.0
космоса 0.002976 0.0 0.0
кроссовера 0.002976 0.0 0.0
кроссоверы 0.002976 0.0 0.0
кубических 0.002976 0.0 0.0
куки 0.002976 0.0 0.0
летать 0.002976 0.0 0.0
лету 0.002976 0.0 0.0
листа 0.002976 0.0 0.0
локатор 0.002976 3.912023 0.011643
мае 0.002976 0.0 0.0
май 0.002976 0.0 0.0
марка 0.002976 0.0 0.0
массово 0.002976 2.407946 0.007167
материалов 0.002976 0.0 0.0
материю 0.002976 4.60517 0.013706
машину 0.002976 0.0 0.0
мая 0.002976 0.0 0.0
мврл 0.002976 4.60517 0.013706
межпланетный 0.002976 0.0 0.0
менее 0.002976 2.207275 0.006569
меняет 0.002976 0.0 0.0
метрового 0.002976 0.0 0.0
миллионов 0.002976 0.0 0.0
миру 0.002976 0.0 0.0
мобильные 0.002976 0.0 0.0
могут 0.002976 0.0 0.0
момент 0.002976 0.0 0.0
мониторы 0.002976 0.0 0.0
моноимпульсный 0.002976 4.60517 0.013706
мотобрендов 0.002976 0.0 0.0
мотоциклов 0.002976 0.0 0.0
мс 0.002976 0.0 0.0
мультимедиа 0.002976 0.0 0.0
нажатию 0.002976 4.60517 0.013706
нажмите 0.002976 0.0 0.0
назвал 0.002976 0.0 0.0
названием 0.002976 0.0 0.0
начала 0.002976 2.302585 0.006853
нашей 0.002976 0.0 0.0
наши 0.002976 0.0 0.0
нашли 0.002976 0.0 0.0
немецкий 0.002976 3.912023 0.011643
новости 0.002976 0.0 0.0
новые 0.002976 0.0 0.0
новый 0.002976 0.0 0.0
носители 0.002976 0.0 0.0
ноутбуки 0.002976 0.0 0.0
нужны 0.002976 0.0 0.0
обзоры 0.002976 0.0 0.0
обработки 0.002976 0.0 0.0
образцы 0.002976 0.0 0.0
объявлена 0.002976 0.0 0.0
одного 0.002976 2.525729 0.007517
одноклассник 0.002976 0.0 0.0
окружающей 0.002976 4.60517 0.013706
определяет 0.002976 3.912023 0.011643
орбите 0.002976 0.0 0.0
организации 0.002976 3.912023 0.011643
ос 0.002976 0.0 0.0
осуществляется 0.002976 3.912023 0.011643
ответственности 0.002976 4.60517 0.013706
отдадут 0.002976 0.0 0.0
отечественного 0.002976 0.0 0.0
отказа 0.002976 0.0 0.0
отказались 0.002976 0.0 0.0
отключили 0.002976 0.0 0.0
открывает 0.002976 2.813411 0.008373
отмечают 0.002976 2.65926 0.007914
охвата 0.002976 4.60517 0.013706
охоту 0.002976 4.60517 0.013706
очень 0.002976 0.0 0.0
ошибку 0.002976 0.0 0.0
параметров 0.002976 2.813411 0.008373
передается 0.002976 4.60517 0.013706
переднего 0.002976 0.0 0.0
переход 0.002976 2.120264 0.00631
период 0.002976 0.0 0.0
периферия 0.002976 0.0 0.0
персональные 0.002976 0.0 0.0
персональных 0.002976 0.0 0.0
пиар 0.002976 0.0 0.0
пк 0.002976 0.0 0.0
планшеты 0.002976 0.0 0.0
платформа 0.002976 0.0 0.0
пн 0.002976 0.0 0.0
подвел 0.002976 0.0 0.0
поднял 0.002976 0.0 0.0
подробнее 0.002976 0.0 0.0
поиск 0.002976 0.0 0.0
пока 0.002976 0.0 0.0
полезные 0.002976 0.0 0.0
политика 0.002976 0.0 0.0
политикой 0.002976 0.0 0.0
полноприводными 0.002976 0.0 0.0
получил 0.002976 1.514128 0.004506
полётов 0.002976 0.0 0.0
попробовать 0.002976 0.0 0.0
популярная 0.002976 0.0 0.0
популярных 0.002976 0.0 0.0
посещать 0.002976 0.0 0.0
правила 0.002976 0.0 0.0
прайс 0.002976 0.0 0.0
превысила 0.002976 2.813411 0.008373
пределами 0.002976 3.912023 0.011643
предназначена 0.002976 3.218876 0.00958
представлен 0.002976 0.0 0.0
пресс 0.002976 4.60517 0.013706
прибавка 0.002976 0.0 0.0
привода 0.002976 0.0 0.0
принтеры 0.002976 0.0 0.0
причины 0.002976 0.0 0.0
пробизнес 0.002976 0.0 0.0
проведения 0.002976 0.0 0.0
программно 0.002976 3.218876 0.00958
программы 0.002976 0.0 0.0
продавать 0.002976 0.0 0.0
продажи 0.002976 0.0 0.0
продемонстрировав 0.002976 4.60517 0.013706
продемонстрировал 0.002976 2.995732 0.008916
продолжая 0.002976 0.0 0.0
проектов 0.002976 0.0 0.0
проекторы 0.002976 0.0 0.0
проекты 0.002976 0.0 0.0
пройти 0.002976 3.506558 0.010436
пролить 0.002976 0.0 0.0
пространства 0.002976 3.218876 0.00958
процессы 0.002976 0.0 0.0
прошёл 0.002976 4.60517 0.013706
пт 0.002976 0.0 0.0
работы 0.002976 0.0 0.0
радиолокатор 0.002976 3.912023 0.011643
радиолокатора 0.002976 4.60517 0.013706
раза 0.002976 3.912023 0.011643
различных 0.002976 4.60517 0.013706
разработала 0.002976 3.506558 0.010436
разработали 0.002976 2.813411 0.008373
разработка 0.002976 3.218876 0.00958
районе 0.002976 4.60517 0.013706
расположенных 0.002976 4.60517 0.013706
реальных 0.002976 0.0 0.0
режима 0.002976 3.506558 0.010436
режиме 0.002976 2.995732 0.008916
результат 0.002976 0.0 0.0
результаты 0.002976 0.0 0.0
реклама 0.002976 0.0 0.0
решает 0.002976 0.0 0.0
россии 0.002976 0.0 0.0
россия 0.002976 0.0 0.0
россияне 0.002976 0.0 0.0
ростех 0.002976 4.60517 0.013706
ростеха 0.002976 4.60517 0.013706
рублей 0.002976 0.0 0.0
рынок 0.002976 0.0 0.0
сайте 0.002976 0.0 0.0
сайты 0.002976 0.0 0.0
самая 0.002976 0.0 0.0
самолётах 0.002976 0.0 0.0
самых 0.002976 0.0 0.0
сантиметров 0.002976 0.0 0.0
сб 0.002976 0.0 0.0
сбора 0.002976 0.0 0.0
свет 0.002976 0.0 0.0
своей 0.002976 0.0 0.0
связи 0.002976 0.0 0.0
связь 0.002976 0.0 0.0
сегодня 0.002976 0.0 0.0
серверы 0.002976 0.0 0.0
сервисы 0.002976 0.0 0.0
сертификационные 0.002976 3.912023 0.011643
сертификацию 0.002976 0.0 0.0
сети 0.002976 0.0 0.0
скоро 0.002976 0.0 0.0
сложности 0.002976 0.0 0.0
служба 0.002976 3.912023 0.011643
снова 0.002976 0.0 0.0
собранная 0.002976 4.60517 0.013706
советский 0.002976 0.0 0.0
соглашаетесь 0.002976 0.0 0.0
создатели 0.002976 4.60517 0.013706
сообщает 0.002976 2.407946 0.007167
сообщила 0.002976 3.506558 0.010436
спасти 0.002976 0.0 0.0
ср 0.002976 0.0 0.0
среда 0.002976 0.0 0.0
среды 0.002976 3.912023 0.011643
ссылки 0.002976 0.0 0.0
стал 0.002976 0.0 0.0
стартуют 0.002976 0.0 0.0
статистика 0.002976 0.0 0.0
статьи 0.002976 0.0 0.0
стоимость 0.002976 0.0 0.0
судов 0.002976 3.912023 0.011643
сша 0.002976 0.0 0.0
тайконавты 0.002976 0.0 0.0
тв 0.002976 0.0 0.0
теги 0.002976 0.0 0.0
текст 0.002976 0.0 0.0
температуре 0.002976 3.506558 0.010436
тестируют 0.002976 2.813411 0.008373
технический 0.002976 0.0 0.0
топ 0.002976 0.0 0.0
трассах 0.002976 4.60517 0.013706
требовании 0.002976 4.60517 0.013706
требуемых 0.002976 4.60517 0.013706
требуется 0.002976 2.995732 0.008916
тыс 0.002976 0.0 0.0
тёмную 0.002976 4.60517 0.013706
убрали 0.002976 0.0 0.0
упасть 0.002976 0.0 0.0
управления 0.002976 2.040221 0.006072
успешно 0.002976 2.407946 0.007167
устройства 0.002976 0.0 0.0
ученым 0.002976 0.0 0.0
файлы 0.002976 0.0 0.0
флагманского 0.002976 0.0 0.0
фото 0.002976 0.0 0.0
фундаментальные 0.002976 0.0 0.0
хитом 0.002976 0.0 0.0
центры 0.002976 2.995732 0.008916
цены 0.002976 0.0 0.0
части 0.002976 0.0 0.0
человека 0.002976 0.0 0.0
чт 0.002976 0.0 0.0
экспорт 0.002976 0.0 0.0
эмбрионы 0.002976 0.0 0.0
южной 0.002976 0.0 0.0
