аварии 0.002092 2.813411 0.005886
авиалайнера 0.002092 0.0 0.0
австралии 0.002092 0.0 0.0
автоваз 0.002092 0.0 0.0
автоматом 0.002092 0.0 0.0
автопроизводителя 0.002092 0.0 0.0
автор 0.002092 0.0 0.0
авторы 0.002092 0.0 0.0
администрацией 0.002092 0.0 0.0
адрес 0.002092 0.0 0.0
америке 0.002092 0.0 0.0
анализ 0.002092 1.966113 0.004113
аналитики 0.002092 0.0 0.0
аппарат 0.002092 1.660731 0.003474
аппарата 0.002092 2.813411 0.005886
архив 0.002092 4.60517 0.009634
астрономия 0.002092 3.506558 0.007336
астрономы 0.002092 3.506558 0.007336
астрохимия 0.002092 4.60517 0.009634
белка 0.002092 0.0 0.0
беспрецедентную 0.002092 4.60517 0.009634
биологические 0.002092 0.0 0.0
биологических 0.002092 0.0 0.0
ближнем 0.002092 0.0 0.0
блоги 0.002092 0.0 0.0
бок 0.002092 2.407946 0.005038
большого 0.002092 3.912023 0.008184
большой 0.002092 2.995732 0.006267
будут 0.002092 0.0 0.0
быстро 0.002092 0.0 0.0
ввс 0.002092 3.218876 0.006734
весом 0.002092 0.0 0.0
веществ 0.002092 3.912023 0.008184
взрыв 0.002092 2.995732 0.006267
взрыва 0.002092 3.912023 0.008184
видео 0.002092 0.0 0.0
видеокарты 0.002092 0.0 0.0
влияние 0.002092 3.506558 0.007336
внедорожники 0.002092 0.0 0.0
вода 0.002092 0.0 0.0
воду 0.002092 2.995732 0.006267
войти 0.002092 0.0 0.0
волн 0.002092 2.995732 0.006267
волны 0.002092 3.912023 0.008184
востоке 0.002092 0.0 0.0
вс 0.002092 0.0 0.0
вселенной 0.002092 2.813411 0.005886
всему 0.002092 0.0 0.0
вт 0.002092 0.0 0.0
входят 0.002092 0.0 0.0
выделите 0.002092 0.0 0.0
выходит 0.002092 0.0 0.0
галактик 0.002092 2.813411 0.005886
гиперзвукового 0.002092 3.506558 0.007336
главную 0.002092 0.0 0.0
главный 0.002092 4.60517 0.009634
года 0.002092 0.0 0.0
году 0.002092 1.272966 0.002663
готовится 0.002092 3.218876 0.006734
данные 0.002092 0.0 0.0
данный 0.002092 0.0 0.0
данных 0.002092 0.0 0.0
даст 0.002092 2.813411 0.005886
двигателей 0.002092 2.525729 0.005284
двигатели 0.002092 0.0 0.0
двигатель 0.002092 0.0 0.0
двигателя 0.002092 1.89712 0.003969
двигаясь 0.002092 4.60517 0.009634
движения 0.002092 2.65926 0.005563
двумерную 0.002092 4.60517 0.009634
двух 0.002092 0.0 0.0
делать 0.002092 3.506558 0.007336
день 0.002092 2.207275 0.004618
детальную 0.002092 3.912023 0.008184
детекторами 0.002092 4.60517 0.009634
детекторы 0.002092 3.912023 0.008184
джейми 0.002092 4.60517 0.009634
джим 0.002092 4.60517 0.009634
диапазонах 0.002092 4.60517 0.009634
дизайн 0.002092 0.0 0.0
директор 0.002092 0.0 0.0
длине 0.002092 3.912023 0.008184
длины 0.002092 4.60517 0.009634
доли 0.002092 3.912023 0.008184
долларов 0.002092 0.0 0.0
дом 0.002092 0.0 0.0
дополнит 0.002092 2.525729 0.005284
доставили 0.002092 0.0 0.0
достигает 0.002092 0.0 0.0
ежедневно 0.002092 4.60517 0.009634
её 0.002092 1.203973 0.002519
жизни 0.002092 3.912023 0.008184
завершат 0.002092 0.0 0.0
завершила 0.002092 2.65926 0.005563
закономерностей 0.002092 4.60517 0.009634
заморозило 0.002092 3.506558 0.007336
запланированные 0.002092 4.60517 0.009634
запланированным 0.002092 4.60517 0.009634
запуск 0.002092 1.272966 0.002663
запущенная 0.002092 4.60517 0.009634
защиты 0.002092 0.0 0.0
заявил 0.002092 2.207275 0.004618
земле 0.002092 0.0 0.0
земли 0.002092 0.0 0.0
землю 0.002092 2.813411 0.005886
зеркала 0.002092 3.912023 0.008184
зонд 0.002092 0.0 0.0
зонда 0.002092 0.0 0.0
игры 0.002092 0.0 0.0
идеально 0.002092 3.218876 0.006734
изображение 0.002092 1.514128 0.003168
изображении 0.002092 4.60517 0.009634
изображений 0.002092 3.506558 0.007336
изображения 0.002092 4.60517 0.009634
изучает 0.002092 4.60517 0.009634
инновационный 0.002092 0.0 0.0
институтов 0.002092 4.60517 0.009634
инструмент 0.002092 1.89712 0.003969
инфляции 0.002092 4.60517 0.009634
информации 0.002092 0.0 0.0
инфракрасных 0.002092 4.60517 0.009634
использования 0.002092 0.0 0.0
использует 0.002092 3.218876 0.006734
испытания 0.002092 2.302585 0.004817
исследований 0.002092 0.0 0.0
исследователь 0.002092 2.65926 0.005563
источник 0.002092 0.0 0.0
каждое 0.002092 4.60517 0.009634
каждые 0.002092 3.912023 0.008184
каждый 0.002092 2.525729 0.005284
календарь 0.002092 0.0 0.0
калибровок 0.002092 4.60517 0.009634
калтеха 0.002092 4.60517 0.009634
калтехе 0.002092 4.60517 0.009634
канала 0.002092 4.60517 0.009634
картину 0.002092 4.60517 0.009634
карту 0.002092 4.60517 0.009634
карты 0.002092 0.0 0.0
категории 0.002092 0.0 0.0
кг 0.002092 0.0 0.0
километров 0.002092 0.0 0.0
классическим 0.002092 0.0 0.0
клон 0.002092 0.0 0.0
ключевых 0.002092 2.995732 0.006267
ключи 0.002092 0.0 0.0
комбинируя 0.002092 4.60517 0.009634
комментирования 0.002092 0.0 0.0
комфортный 0.002092 0.0 0.0
конференция 0.002092 0.0 0.0
корее 0.002092 0.0 0.0
кореи 0.002092 4.60517 0.009634
корпуса 0.002092 0.0 0.0
корректировки 0.002092 3.912023 0.008184
космическая 0.002092 2.995732 0.006267
космический 0.002092 2.302585 0.004817
космических 0.002092 2.302585 0.004817
космической 0.002092 2.407946 0.005038
космос 0.002092 0.0 0.0
космоса 0.002092 0.0 0.0
космосе 0.002092 2.995732 0.006267
которая 0.002092 1.560648 0.003265
кроссовера 0.002092 0.0 0.0
кроссоверы 0.002092 0.0 0.0
круговой 0.002092 4.60517 0.009634
крупномасштабное 0.002092 4.60517 0.009634
кубических 0.002092 0.0 0.0
куки 0.002092 0.0 0.0
лаборатории 0.002092 2.995732 0.006267
лет 0.002092 0.0 0.0
летать 0.002092 0.0 0.0
лету 0.002092 0.0 0.0
листа 0.002092 0.0 0.0
лётные 0.002092 3.506558 0.007336
мае 0.002092 0.0 0.0
май 0.002092 0.0 0.0
марка 0.002092 0.0 0.0
марта 0.002092 4.60517 0.009634
материалов 0.002092 0.0 0.0
маховиков 0.002092 4.60517 0.009634
машину 0.002092 0.0 0.0
мая 0.002092 0.0 0.0
межзвёздные 0.002092 4.60517 0.009634
межзвёздных 0.002092 3.912023 0.008184
межпланетный 0.002092 0.0 0.0
меняет 0.002092 0.0 0.0
мере 0.002092 2.302585 0.004817
месяцев 0.002092 2.813411 0.005886
метод 0.002092 1.714798 0.003587
метрового 0.002092 0.0 0.0
микрона 0.002092 4.60517 0.009634
миллионов 0.002092 0.0 0.0
миру 0.002092 0.0 0.0
миссии 0.002092 1.514128 0.003168
миссия 0.002092 2.120264 0.004436
млечном 0.002092 3.912023 0.008184
млн 0.002092 1.108663 0.002319
мобильные 0.002092 0.0 0.0
могут 0.002092 0.0 0.0
момент 0.002092 0.0 0.0
мониторы 0.002092 0.0 0.0
мотобрендов 0.002092 0.0 0.0
мотоциклов 0.002092 0.0 0.0
мс 0.002092 0.0 0.0
мультимедиа 0.002092 0.0 0.0
нажмите 0.002092 0.0 0.0
назвал 0.002092 0.0 0.0
названием 0.002092 0.0 0.0
найдут 0.002092 4.60517 0.009634
направлений 0.002092 3.912023 0.008184
научных 0.002092 3.218876 0.006734
находкам 0.002092 4.60517 0.009634
началу 0.002092 3.912023 0.008184
нашей 0.002092 0.0 0.0
наши 0.002092 0.0 0.0
нашли 0.002092 0.0 0.0
неба 0.002092 4.60517 0.009634
небо 0.002092 2.813411 0.005886
неожиданным 0.002092 3.912023 0.008184
новости 0.002092 0.0 0.0
новые 0.002092 0.0 0.0
новый 0.002092 0.0 0.0
носители 0.002092 0.0 0.0
ноутбуки 0.002092 0.0 0.0
нужны 0.002092 0.0 0.0
обеспечивается 0.002092 4.60517 0.009634
обеспечит 0.002092 2.813411 0.005886
обзора 0.002092 3.218876 0.006734
обзоры 0.002092 0.0 0.0
облака 0.002092 3.912023 0.008184
облаков 0.002092 4.60517 0.009634
оборотов 0.002092 4.60517 0.009634
обработка 0.002092 4.60517 0.009634
обработки 0.002092 0.0 0.0
образцы 0.002092 0.0 0.0
обсерватории 0.002092 3.506558 0.007336
обсерватория 0.002092 4.60517 0.009634
общедоступными 0.002092 4.60517 0.009634
объединить 0.002092 3.912023 0.008184
объектов 0.002092 2.813411 0.005886
объявлена 0.002092 0.0 0.0
одной 0.002092 1.832581 0.003834
одноклассник 0.002092 0.0 0.0
околоземной 0.002092 3.506558 0.007336
операций 0.002092 3.218876 0.006734
определить 0.002092 3.912023 0.008184
орбит 0.002092 0.0 0.0
орбите 0.002092 0.0 0.0
ориентацией 0.002092 4.60517 0.009634
ос 0.002092 0.0 0.0
остаются 0.002092 2.813411 0.005886
отдадут 0.002092 0.0 0.0
отечественного 0.002092 0.0 0.0
отказа 0.002092 0.0 0.0
отказались 0.002092 0.0 0.0
отключили 0.002092 0.0 0.0
открывает 0.002092 2.813411 0.005886
открытиям 0.002092 4.60517 0.009634
отличие 0.002092 2.207275 0.004618
отпечаталось 0.002092 4.60517 0.009634
охват 0.002092 2.995732 0.006267
очень 0.002092 0.0 0.0
ошибку 0.002092 0.0 0.0
переднего 0.002092 0.0 0.0
период 0.002092 0.0 0.0
периферия 0.002092 0.0 0.0
персональные 0.002092 0.0 0.0
персональных 0.002092 0.0 0.0
пиар 0.002092 0.0 0.0
пк 0.002092 0.0 0.0
планеты 0.002092 2.302585 0.004817
планируют 0.002092 2.813411 0.005886
планшеты 0.002092 0.0 0.0
платформа 0.002092 0.0 0.0
пн 0.002092 0.0 0.0
повышает 0.002092 3.912023 0.008184
подвел 0.002092 0.0 0.0
поднял 0.002092 0.0 0.0
подробнее 0.002092 0.0 0.0
позволят 0.002092 4.60517 0.009634
поиск 0.002092 0.0 0.0
пока 0.002092 0.0 0.0
показан 0.002092 4.60517 0.009634
полгода 0.002092 3.218876 0.006734
полезные 0.002092 0.0 0.0
политика 0.002092 0.0 0.0
политикой 0.002092 0.0 0.0
полной 0.002092 2.65926 0.005563
полномасштабные 0.002092 4.60517 0.009634
полноприводными 0.002092 0.0 0.0
полный 0.002092 2.813411 0.005886
положения 0.002092 4.60517 0.009634
полосы 0.002092 3.912023 0.008184
получила 0.002092 2.407946 0.005038
получить 0.002092 2.995732 0.006267
полюсами 0.002092 4.60517 0.009634
полётов 0.002092 0.0 0.0
полёты 0.002092 2.525729 0.005284
помогут 0.002092 2.813411 0.005886
поможет 0.002092 2.995732 0.006267
пониманию 0.002092 4.60517 0.009634
попала 0.002092 3.912023 0.008184
попробовать 0.002092 0.0 0.0
популярная 0.002092 0.0 0.0
популярных 0.002092 0.0 0.0
посещать 0.002092 0.0 0.0
последствия 0.002092 3.912023 0.008184
пояснил 0.002092 2.040221 0.004268
правила 0.002092 0.0 0.0
прайс 0.002092 0.0 0.0
превратив 0.002092 4.60517 0.009634
предполагается 0.002092 3.912023 0.008184
представлен 0.002092 0.0 0.0
предстоящий 0.002092 4.60517 0.009634
предшественников 0.002092 4.60517 0.009634
прибавка 0.002092 0.0 0.0
привода 0.002092 0.0 0.0
принтеры 0.002092 0.0 0.0
природу 0.002092 3.218876 0.006734
приступил 0.002092 3.218876 0.006734
причины 0.002092 0.0 0.0
проанализировать 0.002092 4.60517 0.009634
пробизнес 0.002092 0.0 0.0
провалила 0.002092 3.506558 0.007336
проведения 0.002092 0.0 0.0
проверок 0.002092 4.60517 0.009634
проводиться 0.002092 4.60517 0.009634
программы 0.002092 0.0 0.0
продавать 0.002092 0.0 0.0
продажи 0.002092 0.0 0.0
продолжая 0.002092 0.0 0.0
проекте 0.002092 3.912023 0.008184
проектов 0.002092 0.0 0.0
проекторы 0.002092 0.0 0.0
проекты 0.002092 0.0 0.0
происхождения 0.002092 4.60517 0.009634
пролить 0.002092 0.0 0.0
процессы 0.002092 0.0 0.0
пт 0.002092 0.0 0.0
пути 0.002092 2.813411 0.005886
путь 0.002092 2.120264 0.004436
работает 0.002092 2.525729 0.005284
работы 0.002092 0.0 0.0
разные 0.002092 4.60517 0.009634
ракеты 0.002092 2.040221 0.004268
ранней 0.002092 2.995732 0.006267
раскрыть 0.002092 3.912023 0.008184
расположении 0.002092 4.60517 0.009634
расположенный 0.002092 4.60517 0.009634
распределение 0.002092 3.506558 0.007336
распределения 0.002092 4.60517 0.009634
расстояние 0.002092 3.218876 0.006734
рассчитывали 0.002092 3.912023 0.008184
расширения 0.002092 2.995732 0.006267
реактивного 0.002092 4.60517 0.009634
реальных 0.002092 0.0 0.0
регулярных 0.002092 4.60517 0.009634
результаты 0.002092 0.0 0.0
реклама 0.002092 0.0 0.0
решает 0.002092 0.0 0.0
россии 0.002092 0.0 0.0
россияне 0.002092 0.0 0.0
рублей 0.002092 0.0 0.0
руководитель 0.002092 2.813411 0.005886
рынок 0.002092 0.0 0.0
сайте 0.002092 0.0 0.0
сайты 0.002092 0.0 0.0
самая 0.002092 0.0 0.0
самой 0.002092 2.525729 0.005284
самолётах 0.002092 0.0 0.0
самых 0.002092 0.0 0.0
сантиметров 0.002092 0.0 0.0
сб 0.002092 0.0 0.0
сбора 0.002092 0.0 0.0
свет 0.002092 0.0 0.0
своей 0.002092 0.0 0.0
связи 0.002092 0.0 0.0
связь 0.002092 0.0 0.0
севера 0.002092 4.60517 0.009634
сегодня 0.002092 0.0 0.0
секунды 0.002092 2.207275 0.004618
серверы 0.002092 0.0 0.0
сервисы 0.002092 0.0 0.0
сертификацию 0.002092 0.0 0.0
сети 0.002092 0.0 0.0
системой 0.002092 4.60517 0.009634
скоро 0.002092 0.0 0.0
следы 0.002092 3.506558 0.007336
словам 0.002092 2.302585 0.004817
сложности 0.002092 0.0 0.0
смещается 0.002092 4.60517 0.009634
смогут 0.002092 2.65926 0.005563
снимков 0.002092 4.60517 0.009634
снова 0.002092 0.0 0.0
совершает 0.002092 4.60517 0.009634
советский 0.002092 0.0 0.0
соглашаетесь 0.002092 0.0 0.0
создав 0.002092 2.407946 0.005038
созданию 0.002092 2.525729 0.005284
солнца 0.002092 4.60517 0.009634
состав 0.002092 1.469676 0.003075
состава 0.002092 3.912023 0.008184
сотен 0.002092 4.60517 0.009634
сотни 0.002092 3.218876 0.006734
спасти 0.002092 0.0 0.0
спектральных 0.002092 4.60517 0.009634
спектроскопии 0.002092 4.60517 0.009634
ср 0.002092 0.0 0.0
среда 0.002092 0.0 0.0
ссылки 0.002092 0.0 0.0
стал 0.002092 0.0 0.0
станут 0.002092 2.65926 0.005563
стартуют 0.002092 0.0 0.0
статистика 0.002092 0.0 0.0
статичными 0.002092 4.60517 0.009634
статьи 0.002092 0.0 0.0
стоимость 0.002092 0.0 0.0
сутки 0.002092 3.912023 0.008184
сша 0.002092 0.0 0.0
съёмки 0.002092 4.60517 0.009634
тайваня 0.002092 4.60517 0.009634
тайконавты 0.002092 0.0 0.0
тайны 0.002092 3.912023 0.008184
таких 0.002092 2.207275 0.004618
тв 0.002092 0.0 0.0
теги 0.002092 0.0 0.0
текст 0.002092 0.0 0.0
телескоп 0.002092 2.813411 0.005886
телескопа 0.002092 3.506558 0.007336
технический 0.002092 0.0 0.0
течение 0.002092 2.813411 0.005886
топ 0.002092 0.0 0.0
точность 0.002092 1.832581 0.003834
требуют 0.002092 2.65926 0.005563
триллионы 0.002092 4.60517 0.009634
трёхмерную 0.002092 4.60517 0.009634
тыс 0.002092 0.0 0.0
тысяч 0.002092 2.407946 0.005038
убрали 0.002092 0.0 0.0
угол 0.002092 3.912023 0.008184
уникальных 0.002092 4.60517 0.009634
упасть 0.002092 0.0 0.0
управление 0.002092 2.525729 0.005284
управлявших 0.002092 4.60517 0.009634
устройства 0.002092 0.0 0.0
участвуют 0.002092 4.60517 0.009634
участок 0.002092 4.60517 0.009634
ученым 0.002092 0.0 0.0
учёные 0.002092 1.966113 0.004113
файлы 0.002092 0.0 0.0
фиксирует 0.002092 3.912023 0.008184
фиксирующими 0.002092 4.60517 0.009634
флагманского 0.002092 0.0 0.0
формируется 0.002092 4.60517 0.009634
фото 0.002092 0.0 0.0
фундаментальные 0.002092 0.0 0.0
фэнсон 0.002092 4.60517 0.009634
химической 0.002092 4.60517 0.009634
хитом 0.002092 0.0 0.0
цены 0.002092 0.0 0.0
части 0.002092 0.0 0.0
частицами 0.002092 3.506558 0.007336
человека 0.002092 0.0 0.0
четыре 0.002092 2.813411 0.005886
чт 0.002092 0.0 0.0
шестинедельный 0.002092 4.60517 0.009634
шестой 0.002092 3.506558 0.007336
шестью 0.002092 4.60517 0.009634
эволюции 0.002092 3.912023 0.008184
экспозиций 0.002092 4.60517 0.009634
экспорт 0.002092 0.0 0.0
элементов 0.002092 4.60517 0.009634
эмбрионы 0.002092 0.0 0.0
энергии 0.002092 2.207275 0.004618
энергий 0.002092 3.912023 0.008184
этап 0.002092 2.207275 0.004618
этих 0.002092 3.506558 0.007336
юг 0.002092 4.60517 0.009634
южной 0.002092 0.0 0.0
