авиалайнера 0.003106 0.0 0.0
австралии 0.003106 0.0 0.0
авто 0.003106 0.0 0.0
автоваз 0.003106 0.0 0.0
автоматом 0.003106 0.0 0.0
автомобили 0.003106 1.966113 0.006106
автопроизводителей 0.003106 4.60517 0.014302
автопроизводителя 0.003106 0.0 0.0
автор 0.003106 0.0 0.0
авторы 0.003106 0.0 0.0
администрацией 0.003106 0.0 0.0
адрес 0.003106 0.0 0.0
активное 0.003106 3.506558 0.01089
акцент 0.003106 2.995732 0.009304
америке 0.003106 0.0 0.0
аналитики 0.003106 0.0 0.0
апреля 0.003106 1.966113 0.006106
баги 0.003106 3.506558 0.01089
белка 0.003106 0.0 0.0
биологические 0.003106 0.0 0.0
биологических 0.003106 0.0 0.0
ближнем 0.003106 0.0 0.0
блоги 0.003106 0.0 0.0
боковые 0.003106 4.60517 0.014302
большой 0.003106 2.995732 0.009304
бренд 0.003106 0.0 0.0
будут 0.003106 0.0 0.0
быстро 0.003106 0.0 0.0
весом 0.003106 0.0 0.0
взломов 0.003106 3.506558 0.01089
видео 0.003106 0.0 0.0
видеокарты 0.003106 0.0 0.0
внедорожники 0.003106 0.0 0.0
внедрение 0.003106 2.813411 0.008737
войти 0.003106 0.0 0.0
востоке 0.003106 0.0 0.0
вредоносного 0.003106 3.506558 0.01089
вс 0.003106 0.0 0.0
всему 0.003106 0.0 0.0
вт 0.003106 0.0 0.0
входят 0.003106 0.0 0.0
выделите 0.003106 0.0 0.0
выпускаемый 0.003106 4.60517 0.014302
выходит 0.003106 0.0 0.0
генеративный 0.003106 3.218876 0.009997
гибрида 0.003106 4.60517 0.014302
главную 0.003106 0.0 0.0
года 0.003106 0.0 0.0
дании 0.003106 2.995732 0.009304
данные 0.003106 0.0 0.0
данный 0.003106 0.0 0.0
данных 0.003106 0.0 0.0
двигатели 0.003106 0.0 0.0
двигатель 0.003106 0.0 0.0
двигателя 0.003106 1.89712 0.005892
двух 0.003106 0.0 0.0
двухлетнее 0.003106 3.506558 0.01089
день 0.003106 2.207275 0.006855
дизайн 0.003106 0.0 0.0
директор 0.003106 0.0 0.0
дневных 0.003106 4.60517 0.014302
дней 0.003106 2.813411 0.008737
долларов 0.003106 0.0 0.0
дом 0.003106 0.0 0.0
доставили 0.003106 0.0 0.0
достигает 0.003106 0.0 0.0
других 0.003106 2.040221 0.006336
единиц 0.003106 2.995732 0.009304
завершат 0.003106 0.0 0.0
задние 0.003106 3.912023 0.012149
заказов 0.003106 4.60517 0.014302
заказы 0.003106 3.218876 0.009997
занятость 0.003106 3.506558 0.01089
запас 0.003106 2.120264 0.006585
запасом 0.003106 2.65926 0.008259
запуска 0.003106 1.771957 0.005503
зарплаты 0.003106 3.506558 0.01089
защиты 0.003106 0.0 0.0
земле 0.003106 0.0 0.0
земли 0.003106 0.0 0.0
зонд 0.003106 0.0 0.0
зонда 0.003106 0.0 0.0
игры 0.003106 0.0 0.0
ии 0.003106 0.0 0.0
инновационный 0.003106 0.0 0.0
информации 0.003106 0.0 0.0
использования 0.003106 0.0 0.0
использует 0.003106 3.218876 0.009997
исследование 0.003106 2.120264 0.006585
исследований 0.003106 0.0 0.0
источник 0.003106 0.0 0.0
календарь 0.003106 0.0 0.0
категории 0.003106 0.0 0.0
квт 0.003106 2.813411 0.008737
кг 0.003106 0.0 0.0
километров 0.003106 0.0 0.0
классическим 0.003106 0.0 0.0
клон 0.003106 0.0 0.0
км 0.003106 1.309333 0.004066
кода 0.003106 2.525729 0.007844
количество 0.003106 3.218876 0.009997
комментирования 0.003106 0.0 0.0
комфортный 0.003106 0.0 0.0
конференция 0.003106 0.0 0.0
корее 0.003106 0.0 0.0
короткофокусные 0.003106 4.60517 0.014302
корпуса 0.003106 0.0 0.0
космос 0.003106 0.0 0.0
космоса 0.003106 0.0 0.0
кроссовера 0.003106 0.0 0.0
кроссоверы 0.003106 0.0 0.0
кубических 0.003106 0.0 0.0
куки 0.003106 0.0 0.0
лазерные 0.003106 3.912023 0.012149
лазерными 0.003106 4.60517 0.014302
летать 0.003106 0.0 0.0
лету 0.003106 0.0 0.0
листа 0.003106 0.0 0.0
литрового 0.003106 4.60517 0.014302
мае 0.003106 0.0 0.0
май 0.003106 0.0 0.0
максимальная 0.003106 3.506558 0.01089
марка 0.003106 0.0 0.0
материалов 0.003106 0.0 0.0
машин 0.003106 0.0 0.0
машину 0.003106 0.0 0.0
машины 0.003106 1.771957 0.005503
мая 0.003106 0.0 0.0
межпланетный 0.003106 0.0 0.0
менее 0.003106 2.207275 0.006855
меняет 0.003106 0.0 0.0
метрового 0.003106 0.0 0.0
миллионов 0.003106 0.0 0.0
миру 0.003106 0.0 0.0
мобильные 0.003106 0.0 0.0
могут 0.003106 0.0 0.0
моделей 0.003106 2.120264 0.006585
модели 0.003106 1.139434 0.003539
модель 0.003106 1.469676 0.004564
момент 0.003106 0.0 0.0
момента 0.003106 3.506558 0.01089
мониторы 0.003106 0.0 0.0
мотобрендов 0.003106 0.0 0.0
мотоциклов 0.003106 0.0 0.0
мощность 0.003106 1.560648 0.004847
мс 0.003106 0.0 0.0
мультимедиа 0.003106 0.0 0.0
набрала 0.003106 4.60517 0.014302
нажмите 0.003106 0.0 0.0
назвал 0.003106 0.0 0.0
названием 0.003106 0.0 0.0
научился 0.003106 3.506558 0.01089
нашей 0.003106 0.0 0.0
наши 0.003106 0.0 0.0
нашли 0.003106 0.0 0.0
новости 0.003106 0.0 0.0
новые 0.003106 0.0 0.0
новый 0.003106 0.0 0.0
носители 0.003106 0.0 0.0
ноутбуки 0.003106 0.0 0.0
нужны 0.003106 0.0 0.0
обзоры 0.003106 0.0 0.0
обработки 0.003106 0.0 0.0
образцы 0.003106 0.0 0.0
объявлена 0.003106 0.0 0.0
одноклассник 0.003106 0.0 0.0
орбите 0.003106 0.0 0.0
ос 0.003106 0.0 0.0
оснащен 0.003106 2.120264 0.006585
отдадут 0.003106 0.0 0.0
отечественного 0.003106 0.0 0.0
отказа 0.003106 0.0 0.0
отказались 0.003106 0.0 0.0
отключили 0.003106 0.0 0.0
открытый 0.003106 2.813411 0.008737
отличие 0.003106 2.207275 0.006855
отметила 0.003106 2.813411 0.008737
очень 0.003106 0.0 0.0
ошибку 0.003106 0.0 0.0
первомайских 0.003106 4.60517 0.014302
переднего 0.003106 0.0 0.0
период 0.003106 0.0 0.0
периферия 0.003106 0.0 0.0
персональные 0.003106 0.0 0.0
персональных 0.003106 0.0 0.0
пиар 0.003106 0.0 0.0
пк 0.003106 0.0 0.0
планшеты 0.003106 0.0 0.0
платформа 0.003106 0.0 0.0
пн 0.003106 0.0 0.0
повлиял 0.003106 3.506558 0.01089
подвел 0.003106 0.0 0.0
поддерживаемая 0.003106 3.912023 0.012149
поднял 0.003106 0.0 0.0
подробнее 0.003106 0.0 0.0
поиск 0.003106 0.0 0.0
пока 0.003106 0.0 0.0
показало 0.003106 2.813411 0.008737
полезные 0.003106 0.0 0.0
политика 0.003106 0.0 0.0
политикой 0.003106 0.0 0.0
полмесяца 0.003106 4.60517 0.014302
полноприводными 0.003106 0.0 0.0
полный 0.003106 2.813411 0.008737
пользуются 0.003106 3.506558 0.01089
полётов 0.003106 0.0 0.0
попробовать 0.003106 0.0 0.0
популярная 0.003106 0.0 0.0
популярностью 0.003106 4.60517 0.014302
популярных 0.003106 0.0 0.0
посещать 0.003106 0.0 0.0
правила 0.003106 0.0 0.0
праздников 0.003106 3.912023 0.012149
прайс 0.003106 0.0 0.0
превысили 0.003106 4.60517 0.014302
превысило 0.003106 4.60517 0.014302
представила 0.003106 1.832581 0.005691
представлен 0.003106 0.0 0.0
прибавка 0.003106 0.0 0.0
привода 0.003106 0.0 0.0
принтеры 0.003106 0.0 0.0
причины 0.003106 0.0 0.0
пробизнес 0.003106 0.0 0.0
проведения 0.003106 0.0 0.0
программы 0.003106 0.0 0.0
продавать 0.003106 0.0 0.0
продаж 0.003106 0.0 0.0
продажи 0.003106 0.0 0.0
продано 0.003106 2.995732 0.009304
продолжая 0.003106 0.0 0.0
проектов 0.003106 0.0 0.0
проекторы 0.003106 0.0 0.0
проекты 0.003106 0.0 0.0
пролить 0.003106 0.0 0.0
процессы 0.003106 0.0 0.0
пт 0.003106 0.0 0.0
работы 0.003106 0.0 0.0
радарами 0.003106 4.60517 0.014302
радары 0.003106 4.60517 0.014302
реальных 0.003106 0.0 0.0
результатах 0.003106 3.912023 0.012149
результаты 0.003106 0.0 0.0
реклама 0.003106 0.0 0.0
рекорд 0.003106 2.120264 0.006585
решает 0.003106 0.0 0.0
россии 0.003106 0.0 0.0
россияне 0.003106 0.0 0.0
рублей 0.003106 0.0 0.0
рынок 0.003106 0.0 0.0
сайте 0.003106 0.0 0.0
сайты 0.003106 0.0 0.0
самая 0.003106 0.0 0.0
самолётах 0.003106 0.0 0.0
самых 0.003106 0.0 0.0
сантиметров 0.003106 0.0 0.0
сб 0.003106 0.0 0.0
сбора 0.003106 0.0 0.0
свет 0.003106 0.0 0.0
своей 0.003106 0.0 0.0
своих 0.003106 3.218876 0.009997
связи 0.003106 0.0 0.0
связь 0.003106 0.0 0.0
сделала 0.003106 3.912023 0.012149
сегодня 0.003106 0.0 0.0
серверы 0.003106 0.0 0.0
сервисы 0.003106 0.0 0.0
сертификацию 0.003106 0.0 0.0
сети 0.003106 0.0 0.0
систему 0.003106 2.525729 0.007844
скоро 0.003106 0.0 0.0
сложности 0.003106 0.0 0.0
снова 0.003106 0.0 0.0
собрала 0.003106 4.60517 0.014302
собственные 0.003106 3.218876 0.009997
советский 0.003106 0.0 0.0
соглашаетесь 0.003106 0.0 0.0
сообщил 0.003106 2.525729 0.007844
составляет 0.003106 2.407946 0.007478
спасти 0.003106 0.0 0.0
ср 0.003106 0.0 0.0
среда 0.003106 0.0 0.0
ссылки 0.003106 0.0 0.0
стал 0.003106 0.0 0.0
старта 0.003106 2.525729 0.007844
стартуют 0.003106 0.0 0.0
статистика 0.003106 0.0 0.0
статьи 0.003106 0.0 0.0
стоимость 0.003106 0.0 0.0
сша 0.003106 0.0 0.0
тайконавты 0.003106 0.0 0.0
тв 0.003106 0.0 0.0
теги 0.003106 0.0 0.0
текст 0.003106 0.0 0.0
технический 0.003106 0.0 0.0
технологии 0.003106 1.514128 0.004702
топ 0.003106 0.0 0.0
тыс 0.003106 0.0 0.0
убрали 0.003106 0.0 0.0
увеличена 0.003106 4.60517 0.014302
упасть 0.003106 0.0 0.0
успехи 0.003106 4.60517 0.014302
установили 0.003106 2.65926 0.008259
устройства 0.003106 0.0 0.0
ученым 0.003106 0.0 0.0
файлы 0.003106 0.0 0.0
флагман 0.003106 0.0 0.0
флагманского 0.003106 0.0 0.0
фото 0.003106 0.0 0.0
фреймворк 0.003106 3.218876 0.009997
фундаментальные 0.003106 0.0 0.0
хитом 0.003106 0.0 0.0
хода 0.003106 1.609438 0.004998
цены 0.003106 0.0 0.0
части 0.003106 0.0 0.0
человека 0.003106 0.0 0.0
четырьмя 0.003106 4.60517 0.014302
чинить 0.003106 3.218876 0.009997
чт 0.003106 0.0 0.0
экспорт 0.003106 0.0 0.0
электротяге 0.003106 4.60517 0.014302
эмбрионы 0.003106 0.0 0.0
южной 0.003106 0.0 0.0
