авиалайнера 0.003049 0.0 0.0
австралии 0.003049 0.0 0.0
автоваз 0.003049 0.0 0.0
автоматом 0.003049 0.0 0.0
автопроизводителя 0.003049 0.0 0.0
автор 0.003049 0.0 0.0
авторы 0.003049 0.0 0.0
администрацией 0.003049 0.0 0.0
адрес 0.003049 0.0 0.0
америке 0.003049 0.0 0.0
аналитики 0.003049 0.0 0.0
анонимно 0.003049 4.60517 0.01404
анонса 0.003049 4.60517 0.01404
аэропортов 0.003049 3.912023 0.011927
белка 0.003049 0.0 0.0
биологические 0.003049 0.0 0.0
биологических 0.003049 0.0 0.0
ближнем 0.003049 0.0 0.0
блоги 0.003049 0.0 0.0
бояться 0.003049 4.60517 0.01404
будут 0.003049 0.0 0.0
будущем 0.003049 2.995732 0.009133
быстрее 0.003049 2.407946 0.007341
быстро 0.003049 0.0 0.0
верить 0.003049 3.912023 0.011927
вероятность 0.003049 3.506558 0.010691
весом 0.003049 0.0 0.0
весьма 0.003049 4.60517 0.01404
видео 0.003049 0.0 0.0
видеокарты 0.003049 0.0 0.0
внедорожники 0.003049 0.0 0.0
возможность 0.003049 1.966113 0.005994
войти 0.003049 0.0 0.0
востоке 0.003049 0.0 0.0
вряд 0.003049 4.60517 0.01404
вс 0.003049 0.0 0.0
вселенной 0.003049 2.813411 0.008577
всему 0.003049 0.0 0.0
вт 0.003049 0.0 0.0
входят 0.003049 0.0 0.0
выделите 0.003049 0.0 0.0
выйдет 0.003049 3.912023 0.011927
выйти 0.003049 3.218876 0.009814
выпускал 0.003049 3.912023 0.011927
высокой 0.003049 2.813411 0.008577
выхода 0.003049 3.218876 0.009814
выходит 0.003049 0.0 0.0
вычислят 0.003049 4.60517 0.01404
геймеры 0.003049 4.60517 0.01404
главную 0.003049 0.0 0.0
говорит 0.003049 3.218876 0.009814
года 0.003049 0.0 0.0
году 0.003049 1.272966 0.003881
готова 0.003049 2.525729 0.0077
готовности 0.003049 4.60517 0.01404
данные 0.003049 0.0 0.0
данный 0.003049 0.0 0.0
данных 0.003049 0.0 0.0
двигатели 0.003049 0.0 0.0
двигатель 0.003049 0.0 0.0
двух 0.003049 0.0 0.0
действительно 0.003049 4.60517 0.01404
дизайн 0.003049 0.0 0.0
директор 0.003049 0.0 0.0
добрый 0.003049 3.506558 0.010691
долгожданную 0.003049 4.60517 0.01404
должна 0.003049 4.60517 0.01404
долларов 0.003049 0.0 0.0
дом 0.003049 0.0 0.0
доставили 0.003049 0.0 0.0
достигает 0.003049 0.0 0.0
другие 0.003049 2.040221 0.00622
ещё 0.003049 1.89712 0.005784
её 0.003049 1.203973 0.003671
журналистом 0.003049 4.60517 0.01404
завершат 0.003049 0.0 0.0
задолго 0.003049 4.60517 0.01404
захочет 0.003049 4.60517 0.01404
защиты 0.003049 0.0 0.0
земле 0.003049 0.0 0.0
земли 0.003049 0.0 0.0
зонд 0.003049 0.0 0.0
зонда 0.003049 0.0 0.0
игра 0.003049 2.302585 0.00702
играх 0.003049 3.218876 0.009814
игровые 0.003049 3.506558 0.010691
игру 0.003049 2.995732 0.009133
игры 0.003049 0.0 0.0
известный 0.003049 3.218876 0.009814
известным 0.003049 4.60517 0.01404
инновационный 0.003049 0.0 0.0
инсайдам 0.003049 4.60517 0.01404
инсайдер 0.003049 3.218876 0.009814
инсайдером 0.003049 4.60517 0.01404
информации 0.003049 0.0 0.0
использования 0.003049 0.0 0.0
исследований 0.003049 0.0 0.0
источник 0.003049 0.0 0.0
какие 0.003049 4.60517 0.01404
календарь 0.003049 0.0 0.0
касающимся 0.003049 4.60517 0.01404
категории 0.003049 0.0 0.0
кг 0.003049 0.0 0.0
километров 0.003049 0.0 0.0
классическим 0.003049 0.0 0.0
клон 0.003049 0.0 0.0
команда 0.003049 2.120264 0.006464
комментирования 0.003049 0.0 0.0
компании 0.003049 1.347074 0.004107
комфортный 0.003049 0.0 0.0
конференция 0.003049 0.0 0.0
конца 0.003049 3.218876 0.009814
конце 0.003049 2.207275 0.006729
корее 0.003049 0.0 0.0
корпуса 0.003049 0.0 0.0
космос 0.003049 0.0 0.0
космоса 0.003049 0.0 0.0
критики 0.003049 3.912023 0.011927
кроссовера 0.003049 0.0 0.0
кроссоверы 0.003049 0.0 0.0
кубических 0.003049 0.0 0.0
куки 0.003049 0.0 0.0
летать 0.003049 0.0 0.0
лету 0.003049 0.0 0.0
листа 0.003049 0.0 0.0
любовь 0.003049 4.60517 0.01404
мае 0.003049 0.0 0.0
май 0.003049 0.0 0.0
маквикер 0.003049 4.60517 0.01404
мала 0.003049 3.218876 0.009814
марка 0.003049 0.0 0.0
массово 0.003049 2.407946 0.007341
материалов 0.003049 0.0 0.0
машину 0.003049 0.0 0.0
мая 0.003049 0.0 0.0
межпланетный 0.003049 0.0 0.0
меняет 0.003049 0.0 0.0
метрового 0.003049 0.0 0.0
миллионов 0.003049 0.0 0.0
миру 0.003049 0.0 0.0
мобильные 0.003049 0.0 0.0
могут 0.003049 0.0 0.0
момент 0.003049 0.0 0.0
мониторы 0.003049 0.0 0.0
мотобрендов 0.003049 0.0 0.0
мотоциклов 0.003049 0.0 0.0
мс 0.003049 0.0 0.0
мультимедиа 0.003049 0.0 0.0
нажмите 0.003049 0.0 0.0
назвал 0.003049 0.0 0.0
названием 0.003049 0.0 0.0
начала 0.003049 2.302585 0.00702
нашей 0.003049 0.0 0.0
наши 0.003049 0.0 0.0
нашли 0.003049 0.0 0.0
некоторые 0.003049 3.218876 0.009814
немало 0.003049 4.60517 0.01404
новости 0.003049 0.0 0.0
новые 0.003049 0.0 0.0
новый 0.003049 0.0 0.0
носители 0.003049 0.0 0.0
ноутбуки 0.003049 0.0 0.0
нужны 0.003049 0.0 0.0
обзоры 0.003049 0.0 0.0
обозримом 0.003049 4.60517 0.01404
обработки 0.003049 0.0 0.0
образцы 0.003049 0.0 0.0
объявлена 0.003049 0.0 0.0
одноклассник 0.003049 0.0 0.0
ожидается 0.003049 2.813411 0.008577
оптимизации 0.003049 2.813411 0.008577
орбите 0.003049 0.0 0.0
ос 0.003049 0.0 0.0
отдадут 0.003049 0.0 0.0
отечественного 0.003049 0.0 0.0
отказа 0.003049 0.0 0.0
отказались 0.003049 0.0 0.0
отключили 0.003049 0.0 0.0
очень 0.003049 0.0 0.0
ошибку 0.003049 0.0 0.0
первой 0.003049 2.995732 0.009133
переднего 0.003049 0.0 0.0
пересекаться 0.003049 4.60517 0.01404
период 0.003049 0.0 0.0
периферия 0.003049 0.0 0.0
персональные 0.003049 0.0 0.0
персональных 0.003049 0.0 0.0
пиар 0.003049 0.0 0.0
пк 0.003049 0.0 0.0
планшеты 0.003049 0.0 0.0
платформа 0.003049 0.0 0.0
пн 0.003049 0.0 0.0
подвел 0.003049 0.0 0.0
поднял 0.003049 0.0 0.0
подробнее 0.003049 0.0 0.0
подробности 0.003049 2.65926 0.008108
поиск 0.003049 0.0 0.0
пока 0.003049 0.0 0.0
полезные 0.003049 0.0 0.0
полировке 0.003049 4.60517 0.01404
политика 0.003049 0.0 0.0
политикой 0.003049 0.0 0.0
полноприводными 0.003049 0.0 0.0
полностью 0.003049 2.207275 0.006729
получат 0.003049 3.218876 0.009814
получил 0.003049 1.514128 0.004616
полётов 0.003049 0.0 0.0
попробовать 0.003049 0.0 0.0
популярная 0.003049 0.0 0.0
популярных 0.003049 0.0 0.0
посещать 0.003049 0.0 0.0
похоже 0.003049 2.813411 0.008577
правила 0.003049 0.0 0.0
прайс 0.003049 0.0 0.0
представлен 0.003049 0.0 0.0
представят 0.003049 4.60517 0.01404
прибавка 0.003049 0.0 0.0
привода 0.003049 0.0 0.0
придумала 0.003049 3.506558 0.010691
принтеры 0.003049 0.0 0.0
причины 0.003049 0.0 0.0
пробизнес 0.003049 0.0 0.0
проведения 0.003049 0.0 0.0
программы 0.003049 0.0 0.0
продавать 0.003049 0.0 0.0
продажи 0.003049 0.0 0.0
продолжая 0.003049 0.0 0.0
проекта 0.003049 2.407946 0.007341
проектов 0.003049 0.0 0.0
проекторы 0.003049 0.0 0.0
проекты 0.003049 0.0 0.0
прозвали 0.003049 4.60517 0.01404
пройти 0.003049 3.506558 0.010691
пролить 0.003049 0.0 0.0
процессоры 0.003049 2.525729 0.0077
процессы 0.003049 0.0 0.0
пт 0.003049 0.0 0.0
работают 0.003049 2.65926 0.008108
работы 0.003049 0.0 0.0
радиолокатор 0.003049 3.912023 0.011927
разгон 0.003049 2.525729 0.0077
разгона 0.003049 3.506558 0.010691
разработали 0.003049 2.813411 0.008577
разработке 0.003049 2.65926 0.008108
рассказывал 0.003049 4.60517 0.01404
рассказывать 0.003049 4.60517 0.01404
реальных 0.003049 0.0 0.0
результаты 0.003049 0.0 0.0
реклама 0.003049 0.0 0.0
репортажи 0.003049 4.60517 0.01404
решает 0.003049 0.0 0.0
россии 0.003049 0.0 0.0
россияне 0.003049 0.0 0.0
рублей 0.003049 0.0 0.0
рынок 0.003049 0.0 0.0
сайте 0.003049 0.0 0.0
сайты 0.003049 0.0 0.0
самая 0.003049 0.0 0.0
самолётах 0.003049 0.0 0.0
самых 0.003049 0.0 0.0
сантиметров 0.003049 0.0 0.0
сб 0.003049 0.0 0.0
сбора 0.003049 0.0 0.0
свет 0.003049 0.0 0.0
своей 0.003049 0.0 0.0
своим 0.003049 3.912023 0.011927
связи 0.003049 0.0 0.0
связь 0.003049 0.0 0.0
сегодня 0.003049 0.0 0.0
серверы 0.003049 0.0 0.0
сервисы 0.003049 0.0 0.0
сертификацию 0.003049 0.0 0.0
сети 0.003049 0.0 0.0
сконцентрирована 0.003049 4.60517 0.01404
скоро 0.003049 0.0 0.0
сложности 0.003049 0.0 0.0
снова 0.003049 0.0 0.0
собственные 0.003049 3.218876 0.009814
советский 0.003049 0.0 0.0
соглашаетесь 0.003049 0.0 0.0
сообщает 0.003049 2.407946 0.007341
спасти 0.003049 0.0 0.0
ср 0.003049 0.0 0.0
среда 0.003049 0.0 0.0
ссылки 0.003049 0.0 0.0
стал 0.003049 0.0 0.0
стартуют 0.003049 0.0 0.0
старый 0.003049 3.506558 0.010691
статистика 0.003049 0.0 0.0
статьи 0.003049 0.0 0.0
степени 0.003049 3.506558 0.010691
стоимость 0.003049 0.0 0.0
студии 0.003049 4.60517 0.01404
сша 0.003049 0.0 0.0
тайконавты 0.003049 0.0 0.0
тайлер 0.003049 4.60517 0.01404
такого 0.003049 3.506558 0.010691
тв 0.003049 0.0 0.0
теги 0.003049 0.0 0.0
текст 0.003049 0.0 0.0
тестируется 0.003049 4.60517 0.01404
тестируют 0.003049 2.813411 0.008577
тех 0.003049 0.0 0.0
технический 0.003049 0.0 0.0
топ 0.003049 0.0 0.0
тыс 0.003049 0.0 0.0
убрали 0.003049 0.0 0.0
упасть 0.003049 0.0 0.0
устройства 0.003049 0.0 0.0
участники 0.003049 3.912023 0.011927
ученым 0.003049 0.0 0.0
файлы 0.003049 0.0 0.0
фактически 0.003049 3.912023 0.011927
флагманского 0.003049 0.0 0.0
фото 0.003049 0.0 0.0
фундаментальные 0.003049 0.0 0.0
функцией 0.003049 3.506558 0.010691
хитом 0.003049 0.0 0.0
хотел 0.003049 4.60517 0.01404
цены 0.003049 0.0 0.0
части 0.003049 0.0 0.0
частности 0.003049 3.912023 0.011927
человека 0.003049 0.0 0.0
чт 0.003049 0.0 0.0
экспорт 0.003049 0.0 0.0
эмбрионы 0.003049 0.0 0.0
южной 0.003049 0.0 0.0
является 0.003049 3.218876 0.009814
