аварий 0.002933 2.813411 0.00825
авиалайнера 0.002933 0.0 0.0
австралии 0.002933 0.0 0.0
автоваз 0.002933 0.0 0.0
автоматом 0.002933 0.0 0.0
автомобилей 0.002933 2.207275 0.006473
автономных 0.002933 2.813411 0.00825
автопроизводителя 0.002933 0.0 0.0
автор 0.002933 0.0 0.0
авторы 0.002933 0.0 0.0
администрацией 0.002933 0.0 0.0
адрес 0.002933 0.0 0.0
активности 0.002933 4.60517 0.013505
америке 0.002933 0.0 0.0
аналитики 0.002933 0.0 0.0
аппарата 0.002933 2.813411 0.00825
аппаратов 0.002933 2.525729 0.007407
атмосфере 0.002933 3.912023 0.011472
атмосферу 0.002933 3.506558 0.010283
белка 0.002933 0.0 0.0
биологические 0.002933 0.0 0.0
биологических 0.002933 0.0 0.0
ближнем 0.002933 0.0 0.0
блоги 0.002933 0.0 0.0
блока 0.002933 3.912023 0.011472
большой 0.002933 2.995732 0.008785
будут 0.002933 0.0 0.0
будущих 0.002933 2.65926 0.007798
быстро 0.002933 0.0 0.0
венера 0.002933 4.60517 0.013505
венере 0.002933 4.60517 0.013505
венеры 0.002933 4.60517 0.013505
весом 0.002933 0.0 0.0
видео 0.002933 0.0 0.0
видеокарты 0.002933 0.0 0.0
влияния 0.002933 3.218876 0.00944
внедорожники 0.002933 0.0 0.0
воздействия 0.002933 4.60517 0.013505
возможность 0.002933 1.966113 0.005766
войти 0.002933 0.0 0.0
востоке 0.002933 0.0 0.0
временем 0.002933 3.506558 0.010283
время 0.002933 1.427116 0.004185
вс 0.002933 0.0 0.0
всему 0.002933 0.0 0.0
вт 0.002933 0.0 0.0
вход 0.002933 0.0 0.0
входят 0.002933 0.0 0.0
выделите 0.002933 0.0 0.0
выдержали 0.002933 4.60517 0.013505
выполнившей 0.002933 4.60517 0.013505
высокое 0.002933 4.60517 0.013505
выходит 0.002933 0.0 0.0
галактического 0.002933 4.60517 0.013505
главную 0.002933 0.0 0.0
года 0.002933 0.0 0.0
градуса 0.002933 4.60517 0.013505
давление 0.002933 3.912023 0.011472
данные 0.002933 0.0 0.0
данный 0.002933 0.0 0.0
данных 0.002933 0.0 0.0
двигатели 0.002933 0.0 0.0
двигатель 0.002933 0.0 0.0
двух 0.002933 0.0 0.0
десятилетия 0.002933 2.65926 0.007798
дизайн 0.002933 0.0 0.0
директор 0.002933 0.0 0.0
долларов 0.002933 0.0 0.0
дом 0.002933 0.0 0.0
доставили 0.002933 0.0 0.0
достигает 0.002933 0.0 0.0
дублером 0.002933 4.60517 0.013505
завершат 0.002933 0.0 0.0
запущенный 0.002933 3.506558 0.010283
защиты 0.002933 0.0 0.0
зеландии 0.002933 4.60517 0.013505
земле 0.002933 0.0 0.0
земли 0.002933 0.0 0.0
землю 0.002933 2.813411 0.00825
земную 0.002933 3.506558 0.010283
зонд 0.002933 0.0 0.0
зонда 0.002933 0.0 0.0
игры 0.002933 0.0 0.0
излучения 0.002933 3.506558 0.010283
изначально 0.002933 3.218876 0.00944
изображение 0.002933 1.514128 0.00444
изучить 0.002933 3.912023 0.011472
инновационный 0.002933 0.0 0.0
интерес 0.002933 2.407946 0.007061
информации 0.002933 0.0 0.0
использования 0.002933 0.0 0.0
исследований 0.002933 0.0 0.0
исследованию 0.002933 3.506558 0.010283
исследователи 0.002933 2.302585 0.006752
источник 0.002933 0.0 0.0
календарь 0.002933 0.0 0.0
категории 0.002933 0.0 0.0
кг 0.002933 0.0 0.0
километров 0.002933 0.0 0.0
классическим 0.002933 0.0 0.0
клон 0.002933 0.0 0.0
комментирования 0.002933 0.0 0.0
комфортный 0.002933 0.0 0.0
конференция 0.002933 0.0 0.0
координаты 0.002933 3.912023 0.011472
корее 0.002933 0.0 0.0
корпуса 0.002933 0.0 0.0
космический 0.002933 2.302585 0.006752
космических 0.002933 2.302585 0.006752
космической 0.002933 2.407946 0.007061
космос 0.002933 0.0 0.0
космоса 0.002933 0.0 0.0
кроссовера 0.002933 0.0 0.0
кроссоверы 0.002933 0.0 0.0
кубических 0.002933 0.0 0.0
куки 0.002933 0.0 0.0
летать 0.002933 0.0 0.0
лету 0.002933 0.0 0.0
листа 0.002933 0.0 0.0
мае 0.002933 0.0 0.0
май 0.002933 0.0 0.0
марка 0.002933 0.0 0.0
массой 0.002933 3.506558 0.010283
материалов 0.002933 0.0 0.0
материалы 0.002933 3.912023 0.011472
машину 0.002933 0.0 0.0
мая 0.002933 0.0 0.0
медленно 0.002933 3.506558 0.010283
межпланетный 0.002933 0.0 0.0
меняет 0.002933 0.0 0.0
местом 0.002933 4.60517 0.013505
метрового 0.002933 0.0 0.0
микрометеоритов 0.002933 4.60517 0.013505
миллионов 0.002933 0.0 0.0
миру 0.002933 0.0 0.0
миссий 0.002933 2.407946 0.007061
миссию 0.002933 2.813411 0.00825
мобильные 0.002933 0.0 0.0
могут 0.002933 0.0 0.0
модуль 0.002933 2.995732 0.008785
момент 0.002933 0.0 0.0
мониторы 0.002933 0.0 0.0
мотобрендов 0.002933 0.0 0.0
мотоциклов 0.002933 0.0 0.0
мс 0.002933 0.0 0.0
мультимедиа 0.002933 0.0 0.0
нажмите 0.002933 0.0 0.0
назад 0.002933 2.65926 0.007798
назвал 0.002933 0.0 0.0
названием 0.002933 0.0 0.0
назывался 0.002933 4.60517 0.013505
наука 0.002933 1.966113 0.005766
научный 0.002933 3.912023 0.011472
нашей 0.002933 0.0 0.0
наши 0.002933 0.0 0.0
нашли 0.002933 0.0 0.0
новой 0.002933 2.207275 0.006473
новости 0.002933 0.0 0.0
новые 0.002933 0.0 0.0
новый 0.002933 0.0 0.0
носители 0.002933 0.0 0.0
ноутбуки 0.002933 0.0 0.0
нужны 0.002933 0.0 0.0
обзоры 0.002933 0.0 0.0
обработки 0.002933 0.0 0.0
образцы 0.002933 0.0 0.0
объявили 0.002933 2.995732 0.008785
объявлена 0.002933 0.0 0.0
одноименной 0.002933 4.60517 0.013505
одноклассник 0.002933 0.0 0.0
околоземную 0.002933 3.506558 0.010283
определены 0.002933 4.60517 0.013505
орбите 0.002933 0.0 0.0
орбиту 0.002933 3.218876 0.00944
ос 0.002933 0.0 0.0
основной 0.002933 3.506558 0.010283
отдадут 0.002933 0.0 0.0
отечественного 0.002933 0.0 0.0
отказа 0.002933 0.0 0.0
отказались 0.002933 0.0 0.0
отключили 0.002933 0.0 0.0
очень 0.002933 0.0 0.0
ошибку 0.002933 0.0 0.0
падение 0.002933 4.60517 0.013505
падения 0.002933 4.60517 0.013505
партнёрстве 0.002933 3.506558 0.010283
передала 0.002933 3.218876 0.00944
переднего 0.002933 0.0 0.0
пережить 0.002933 4.60517 0.013505
период 0.002933 0.0 0.0
периферия 0.002933 0.0 0.0
персональные 0.002933 0.0 0.0
персональных 0.002933 0.0 0.0
пиар 0.002933 0.0 0.0
пк 0.002933 0.0 0.0
планеты 0.002933 2.302585 0.006752
планшеты 0.002933 0.0 0.0
платформа 0.002933 0.0 0.0
пн 0.002933 0.0 0.0
поверхности 0.002933 3.218876 0.00944
подвел 0.002933 0.0 0.0
поднял 0.002933 0.0 0.0
подробнее 0.002933 0.0 0.0
позволит 0.002933 2.65926 0.007798
поиск 0.002933 0.0 0.0
пока 0.002933 0.0 0.0
покинуть 0.002933 4.60517 0.013505
полезные 0.002933 0.0 0.0
политика 0.002933 0.0 0.0
политикой 0.002933 0.0 0.0
полноприводными 0.002933 0.0 0.0
полувека 0.002933 4.60517 0.013505
получат 0.002933 3.218876 0.00944
полётов 0.002933 0.0 0.0
попробовать 0.002933 0.0 0.0
популярная 0.002933 0.0 0.0
популярных 0.002933 0.0 0.0
посещать 0.002933 0.0 0.0
правила 0.002933 0.0 0.0
прайс 0.002933 0.0 0.0
предполагается 0.002933 3.912023 0.011472
представлен 0.002933 0.0 0.0
представляет 0.002933 2.813411 0.00825
прибавка 0.002933 0.0 0.0
привода 0.002933 0.0 0.0
принтеры 0.002933 0.0 0.0
причины 0.002933 0.0 0.0
пробизнес 0.002933 0.0 0.0
проведения 0.002933 0.0 0.0
программы 0.002933 0.0 0.0
продавать 0.002933 0.0 0.0
продажи 0.002933 0.0 0.0
продолжает 0.002933 2.407946 0.007061
продолжая 0.002933 0.0 0.0
проектов 0.002933 0.0 0.0
проекторы 0.002933 0.0 0.0
проекты 0.002933 0.0 0.0
произойдет 0.002933 4.60517 0.013505
пролить 0.002933 0.0 0.0
процессы 0.002933 0.0 0.0
пт 0.002933 0.0 0.0
работе 0.002933 3.912023 0.011472
работы 0.002933 0.0 0.0
радиации 0.002933 3.506558 0.010283
развития 0.002933 2.407946 0.007061
разгонного 0.002933 4.60517 0.013505
разработанный 0.002933 3.912023 0.011472
районы 0.002933 3.912023 0.011472
распался 0.002933 4.60517 0.013505
реальных 0.002933 0.0 0.0
результаты 0.002933 0.0 0.0
реклама 0.002933 0.0 0.0
решает 0.002933 0.0 0.0
россии 0.002933 0.0 0.0
россия 0.002933 0.0 0.0
россияне 0.002933 0.0 0.0
рублей 0.002933 0.0 0.0
рынок 0.002933 0.0 0.0
сайте 0.002933 0.0 0.0
сайты 0.002933 0.0 0.0
самая 0.002933 0.0 0.0
самолётах 0.002933 0.0 0.0
самых 0.002933 0.0 0.0
сантиметров 0.002933 0.0 0.0
сб 0.002933 0.0 0.0
сбора 0.002933 0.0 0.0
сбоя 0.002933 3.912023 0.011472
свет 0.002933 0.0 0.0
своей 0.002933 0.0 0.0
связи 0.002933 0.0 0.0
связь 0.002933 0.0 0.0
сгенерировано 0.002933 2.65926 0.007798
сегодня 0.002933 0.0 0.0
серверы 0.002933 0.0 0.0
сервисы 0.002933 0.0 0.0
сертификацию 0.002933 0.0 0.0
сети 0.002933 0.0 0.0
скоро 0.002933 0.0 0.0
сложности 0.002933 0.0 0.0
смог 0.002933 2.207275 0.006473
снижаться 0.002933 4.60517 0.013505
снова 0.002933 0.0 0.0
советский 0.002933 0.0 0.0
соглашаетесь 0.002933 0.0 0.0
создания 0.002933 2.120264 0.006218
солнечной 0.002933 3.218876 0.00944
спасти 0.002933 0.0 0.0
спускаемый 0.002933 4.60517 0.013505
ср 0.002933 0.0 0.0
среда 0.002933 0.0 0.0
ссылки 0.002933 0.0 0.0
стал 0.002933 0.0 0.0
станут 0.002933 2.65926 0.007798
станции 0.002933 2.813411 0.00825
стартуют 0.002933 0.0 0.0
статистика 0.002933 0.0 0.0
статьи 0.002933 0.0 0.0
стоимость 0.002933 0.0 0.0
стратегическом 0.002933 3.506558 0.010283
считают 0.002933 3.218876 0.00944
сша 0.002933 0.0 0.0
тайконавты 0.002933 0.0 0.0
тв 0.002933 0.0 0.0
теги 0.002933 0.0 0.0
текст 0.002933 0.0 0.0
температура 0.002933 3.218876 0.00944
технический 0.002933 0.0 0.0
технологии 0.002933 1.514128 0.00444
титан 0.002933 2.995732 0.008785
топ 0.002933 0.0 0.0
точные 0.002933 4.60517 0.013505
траекторию 0.002933 4.60517 0.013505
тыс 0.002933 0.0 0.0
убрали 0.002933 0.0 0.0
улучшить 0.002933 3.506558 0.010283
уникальную 0.002933 3.218876 0.00944
упадет 0.002933 4.60517 0.013505
упали 0.002933 3.912023 0.011472
упасть 0.002933 0.0 0.0
условий 0.002933 4.60517 0.013505
успешно 0.002933 2.407946 0.007061
устройства 0.002933 0.0 0.0
ученые 0.002933 1.89712 0.005563
ученым 0.002933 0.0 0.0
файлы 0.002933 0.0 0.0
флагманского 0.002933 0.0 0.0
фото 0.002933 0.0 0.0
фрагмента 0.002933 3.912023 0.011472
фундаментальные 0.002933 0.0 0.0
хитом 0.002933 0.0 0.0
цельсия 0.002933 3.912023 0.011472
ценные 0.002933 3.912023 0.011472
цены 0.002933 0.0 0.0
части 0.002933 0.0 0.0
человека 0.002933 0.0 0.0
чт 0.002933 0.0 0.0
экспорт 0.002933 0.0 0.0
экстремальных 0.002933 3.912023 0.011472
эмбрионы 0.002933 0.0 0.0
южной 0.002933 0.0 0.0
южные 0.002933 4.60517 0.013505
