авиалайнера 0.002242 0.0 0.0
австралии 0.002242 0.0 0.0
автоваз 0.002242 0.0 0.0
автоматом 0.002242 0.0 0.0
автопроизводителя 0.002242 0.0 0.0
автор 0.002242 0.0 0.0
авторы 0.002242 0.0 0.0
администрацией 0.002242 0.0 0.0
адрес 0.002242 0.0 0.0
альтернативные 0.002242 3.218876 0.007217
америке 0.002242 0.0 0.0
аналитики 0.002242 0.0 0.0
архитектура 0.002242 3.218876 0.007217
баланса 0.002242 4.60517 0.010325
безопасный 0.002242 4.60517 0.010325
безуглеродная 0.002242 4.60517 0.010325
безуглеродный 0.002242 4.60517 0.010325
белка 0.002242 0.0 0.0
биндербауер 0.002242 4.60517 0.010325
биологические 0.002242 0.0 0.0
биологических 0.002242 0.0 0.0
ближнем 0.002242 0.0 0.0
блоги 0.002242 0.0 0.0
борный 0.002242 4.60517 0.010325
борным 0.002242 4.60517 0.010325
будут 0.002242 0.0 0.0
быстро 0.002242 0.0 0.0
ввести 0.002242 4.60517 0.010325
вдвое 0.002242 2.995732 0.006717
весом 0.002242 0.0 0.0
видео 0.002242 0.0 0.0
видеокарты 0.002242 0.0 0.0
внедорожники 0.002242 0.0 0.0
водород 0.002242 2.813411 0.006308
войти 0.002242 0.0 0.0
востоке 0.002242 0.0 0.0
вс 0.002242 0.0 0.0
всему 0.002242 0.0 0.0
вт 0.002242 0.0 0.0
входят 0.002242 0.0 0.0
выделите 0.002242 0.0 0.0
вызов 0.002242 3.218876 0.007217
вырабатывать 0.002242 4.60517 0.010325
выходит 0.002242 0.0 0.0
генеральный 0.002242 2.995732 0.006717
генерирует 0.002242 4.60517 0.010325
гигантских 0.002242 4.60517 0.010325
главную 0.002242 0.0 0.0
глобальный 0.002242 3.506558 0.007862
года 0.002242 0.0 0.0
годов 0.002242 2.813411 0.006308
гонке 0.002242 2.65926 0.005962
горизонте 0.002242 4.60517 0.010325
государственными 0.002242 4.60517 0.010325
данные 0.002242 0.0 0.0
данный 0.002242 0.0 0.0
данным 0.002242 1.89712 0.004254
данных 0.002242 0.0 0.0
двигатели 0.002242 0.0 0.0
двигатель 0.002242 0.0 0.0
двух 0.002242 0.0 0.0
демонстрационную 0.002242 4.60517 0.010325
десятилетия 0.002242 2.65926 0.005962
дешевле 0.002242 2.525729 0.005663
дизайн 0.002242 0.0 0.0
директор 0.002242 0.0 0.0
добившись 0.002242 4.60517 0.010325
должен 0.002242 3.218876 0.007217
долларов 0.002242 0.0 0.0
дом 0.002242 0.0 0.0
доставили 0.002242 0.0 0.0
достигает 0.002242 0.0 0.0
завершат 0.002242 0.0 0.0
зависимость 0.002242 2.995732 0.006717
заменило 0.002242 3.506558 0.007862
запуску 0.002242 2.995732 0.006717
затраты 0.002242 3.506558 0.007862
защиты 0.002242 0.0 0.0
заявляет 0.002242 3.506558 0.007862
земле 0.002242 0.0 0.0
земли 0.002242 0.0 0.0
зонд 0.002242 0.0 0.0
зонда 0.002242 0.0 0.0
игры 0.002242 0.0 0.0
изображение 0.002242 1.514128 0.003395
инжекцию 0.002242 4.60517 0.010325
инженеры 0.002242 2.525729 0.005663
инновационный 0.002242 0.0 0.0
информации 0.002242 0.0 0.0
использование 0.002242 2.207275 0.004949
использования 0.002242 0.0 0.0
использует 0.002242 3.218876 0.007217
исследований 0.002242 0.0 0.0
исследования 0.002242 2.120264 0.004754
историю 0.002242 3.218876 0.007217
источник 0.002242 0.0 0.0
источника 0.002242 4.60517 0.010325
календарь 0.002242 0.0 0.0
калифорнии 0.002242 2.65926 0.005962
калифорнийская 0.002242 3.506558 0.007862
категории 0.002242 0.0 0.0
кг 0.002242 0.0 0.0
километров 0.002242 0.0 0.0
классическим 0.002242 0.0 0.0
клон 0.002242 0.0 0.0
ключевой 0.002242 2.813411 0.006308
комментирования 0.002242 0.0 0.0
коммерческий 0.002242 3.506558 0.007862
коммерческое 0.002242 3.912023 0.008771
компактнее 0.002242 3.912023 0.008771
компании 0.002242 1.347074 0.00302
компания 0.002242 0.820981 0.001841
компьютеры 0.002242 2.65926 0.005962
комфортный 0.002242 0.0 0.0
конкурировать 0.002242 3.912023 0.008771
конструкцию 0.002242 3.506558 0.007862
конференция 0.002242 0.0 0.0
конфигурацию 0.002242 4.60517 0.010325
конфигурация 0.002242 3.506558 0.007862
концу 0.002242 3.218876 0.007217
корее 0.002242 0.0 0.0
корпуса 0.002242 0.0 0.0
космос 0.002242 0.0 0.0
космоса 0.002242 0.0 0.0
которая 0.002242 1.560648 0.003499
который 0.002242 1.386294 0.003108
кризис 0.002242 3.218876 0.007217
кроссовера 0.002242 0.0 0.0
кроссоверы 0.002242 0.0 0.0
кубических 0.002242 0.0 0.0
куки 0.002242 0.0 0.0
лежит 0.002242 3.218876 0.007217
лет 0.002242 0.0 0.0
летать 0.002242 0.0 0.0
лету 0.002242 0.0 0.0
листа 0.002242 0.0 0.0
лунной 0.002242 2.995732 0.006717
магнитами 0.002242 4.60517 0.010325
магнитное 0.002242 3.506558 0.007862
магнитным 0.002242 4.60517 0.010325
магнитов 0.002242 4.60517 0.010325
мае 0.002242 0.0 0.0
май 0.002242 0.0 0.0
марка 0.002242 0.0 0.0
материалов 0.002242 0.0 0.0
машину 0.002242 0.0 0.0
мая 0.002242 0.0 0.0
межпланетный 0.002242 0.0 0.0
менее 0.002242 2.207275 0.004949
меньшей 0.002242 4.60517 0.010325
меняет 0.002242 0.0 0.0
метод 0.002242 1.714798 0.003845
методы 0.002242 2.813411 0.006308
метрового 0.002242 0.0 0.0
миллионов 0.002242 0.0 0.0
миру 0.002242 0.0 0.0
миссии 0.002242 1.514128 0.003395
мичл 0.002242 4.60517 0.010325
мобильные 0.002242 0.0 0.0
могут 0.002242 0.0 0.0
моделей 0.002242 2.120264 0.004754
модифицировали 0.002242 4.60517 0.010325
момент 0.002242 0.0 0.0
мониторы 0.002242 0.0 0.0
мотобрендов 0.002242 0.0 0.0
мотоциклов 0.002242 0.0 0.0
мощнее 0.002242 3.218876 0.007217
мощность 0.002242 1.560648 0.003499
мс 0.002242 0.0 0.0
мультимедиа 0.002242 0.0 0.0
нажмите 0.002242 0.0 0.0
назвал 0.002242 0.0 0.0
названием 0.002242 0.0 0.0
напоминают 0.002242 4.60517 0.010325
началу 0.002242 3.912023 0.008771
наш 0.002242 0.0 0.0
наша 0.002242 3.506558 0.007862
нашей 0.002242 0.0 0.0
наши 0.002242 0.0 0.0
нашли 0.002242 0.0 0.0
нейтральных 0.002242 4.60517 0.010325
необходимо 0.002242 2.407946 0.005399
нестабильности 0.002242 4.60517 0.010325
новая 0.002242 3.218876 0.007217
новости 0.002242 0.0 0.0
новую 0.002242 3.506558 0.007862
новые 0.002242 0.0 0.0
новый 0.002242 0.0 0.0
носители 0.002242 0.0 0.0
ноутбуки 0.002242 0.0 0.0
нужны 0.002242 0.0 0.0
обзоры 0.002242 0.0 0.0
обработки 0.002242 0.0 0.0
образцы 0.002242 0.0 0.0
общие 0.002242 3.912023 0.008771
объявлена 0.002242 0.0 0.0
одноклассник 0.002242 0.0 0.0
опередить 0.002242 4.60517 0.010325
описывают 0.002242 4.60517 0.010325
оптимизм 0.002242 4.60517 0.010325
орбите 0.002242 0.0 0.0
ос 0.002242 0.0 0.0
основе 0.002242 2.207275 0.004949
основой 0.002242 3.218876 0.007217
остаётся 0.002242 2.040221 0.004574
отдадут 0.002242 0.0 0.0
отечественного 0.002242 0.0 0.0
отказа 0.002242 0.0 0.0
отказались 0.002242 0.0 0.0
отключили 0.002242 0.0 0.0
отмечают 0.002242 2.65926 0.005962
отходов 0.002242 3.912023 0.008771
отходы 0.002242 3.506558 0.007862
очень 0.002242 0.0 0.0
ошибку 0.002242 0.0 0.0
переводят 0.002242 3.506558 0.007862
переднего 0.002242 0.0 0.0
переход 0.002242 2.120264 0.004754
период 0.002242 0.0 0.0
периферия 0.002242 0.0 0.0
персональные 0.002242 0.0 0.0
персональных 0.002242 0.0 0.0
перспективным 0.002242 3.912023 0.008771
пиар 0.002242 0.0 0.0
пк 0.002242 0.0 0.0
плазма 0.002242 4.60517 0.010325
плазме 0.002242 3.912023 0.008771
плазмой 0.002242 3.912023 0.008771
плазмы 0.002242 3.912023 0.008771
планирует 0.002242 1.714798 0.003845
планшеты 0.002242 0.0 0.0
платформа 0.002242 0.0 0.0
пн 0.002242 0.0 0.0
подвел 0.002242 0.0 0.0
поднял 0.002242 0.0 0.0
подробнее 0.002242 0.0 0.0
подход 0.002242 1.89712 0.004254
подходы 0.002242 3.506558 0.007862
подчеркнул 0.002242 2.040221 0.004574
позволяет 0.002242 1.832581 0.004109
поиск 0.002242 0.0 0.0
пока 0.002242 0.0 0.0
покажет 0.002242 4.60517 0.010325
поколение 0.002242 3.912023 0.008771
поколения 0.002242 2.995732 0.006717
поле 0.002242 0.0 0.0
полезные 0.002242 0.0 0.0
полем 0.002242 4.60517 0.010325
политика 0.002242 0.0 0.0
политикой 0.002242 0.0 0.0
полноприводными 0.002242 0.0 0.0
получение 0.002242 4.60517 0.010325
полётов 0.002242 0.0 0.0
попробовать 0.002242 0.0 0.0
популярная 0.002242 0.0 0.0
популярных 0.002242 0.0 0.0
посещать 0.002242 0.0 0.0
потребляет 0.002242 4.60517 0.010325
правила 0.002242 0.0 0.0
прайс 0.002242 0.0 0.0
практике 0.002242 4.60517 0.010325
превысить 0.002242 4.60517 0.010325
представила 0.002242 1.832581 0.004109
представлен 0.002242 0.0 0.0
предыдущих 0.002242 3.912023 0.008771
преодоления 0.002242 3.912023 0.008771
прибавка 0.002242 0.0 0.0
приблизить 0.002242 3.912023 0.008771
привода 0.002242 0.0 0.0
принтеры 0.002242 0.0 0.0
причины 0.002242 0.0 0.0
пробизнес 0.002242 0.0 0.0
проведения 0.002242 0.0 0.0
программы 0.002242 0.0 0.0
прогресс 0.002242 3.506558 0.007862
продавать 0.002242 0.0 0.0
продажи 0.002242 0.0 0.0
продемонстрировать 0.002242 4.60517 0.010325
продолжает 0.002242 2.407946 0.005399
продолжая 0.002242 0.0 0.0
проектами 0.002242 3.218876 0.007217
проектов 0.002242 0.0 0.0
проекторы 0.002242 0.0 0.0
проекты 0.002242 0.0 0.0
производящим 0.002242 4.60517 0.010325
пролить 0.002242 0.0 0.0
прорыве 0.002242 3.506558 0.007862
прототип 0.002242 2.65926 0.005962
процессы 0.002242 0.0 0.0
пт 0.002242 0.0 0.0
пучков 0.002242 4.60517 0.010325
пятое 0.002242 4.60517 0.010325
работы 0.002242 0.0 0.0
радикально 0.002242 3.912023 0.008771
радиоактивные 0.002242 3.912023 0.008771
радиоактивных 0.002242 3.912023 0.008771
размеры 0.002242 3.912023 0.008771
ракете 0.002242 2.995732 0.006717
ранее 0.002242 1.771957 0.003973
растёт 0.002242 3.218876 0.007217
реактор 0.002242 2.65926 0.005962
реактора 0.002242 4.60517 0.010325
реакторов 0.002242 3.218876 0.007217
реактором 0.002242 4.60517 0.010325
реакция 0.002242 3.912023 0.008771
реальных 0.002242 0.0 0.0
результаты 0.002242 0.0 0.0
реклама 0.002242 0.0 0.0
рентабельный 0.002242 4.60517 0.010325
решает 0.002242 0.0 0.0
россии 0.002242 0.0 0.0
россияне 0.002242 0.0 0.0
рублей 0.002242 0.0 0.0
рынок 0.002242 0.0 0.0
сайте 0.002242 0.0 0.0
сайты 0.002242 0.0 0.0
самая 0.002242 0.0 0.0
самой 0.002242 2.525729 0.005663
самолётах 0.002242 0.0 0.0
самых 0.002242 0.0 0.0
сантиметров 0.002242 0.0 0.0
сб 0.002242 0.0 0.0
сбора 0.002242 0.0 0.0
сверхпроводящими 0.002242 4.60517 0.010325
свет 0.002242 0.0 0.0
своей 0.002242 0.0 0.0
связи 0.002242 0.0 0.0
связь 0.002242 0.0 0.0
сегодня 0.002242 0.0 0.0
серверы 0.002242 0.0 0.0
сервисы 0.002242 0.0 0.0
сертификацию 0.002242 0.0 0.0
сети 0.002242 0.0 0.0
синтез 0.002242 2.407946 0.005399
синтеза 0.002242 3.506558 0.007862
синтезе 0.002242 3.506558 0.007862
синтезом 0.002242 4.60517 0.010325
системы 0.002242 1.469676 0.003295
скептики 0.002242 4.60517 0.010325
скоро 0.002242 0.0 0.0
сложности 0.002242 0.0 0.0
служит 0.002242 4.60517 0.010325
смартфонами 0.002242 3.506558 0.007862
смогут 0.002242 2.65926 0.005962
снижении 0.002242 4.60517 0.010325
снова 0.002242 0.0 0.0
собственное 0.002242 4.60517 0.010325
собственным 0.002242 4.60517 0.010325
советский 0.002242 0.0 0.0
совместима 0.002242 3.912023 0.008771
совместно 0.002242 3.218876 0.007217
соглашаетесь 0.002242 0.0 0.0
создавать 0.002242 3.218876 0.007217
создания 0.002242 2.120264 0.004754
создать 0.002242 2.813411 0.006308
сократить 0.002242 2.65926 0.005962
спасти 0.002242 0.0 0.0
способен 0.002242 2.525729 0.005663
спрос 0.002242 2.525729 0.005663
ср 0.002242 0.0 0.0
среда 0.002242 0.0 0.0
ссылки 0.002242 0.0 0.0
стабильности 0.002242 3.506558 0.007862
стал 0.002242 0.0 0.0
стартапами 0.002242 4.60517 0.010325
стартуют 0.002242 0.0 0.0
статистика 0.002242 0.0 0.0
стать 0.002242 0.0 0.0
статьи 0.002242 0.0 0.0
стеновую 0.002242 4.60517 0.010325
стоимости 0.002242 3.912023 0.008771
стоимость 0.002242 0.0 0.0
страдали 0.002242 4.60517 0.010325
сша 0.002242 0.0 0.0
тайконавты 0.002242 0.0 0.0
такими 0.002242 3.218876 0.007217
тв 0.002242 0.0 0.0
теги 0.002242 0.0 0.0
текст 0.002242 0.0 0.0
термояд 0.002242 2.813411 0.006308
термоядерного 0.002242 4.60517 0.010325
термоядерной 0.002242 3.218876 0.007217
термоядерном 0.002242 3.506558 0.007862
термоядерный 0.002242 3.218876 0.007217
технический 0.002242 0.0 0.0
технологии 0.002242 1.514128 0.003395
токамаках 0.002242 4.60517 0.010325
токамаков 0.002242 3.506558 0.007862
топ 0.002242 0.0 0.0
топология 0.002242 4.60517 0.010325
традиционные 0.002242 2.995732 0.006717
требования 0.002242 2.995732 0.006717
тыс 0.002242 0.0 0.0
убрали 0.002242 0.0 0.0
удержания 0.002242 4.60517 0.010325
удерживается 0.002242 4.60517 0.010325
университета 0.002242 2.120264 0.004754
упасть 0.002242 0.0 0.0
управление 0.002242 2.525729 0.005663
управлению 0.002242 3.912023 0.008771
управляемом 0.002242 3.506558 0.007862
упрощает 0.002242 3.912023 0.008771
ускорить 0.002242 2.995732 0.006717
успех 0.002242 2.207275 0.004949
установки 0.002242 3.912023 0.008771
устойчивости 0.002242 3.506558 0.007862
устраняя 0.002242 3.912023 0.008771
устройства 0.002242 0.0 0.0
утверждениям 0.002242 4.60517 0.010325
утечек 0.002242 3.506558 0.007862
уходит 0.002242 3.506558 0.007862
ученым 0.002242 0.0 0.0
учёными 0.002242 4.60517 0.010325
файлы 0.002242 0.0 0.0
флагманского 0.002242 0.0 0.0
фото 0.002242 0.0 0.0
фундаментальные 0.002242 0.0 0.0
хитом 0.002242 0.0 0.0
цель 0.002242 2.65926 0.005962
цены 0.002242 0.0 0.0
части 0.002242 0.0 0.0
частными 0.002242 4.60517 0.010325
человека 0.002242 0.0 0.0
чистая 0.002242 4.60517 0.010325
чистой 0.002242 3.912023 0.008771
чт 0.002242 0.0 0.0
шаттлов 0.002242 3.506558 0.007862
шестого 0.002242 3.912023 0.008771
экономичного 0.002242 4.60517 0.010325
экспериментов 0.002242 3.506558 0.007862
эксплуатацию 0.002242 3.912023 0.008771
экспоненциально 0.002242 4.60517 0.010325
экспорт 0.002242 0.0 0.0
экстренно 0.002242 3.506558 0.007862
электростанцию 0.002242 3.912023 0.008771
электроэнергию 0.002242 3.912023 0.008771
эмбрионы 0.002242 0.0 0.0
энергетика 0.002242 4.60517 0.010325
энергетический 0.002242 3.506558 0.007862
энергетического 0.002242 3.912023 0.008771
энергией 0.002242 2.995732 0.006717
энергии 0.002242 2.207275 0.004949
энергия 0.002242 3.912023 0.008771
энергозатраты 0.002242 4.60517 0.010325
эффективной 0.002242 4.60517 0.010325
южной 0.002242 0.0 0.0
