авиалайнера 0.002451 0.0 0.0
австралии 0.002451 0.0 0.0
автоваз 0.002451 0.0 0.0
автоматизация 0.002451 3.506558 0.008595
автоматом 0.002451 0.0 0.0
автомобили 0.002451 1.966113 0.004819
автопроизводителя 0.002451 0.0 0.0
автор 0.002451 0.0 0.0
авторы 0.002451 0.0 0.0
администрацией 0.002451 0.0 0.0
адрес 0.002451 0.0 0.0
америке 0.002451 0.0 0.0
аналитики 0.002451 0.0 0.0
анонс 0.002451 2.525729 0.006191
аппаратные 0.002451 4.60517 0.011287
архитектурой 0.002451 4.60517 0.011287
аудио 0.002451 3.506558 0.008595
базовых 0.002451 3.506558 0.008595
безопасность 0.002451 2.525729 0.006191
белка 0.002451 0.0 0.0
беспроводной 0.002451 4.60517 0.011287
биологические 0.002451 0.0 0.0
биологических 0.002451 0.0 0.0
битным 0.002451 4.60517 0.011287
ближайшие 0.002451 2.813411 0.006896
ближнем 0.002451 0.0 0.0
блоги 0.002451 0.0 0.0
будут 0.002451 0.0 0.0
быстро 0.002451 0.0 0.0
важно 0.002451 2.120264 0.005197
весом 0.002451 0.0 0.0
взаимодействовать 0.002451 4.60517 0.011287
видео 0.002451 0.0 0.0
видеокарты 0.002451 0.0 0.0
включает 0.002451 2.525729 0.006191
внедорожники 0.002451 0.0 0.0
внешней 0.002451 4.60517 0.011287
внешними 0.002451 4.60517 0.011287
возможности 0.002451 2.65926 0.006518
войти 0.002451 0.0 0.0
востоке 0.002451 0.0 0.0
вс 0.002451 0.0 0.0
всему 0.002451 0.0 0.0
встроенной 0.002451 4.60517 0.011287
вт 0.002451 0.0 0.0
входят 0.002451 0.0 0.0
выделите 0.002451 0.0 0.0
высокой 0.002451 2.813411 0.006896
высокоскоростные 0.002451 3.912023 0.009588
выходит 0.002451 0.0 0.0
гибкость 0.002451 3.506558 0.008595
гибридные 0.002451 4.60517 0.011287
гибридных 0.002451 3.218876 0.007889
главную 0.002451 0.0 0.0
года 0.002451 0.0 0.0
городов 0.002451 3.912023 0.009588
данные 0.002451 0.0 0.0
данный 0.002451 0.0 0.0
данных 0.002451 0.0 0.0
датчиков 0.002451 4.60517 0.011287
двигатели 0.002451 0.0 0.0
двигатель 0.002451 0.0 0.0
двух 0.002451 0.0 0.0
двухдиапазонный 0.002451 4.60517 0.011287
делает 0.002451 2.302585 0.005644
дешевле 0.002451 2.525729 0.006191
дизайн 0.002451 0.0 0.0
директор 0.002451 0.0 0.0
добавлена 0.002451 4.60517 0.011287
должников 0.002451 3.506558 0.008595
долларов 0.002451 0.0 0.0
дом 0.002451 0.0 0.0
домов 0.002451 3.912023 0.009588
доставили 0.002451 0.0 0.0
достигает 0.002451 0.0 0.0
доступно 0.002451 3.218876 0.007889
доступны 0.002451 2.407946 0.005902
другие 0.002451 2.040221 0.005001
жёсткими 0.002451 4.60517 0.011287
завершат 0.002451 0.0 0.0
завершение 0.002451 3.506558 0.008595
задач 0.002451 1.609438 0.003945
задержек 0.002451 3.506558 0.008595
запланирован 0.002451 1.966113 0.004819
запустила 0.002451 2.65926 0.006518
защиты 0.002451 0.0 0.0
защищённых 0.002451 4.60517 0.011287
земле 0.002451 0.0 0.0
земли 0.002451 0.0 0.0
зонд 0.002451 0.0 0.0
зонда 0.002451 0.0 0.0
игры 0.002451 0.0 0.0
изображение 0.002451 1.514128 0.003711
иллюстрация 0.002451 2.120264 0.005197
инженеры 0.002451 2.525729 0.006191
инновационный 0.002451 0.0 0.0
интеграции 0.002451 3.912023 0.009588
интерфейсы 0.002451 3.912023 0.009588
информации 0.002451 0.0 0.0
использования 0.002451 0.0 0.0
использовать 0.002451 2.525729 0.006191
исследований 0.002451 0.0 0.0
источник 0.002451 0.0 0.0
календарь 0.002451 0.0 0.0
категории 0.002451 0.0 0.0
качестве 0.002451 2.813411 0.006896
кб 0.002451 4.60517 0.011287
кг 0.002451 0.0 0.0
километров 0.002451 0.0 0.0
классическим 0.002451 0.0 0.0
климатические 0.002451 4.60517 0.011287
клон 0.002451 0.0 0.0
км 0.002451 1.309333 0.003209
комбинация 0.002451 4.60517 0.011287
комментирования 0.002451 0.0 0.0
коммерческого 0.002451 3.506558 0.008595
компания 0.002451 0.820981 0.002012
комфортный 0.002451 0.0 0.0
контроллера 0.002451 3.506558 0.008595
конференция 0.002451 0.0 0.0
корее 0.002451 0.0 0.0
корпуса 0.002451 0.0 0.0
космос 0.002451 0.0 0.0
космоса 0.002451 0.0 0.0
которой 0.002451 2.65926 0.006518
краю 0.002451 4.60517 0.011287
кристалле 0.002451 4.60517 0.011287
кроссовер 0.002451 0.0 0.0
кроссовера 0.002451 0.0 0.0
кроссоверы 0.002451 0.0 0.0
кубических 0.002451 0.0 0.0
куки 0.002451 0.0 0.0
летать 0.002451 0.0 0.0
лету 0.002451 0.0 0.0
листа 0.002451 0.0 0.0
мае 0.002451 0.0 0.0
май 0.002451 0.0 0.0
марка 0.002451 0.0 0.0
маршрутизаторы 0.002451 4.60517 0.011287
массового 0.002451 3.912023 0.009588
массовое 0.002451 3.218876 0.007889
материалов 0.002451 0.0 0.0
машинного 0.002451 4.60517 0.011287
машину 0.002451 0.0 0.0
машины 0.002451 1.771957 0.004343
мая 0.002451 0.0 0.0
межпланетный 0.002451 0.0 0.0
меняет 0.002451 0.0 0.0
месяцы 0.002451 3.218876 0.007889
метрового 0.002451 0.0 0.0
микроконтроллера 0.002451 3.506558 0.008595
микроконтроллеры 0.002451 4.60517 0.011287
миллионов 0.002451 0.0 0.0
минимальных 0.002451 4.60517 0.011287
миру 0.002451 0.0 0.0
млн 0.002451 1.108663 0.002717
мобильные 0.002451 0.0 0.0
могут 0.002451 0.0 0.0
модуль 0.002451 2.995732 0.007342
момент 0.002451 0.0 0.0
мониторы 0.002451 0.0 0.0
мотобрендов 0.002451 0.0 0.0
мотоциклов 0.002451 0.0 0.0
мс 0.002451 0.0 0.0
мультимедиа 0.002451 0.0 0.0
нажмите 0.002451 0.0 0.0
назвал 0.002451 0.0 0.0
названием 0.002451 0.0 0.0
начале 0.002451 3.506558 0.008595
начальная 0.002451 4.60517 0.011287
нашей 0.002451 0.0 0.0
наши 0.002451 0.0 0.0
нашли 0.002451 0.0 0.0
низким 0.002451 4.60517 0.011287
низкопотребляющий 0.002451 4.60517 0.011287
новейший 0.002451 2.995732 0.007342
новости 0.002451 0.0 0.0
новые 0.002451 0.0 0.0
новый 0.002451 0.0 0.0
новым 0.002451 1.714798 0.004203
носимые 0.002451 3.912023 0.009588
носители 0.002451 0.0 0.0
ноутбуки 0.002451 0.0 0.0
нужны 0.002451 0.0 0.0
обеспечивает 0.002451 2.407946 0.005902
обзоры 0.002451 0.0 0.0
обработки 0.002451 0.0 0.0
обработкой 0.002451 3.912023 0.009588
образцы 0.002451 0.0 0.0
обучения 0.002451 3.506558 0.008595
объявила 0.002451 2.995732 0.007342
объявлена 0.002451 0.0 0.0
одно 0.002451 0.0 0.0
одноклассник 0.002451 0.0 0.0
одноядерным 0.002451 4.60517 0.011287
ознаменовал 0.002451 4.60517 0.011287
орбите 0.002451 0.0 0.0
ориентирован 0.002451 2.813411 0.006896
ос 0.002451 0.0 0.0
оснащением 0.002451 3.506558 0.008595
оснащён 0.002451 2.813411 0.006896
основного 0.002451 3.506558 0.008595
основой 0.002451 3.218876 0.007889
остаётся 0.002451 2.040221 0.005001
отдадут 0.002451 0.0 0.0
отдельный 0.002451 4.60517 0.011287
отдельным 0.002451 4.60517 0.011287
отечественного 0.002451 0.0 0.0
отказа 0.002451 0.0 0.0
отказались 0.002451 0.0 0.0
отключили 0.002451 0.0 0.0
открывает 0.002451 2.813411 0.006896
отличным 0.002451 3.506558 0.008595
отмечают 0.002451 2.65926 0.006518
отрасли 0.002451 2.813411 0.006896
очень 0.002451 0.0 0.0
ошибку 0.002451 0.0 0.0
памяти 0.002451 2.995732 0.007342
первой 0.002451 2.995732 0.007342
перегруженных 0.002451 4.60517 0.011287
передаче 0.002451 4.60517 0.011287
переднего 0.002451 0.0 0.0
период 0.002451 0.0 0.0
периферийными 0.002451 4.60517 0.011287
периферия 0.002451 0.0 0.0
персональные 0.002451 0.0 0.0
персональных 0.002451 0.0 0.0
пзу 0.002451 4.60517 0.011287
пиар 0.002451 0.0 0.0
пк 0.002451 0.0 0.0
планшеты 0.002451 0.0 0.0
платформа 0.002451 0.0 0.0
пн 0.002451 0.0 0.0
подвел 0.002451 0.0 0.0
поддерживающей 0.002451 4.60517 0.011287
поддержка 0.002451 3.912023 0.009588
поддержке 0.002451 3.506558 0.008595
поддержкой 0.002451 3.218876 0.007889
поддержку 0.002451 2.65926 0.006518
поднял 0.002451 0.0 0.0
подробнее 0.002451 0.0 0.0
позволяет 0.002451 1.832581 0.004492
поиск 0.002451 0.0 0.0
пока 0.002451 0.0 0.0
полезные 0.002451 0.0 0.0
политика 0.002451 0.0 0.0
политикой 0.002451 0.0 0.0
полноприводными 0.002451 0.0 0.0
полётов 0.002451 0.0 0.0
помехи 0.002451 3.912023 0.009588
попробовать 0.002451 0.0 0.0
популярная 0.002451 0.0 0.0
популярных 0.002451 0.0 0.0
посещать 0.002451 0.0 0.0
правила 0.002451 0.0 0.0
прайс 0.002451 0.0 0.0
превращающие 0.002451 4.60517 0.011287
представлен 0.002451 0.0 0.0
прибавка 0.002451 0.0 0.0
привода 0.002451 0.0 0.0
пригодным 0.002451 4.60517 0.011287
приложения 0.002451 3.218876 0.007889
применения 0.002451 3.506558 0.008595
принтеры 0.002451 0.0 0.0
приоритетом 0.002451 4.60517 0.011287
причины 0.002451 0.0 0.0
пробизнес 0.002451 0.0 0.0
проведения 0.002451 0.0 0.0
программируемых 0.002451 4.60517 0.011287
программная 0.002451 4.60517 0.011287
программы 0.002451 0.0 0.0
продавать 0.002451 0.0 0.0
продажи 0.002451 0.0 0.0
продают 0.002451 2.813411 0.006896
продолжая 0.002451 0.0 0.0
продуктом 0.002451 4.60517 0.011287
проектов 0.002451 0.0 0.0
проекторы 0.002451 0.0 0.0
проекты 0.002451 0.0 0.0
производства 0.002451 2.65926 0.006518
производство 0.002451 2.302585 0.005644
пролить 0.002451 0.0 0.0
промышленная 0.002451 4.60517 0.011287
промышленных 0.002451 3.912023 0.009588
пропускную 0.002451 4.60517 0.011287
протоколы 0.002451 3.912023 0.009588
процессор 0.002451 2.207275 0.00541
процессорами 0.002451 4.60517 0.011287
процессором 0.002451 3.912023 0.009588
процессы 0.002451 0.0 0.0
пт 0.002451 0.0 0.0
путь 0.002451 2.120264 0.005197
работающих 0.002451 4.60517 0.011287
работы 0.002451 0.0 0.0
разными 0.002451 3.912023 0.009588
разработки 0.002451 2.65926 0.006518
разработчики 0.002451 3.218876 0.007889
разработчиков 0.002451 2.813411 0.006896
расходом 0.002451 3.506558 0.008595
расширяет 0.002451 3.506558 0.008595
реализовывать 0.002451 4.60517 0.011287
реальных 0.002451 0.0 0.0
результаты 0.002451 0.0 0.0
реклама 0.002451 0.0 0.0
релиз 0.002451 3.218876 0.007889
решает 0.002451 0.0 0.0
решений 0.002451 2.525729 0.006191
решения 0.002451 2.040221 0.005001
розетки 0.002451 4.60517 0.011287
россии 0.002451 0.0 0.0
россияне 0.002451 0.0 0.0
рублей 0.002451 0.0 0.0
рынок 0.002451 0.0 0.0
сайте 0.002451 0.0 0.0
сайты 0.002451 0.0 0.0
самая 0.002451 0.0 0.0
самолётах 0.002451 0.0 0.0
самых 0.002451 0.0 0.0
сантиметров 0.002451 0.0 0.0
сб 0.002451 0.0 0.0
сбора 0.002451 0.0 0.0
свет 0.002451 0.0 0.0
своей 0.002451 0.0 0.0
связи 0.002451 0.0 0.0
связь 0.002451 0.0 0.0
сегодня 0.002451 0.0 0.0
серверы 0.002451 0.0 0.0
сервисы 0.002451 0.0 0.0
сертификацию 0.002451 0.0 0.0
сетевые 0.002451 4.60517 0.011287
сетей 0.002451 2.525729 0.006191
сети 0.002451 0.0 0.0
сетях 0.002451 4.60517 0.011287
систем 0.002451 0.653926 0.001603
системы 0.002451 1.469676 0.003602
скоро 0.002451 0.0 0.0
сложности 0.002451 0.0 0.0
сложные 0.002451 2.995732 0.007342
сможет 0.002451 2.995732 0.007342
снижает 0.002451 2.407946 0.005902
снова 0.002451 0.0 0.0
советский 0.002451 0.0 0.0
совместимость 0.002451 3.912023 0.009588
современные 0.002451 2.302585 0.005644
соглашаетесь 0.002451 0.0 0.0
создания 0.002451 2.120264 0.005197
спасти 0.002451 0.0 0.0
специализированный 0.002451 3.912023 0.009588
способность 0.002451 3.506558 0.008595
ср 0.002451 0.0 0.0
среда 0.002451 0.0 0.0
ссылки 0.002451 0.0 0.0
стал 0.002451 0.0 0.0
стандартами 0.002451 4.60517 0.011287
стартуют 0.002451 0.0 0.0
статистика 0.002451 0.0 0.0
стать 0.002451 0.0 0.0
статьи 0.002451 0.0 0.0
стоимость 0.002451 0.0 0.0
сфера 0.002451 2.813411 0.006896
сша 0.002451 0.0 0.0
тайконавты 0.002451 0.0 0.0
тактовой 0.002451 4.60517 0.011287
тв 0.002451 0.0 0.0
теги 0.002451 0.0 0.0
текст 0.002451 0.0 0.0
технический 0.002451 0.0 0.0
топ 0.002451 0.0 0.0
требованиями 0.002451 3.506558 0.008595
требующие 0.002451 3.506558 0.008595
тыс 0.002451 0.0 0.0
убрали 0.002451 0.0 0.0
увеличивает 0.002451 3.912023 0.009588
умные 0.002451 3.912023 0.009588
умный 0.002451 4.60517 0.011287
умных 0.002451 3.506558 0.008595
универсального 0.002451 3.506558 0.008595
упасть 0.002451 0.0 0.0
устройств 0.002451 0.0 0.0
устройства 0.002451 0.0 0.0
устройствами 0.002451 4.60517 0.011287
устройство 0.002451 2.65926 0.006518
ученым 0.002451 0.0 0.0
файлы 0.002451 0.0 0.0
флагманского 0.002451 0.0 0.0
фото 0.002451 0.0 0.0
фреймворк 0.002451 3.218876 0.007889
фундаментальные 0.002451 0.0 0.0
функции 0.002451 3.218876 0.007889
хитом 0.002451 0.0 0.0
хост 0.002451 3.912023 0.009588
цене 0.002451 2.120264 0.005197
цены 0.002451 0.0 0.0
части 0.002451 0.0 0.0
частотой 0.002451 3.506558 0.008595
человека 0.002451 0.0 0.0
чип 0.002451 1.966113 0.004819
чт 0.002451 0.0 0.0
шифрования 0.002451 3.912023 0.009588
экосистема 0.002451 4.60517 0.011287
экспорт 0.002451 0.0 0.0
эмбрионы 0.002451 0.0 0.0
энергопотреблением 0.002451 3.912023 0.009588
энергопотреблению 0.002451 4.60517 0.011287
энергосбережения 0.002451 4.60517 0.011287
энергоэффективности 0.002451 3.912023 0.009588
энергоэффективность 0.002451 3.218876 0.007889
южной 0.002451 0.0 0.0
