авиалайнера 0.003401 0.0 0.0
австралии 0.003401 0.0 0.0
авто 0.003401 0.0 0.0
автоваз 0.003401 0.0 0.0
автоматом 0.003401 0.0 0.0
автомобилей 0.003401 2.207275 0.007508
автопроизводителя 0.003401 0.0 0.0
автор 0.003401 0.0 0.0
авторы 0.003401 0.0 0.0
администрацией 0.003401 0.0 0.0
адрес 0.003401 0.0 0.0
аксессуары 0.003401 3.912023 0.013306
акцию 0.003401 3.912023 0.013306
акция 0.003401 3.506558 0.011927
америке 0.003401 0.0 0.0
аналитики 0.003401 0.0 0.0
белка 0.003401 0.0 0.0
бесплатная 0.003401 4.60517 0.015664
бесплатной 0.003401 3.506558 0.011927
биологические 0.003401 0.0 0.0
биологических 0.003401 0.0 0.0
ближнем 0.003401 0.0 0.0
блоги 0.003401 0.0 0.0
будут 0.003401 0.0 0.0
быстро 0.003401 0.0 0.0
бьют 0.003401 2.302585 0.007832
великобритании 0.003401 3.506558 0.011927
весом 0.003401 0.0 0.0
видео 0.003401 0.0 0.0
видеокарты 0.003401 0.0 0.0
владельцев 0.003401 3.506558 0.011927
внедорожники 0.003401 0.0 0.0
войти 0.003401 0.0 0.0
вопросом 0.003401 2.995732 0.01019
востоке 0.003401 0.0 0.0
вс 0.003401 0.0 0.0
всему 0.003401 0.0 0.0
вт 0.003401 0.0 0.0
входят 0.003401 0.0 0.0
выделите 0.003401 0.0 0.0
выходит 0.003401 0.0 0.0
гибридный 0.003401 3.218876 0.010949
главную 0.003401 0.0 0.0
года 0.003401 0.0 0.0
данные 0.003401 0.0 0.0
данный 0.003401 0.0 0.0
данных 0.003401 0.0 0.0
двигатели 0.003401 0.0 0.0
двигатель 0.003401 0.0 0.0
двигателями 0.003401 2.65926 0.009045
двух 0.003401 0.0 0.0
дизайн 0.003401 0.0 0.0
директор 0.003401 0.0 0.0
долларов 0.003401 0.0 0.0
дом 0.003401 0.0 0.0
домашней 0.003401 4.60517 0.015664
дополнительно 0.003401 2.813411 0.009569
дополнительную 0.003401 3.912023 0.013306
доставили 0.003401 0.0 0.0
достигает 0.003401 0.0 0.0
другие 0.003401 2.040221 0.00694
завершат 0.003401 0.0 0.0
завоевавшая 0.003401 4.60517 0.015664
запуск 0.003401 1.272966 0.00433
запустила 0.003401 2.65926 0.009045
зарядной 0.003401 4.60517 0.015664
зарядных 0.003401 3.218876 0.010949
защиты 0.003401 0.0 0.0
земле 0.003401 0.0 0.0
земли 0.003401 0.0 0.0
зонд 0.003401 0.0 0.0
зонда 0.003401 0.0 0.0
игры 0.003401 0.0 0.0
инновационный 0.003401 0.0 0.0
информации 0.003401 0.0 0.0
использования 0.003401 0.0 0.0
исследований 0.003401 0.0 0.0
источник 0.003401 0.0 0.0
июля 0.003401 4.60517 0.015664
июня 0.003401 2.995732 0.01019
календарь 0.003401 0.0 0.0
категории 0.003401 0.0 0.0
кг 0.003401 0.0 0.0
километров 0.003401 0.0 0.0
классическим 0.003401 0.0 0.0
клон 0.003401 0.0 0.0
комментирования 0.003401 0.0 0.0
комфортный 0.003401 0.0 0.0
конференция 0.003401 0.0 0.0
корее 0.003401 0.0 0.0
корпуса 0.003401 0.0 0.0
космос 0.003401 0.0 0.0
космоса 0.003401 0.0 0.0
кроссовера 0.003401 0.0 0.0
кроссоверы 0.003401 0.0 0.0
кубических 0.003401 0.0 0.0
куки 0.003401 0.0 0.0
летать 0.003401 0.0 0.0
лету 0.003401 0.0 0.0
листа 0.003401 0.0 0.0
мае 0.003401 0.0 0.0
май 0.003401 0.0 0.0
майский 0.003401 3.506558 0.011927
марка 0.003401 0.0 0.0
материалов 0.003401 0.0 0.0
машину 0.003401 0.0 0.0
мая 0.003401 0.0 0.0
межпланетный 0.003401 0.0 0.0
меняет 0.003401 0.0 0.0
метрового 0.003401 0.0 0.0
миллионов 0.003401 0.0 0.0
миру 0.003401 0.0 0.0
мобильные 0.003401 0.0 0.0
могут 0.003401 0.0 0.0
модели 0.003401 1.139434 0.003876
момент 0.003401 0.0 0.0
мониторы 0.003401 0.0 0.0
мотобрендов 0.003401 0.0 0.0
мотоциклов 0.003401 0.0 0.0
мс 0.003401 0.0 0.0
мультимедиа 0.003401 0.0 0.0
нажмите 0.003401 0.0 0.0
назвал 0.003401 0.0 0.0
названием 0.003401 0.0 0.0
нашей 0.003401 0.0 0.0
наши 0.003401 0.0 0.0
нашли 0.003401 0.0 0.0
неполадки 0.003401 3.218876 0.010949
новейшей 0.003401 3.506558 0.011927
нового 0.003401 2.995732 0.01019
новости 0.003401 0.0 0.0
новые 0.003401 0.0 0.0
новый 0.003401 0.0 0.0
новых 0.003401 1.771957 0.006027
носители 0.003401 0.0 0.0
ноутбуки 0.003401 0.0 0.0
нужны 0.003401 0.0 0.0
обзоры 0.003401 0.0 0.0
обработки 0.003401 0.0 0.0
образцы 0.003401 0.0 0.0
объявлена 0.003401 0.0 0.0
одноклассник 0.003401 0.0 0.0
орбите 0.003401 0.0 0.0
оригинальные 0.003401 4.60517 0.015664
ос 0.003401 0.0 0.0
особые 0.003401 4.60517 0.015664
отдадут 0.003401 0.0 0.0
отечественного 0.003401 0.0 0.0
отказа 0.003401 0.0 0.0
отказались 0.003401 0.0 0.0
отключили 0.003401 0.0 0.0
очень 0.003401 0.0 0.0
ошибку 0.003401 0.0 0.0
переднего 0.003401 0.0 0.0
период 0.003401 0.0 0.0
периферия 0.003401 0.0 0.0
персональные 0.003401 0.0 0.0
персональных 0.003401 0.0 0.0
пиар 0.003401 0.0 0.0
пк 0.003401 0.0 0.0
планшеты 0.003401 0.0 0.0
платформа 0.003401 0.0 0.0
пн 0.003401 0.0 0.0
подвел 0.003401 0.0 0.0
поднял 0.003401 0.0 0.0
подробнее 0.003401 0.0 0.0
поиск 0.003401 0.0 0.0
пока 0.003401 0.0 0.0
покупатели 0.003401 3.912023 0.013306
покупке 0.003401 4.60517 0.015664
полезные 0.003401 0.0 0.0
политика 0.003401 0.0 0.0
политикой 0.003401 0.0 0.0
полноприводными 0.003401 0.0 0.0
получили 0.003401 3.218876 0.010949
полётов 0.003401 0.0 0.0
попробовать 0.003401 0.0 0.0
популярная 0.003401 0.0 0.0
популярность 0.003401 3.506558 0.011927
популярные 0.003401 2.813411 0.009569
популярных 0.003401 0.0 0.0
посещать 0.003401 0.0 0.0
правила 0.003401 0.0 0.0
прайс 0.003401 0.0 0.0
предлагает 0.003401 2.120264 0.007212
предлагая 0.003401 4.60517 0.015664
представлен 0.003401 0.0 0.0
предусмотрена 0.003401 3.912023 0.013306
прибавка 0.003401 0.0 0.0
привода 0.003401 0.0 0.0
принтеры 0.003401 0.0 0.0
причины 0.003401 0.0 0.0
пробизнес 0.003401 0.0 0.0
проведения 0.003401 0.0 0.0
проводилась 0.003401 4.60517 0.015664
программы 0.003401 0.0 0.0
продавать 0.003401 0.0 0.0
продаж 0.003401 0.0 0.0
продажи 0.003401 0.0 0.0
продлится 0.003401 4.60517 0.015664
продолжая 0.003401 0.0 0.0
проектов 0.003401 0.0 0.0
проекторы 0.003401 0.0 0.0
проекты 0.003401 0.0 0.0
пролить 0.003401 0.0 0.0
процессы 0.003401 0.0 0.0
пт 0.003401 0.0 0.0
работы 0.003401 0.0 0.0
раздают 0.003401 3.506558 0.011927
ракеты 0.003401 2.040221 0.00694
раньше 0.003401 2.995732 0.01019
рассчитывать 0.003401 4.60517 0.015664
реальных 0.003401 0.0 0.0
регистрацией 0.003401 4.60517 0.015664
результаты 0.003401 0.0 0.0
реклама 0.003401 0.0 0.0
рекордный 0.003401 3.506558 0.011927
рекорды 0.003401 3.506558 0.011927
решает 0.003401 0.0 0.0
россии 0.003401 0.0 0.0
россияне 0.003401 0.0 0.0
рост 0.003401 0.755023 0.002568
рублей 0.003401 0.0 0.0
рынок 0.003401 0.0 0.0
сайте 0.003401 0.0 0.0
сайты 0.003401 0.0 0.0
самая 0.003401 0.0 0.0
самолётах 0.003401 0.0 0.0
самых 0.003401 0.0 0.0
сантиметров 0.003401 0.0 0.0
сб 0.003401 0.0 0.0
сбора 0.003401 0.0 0.0
свет 0.003401 0.0 0.0
своей 0.003401 0.0 0.0
связи 0.003401 0.0 0.0
связь 0.003401 0.0 0.0
сегодня 0.003401 0.0 0.0
серверы 0.003401 0.0 0.0
сервисы 0.003401 0.0 0.0
сертификацию 0.003401 0.0 0.0
сети 0.003401 0.0 0.0
скидками 0.003401 2.813411 0.009569
скидки 0.003401 3.506558 0.011927
скидку 0.003401 4.60517 0.015664
скоро 0.003401 0.0 0.0
сложности 0.003401 0.0 0.0
снова 0.003401 0.0 0.0
советский 0.003401 0.0 0.0
соглашаетесь 0.003401 0.0 0.0
сообщается 0.003401 3.506558 0.011927
спасти 0.003401 0.0 0.0
ср 0.003401 0.0 0.0
среда 0.003401 0.0 0.0
ссылки 0.003401 0.0 0.0
стал 0.003401 0.0 0.0
станции 0.003401 2.813411 0.009569
станций 0.003401 3.218876 0.010949
стартовала 0.003401 3.912023 0.013306
стартуют 0.003401 0.0 0.0
статистика 0.003401 0.0 0.0
статьи 0.003401 0.0 0.0
стерлингов 0.003401 3.912023 0.013306
стоимость 0.003401 0.0 0.0
страхование 0.003401 4.60517 0.015664
сша 0.003401 0.0 0.0
тайконавты 0.003401 0.0 0.0
тв 0.003401 0.0 0.0
теги 0.003401 0.0 0.0
текст 0.003401 0.0 0.0
технический 0.003401 0.0 0.0
топ 0.003401 0.0 0.0
тыс 0.003401 0.0 0.0
убрали 0.003401 0.0 0.0
упасть 0.003401 0.0 0.0
условия 0.003401 1.560648 0.005308
установка 0.003401 3.218876 0.010949
установкой 0.003401 2.995732 0.01019
устройства 0.003401 0.0 0.0
ученым 0.003401 0.0 0.0
файлы 0.003401 0.0 0.0
флагманского 0.003401 0.0 0.0
фото 0.003401 0.0 0.0
фундаментальные 0.003401 0.0 0.0
фунтов 0.003401 3.912023 0.013306
хитом 0.003401 0.0 0.0
цены 0.003401 0.0 0.0
части 0.003401 0.0 0.0
человека 0.003401 0.0 0.0
чт 0.003401 0.0 0.0
экспорт 0.003401 0.0 0.0
электрифицированные 0.003401 4.60517 0.015664
электромобиля 0.003401 3.506558 0.011927
эмбрионы 0.003401 0.0 0.0
южной 0.003401 0.0 0.0
