авиалайнера 0.002525 0.0 0.0
авиатакси 0.002525 3.506558 0.008855
авиация 0.002525 3.506558 0.008855
австралии 0.002525 0.0 0.0
автоваз 0.002525 0.0 0.0
автоматом 0.002525 0.0 0.0
автопроизводителя 0.002525 0.0 0.0
автор 0.002525 0.0 0.0
авторы 0.002525 0.0 0.0
администрацией 0.002525 0.0 0.0
адрес 0.002525 0.0 0.0
американская 0.002525 3.912023 0.009879
американском 0.002525 3.912023 0.009879
америке 0.002525 0.0 0.0
аналитики 0.002525 0.0 0.0
аппарат 0.002525 1.660731 0.004194
апрелю 0.002525 4.60517 0.011629
апреля 0.002525 1.966113 0.004965
атомные 0.002525 3.218876 0.008128
аэрокосмической 0.002525 3.912023 0.009879
безопасности 0.002525 1.966113 0.004965
белка 0.002525 0.0 0.0
бесшовный 0.002525 4.60517 0.011629
биологические 0.002525 0.0 0.0
биологических 0.002525 0.0 0.0
ближнем 0.002525 0.0 0.0
блоги 0.002525 0.0 0.0
борту 0.002525 4.60517 0.011629
будут 0.002525 0.0 0.0
быстро 0.002525 0.0 0.0
ведёт 0.002525 3.218876 0.008128
вертикального 0.002525 4.60517 0.011629
вертикальной 0.002525 4.60517 0.011629
вертикальный 0.002525 4.60517 0.011629
вертолёты 0.002525 4.60517 0.011629
весом 0.002525 0.0 0.0
взлёт 0.002525 3.912023 0.009879
взлётно 0.002525 4.60517 0.011629
видео 0.002525 0.0 0.0
видеокарты 0.002525 0.0 0.0
внедорожники 0.002525 0.0 0.0
внедрении 0.002525 3.912023 0.009879
войти 0.002525 0.0 0.0
востоке 0.002525 0.0 0.0
вперед 0.002525 3.506558 0.008855
вс 0.002525 0.0 0.0
всему 0.002525 0.0 0.0
вт 0.002525 0.0 0.0
вторую 0.002525 4.60517 0.011629
входят 0.002525 0.0 0.0
выделите 0.002525 0.0 0.0
выполнил 0.002525 2.995732 0.007565
выступил 0.002525 4.60517 0.011629
выхода 0.002525 3.218876 0.008128
выходит 0.002525 0.0 0.0
главную 0.002525 0.0 0.0
го 0.002525 0.0 0.0
года 0.002525 0.0 0.0
году 0.002525 1.272966 0.003215
горизонтального 0.002525 4.60517 0.011629
горизонтальный 0.002525 4.60517 0.011629
городов 0.002525 3.912023 0.009879
городских 0.002525 3.218876 0.008128
городской 0.002525 4.60517 0.011629
готовится 0.002525 3.218876 0.008128
готовность 0.002525 3.506558 0.008855
данные 0.002525 0.0 0.0
данный 0.002525 0.0 0.0
данных 0.002525 0.0 0.0
двигатели 0.002525 0.0 0.0
двигатель 0.002525 0.0 0.0
двух 0.002525 0.0 0.0
денхем 0.002525 4.60517 0.011629
десятилетиям 0.002525 3.912023 0.009879
джеймс 0.002525 3.912023 0.009879
дизайн 0.002525 0.0 0.0
директор 0.002525 0.0 0.0
долларов 0.002525 0.0 0.0
дом 0.002525 0.0 0.0
доставили 0.002525 0.0 0.0
достигает 0.002525 0.0 0.0
достигли 0.002525 3.506558 0.008855
завершат 0.002525 0.0 0.0
завершение 0.002525 3.506558 0.008855
зависания 0.002525 4.60517 0.011629
задач 0.002525 1.609438 0.004064
задержек 0.002525 3.506558 0.008855
запланированному 0.002525 3.506558 0.008855
запуску 0.002525 2.995732 0.007565
защиты 0.002525 0.0 0.0
земле 0.002525 0.0 0.0
земли 0.002525 0.0 0.0
зонд 0.002525 0.0 0.0
зонда 0.002525 0.0 0.0
игры 0.002525 0.0 0.0
индустрии 0.002525 3.912023 0.009879
инновационный 0.002525 0.0 0.0
информации 0.002525 0.0 0.0
использования 0.002525 0.0 0.0
испытание 0.002525 3.912023 0.009879
испытаний 0.002525 2.65926 0.006715
испытания 0.002525 2.302585 0.005815
исследований 0.002525 0.0 0.0
источник 0.002525 0.0 0.0
истребителя 0.002525 4.60517 0.011629
календарь 0.002525 0.0 0.0
калифорния 0.002525 4.60517 0.011629
категории 0.002525 0.0 0.0
кг 0.002525 0.0 0.0
километров 0.002525 0.0 0.0
классическим 0.002525 0.0 0.0
клон 0.002525 0.0 0.0
ключевой 0.002525 2.813411 0.007105
км 0.002525 1.309333 0.003306
комментирования 0.002525 0.0 0.0
коммерческие 0.002525 2.995732 0.007565
коммерческой 0.002525 4.60517 0.011629
компания 0.002525 0.820981 0.002073
комфортный 0.002525 0.0 0.0
конференция 0.002525 0.0 0.0
корабль 0.002525 3.218876 0.008128
корее 0.002525 0.0 0.0
корпуса 0.002525 0.0 0.0
космос 0.002525 0.0 0.0
космоса 0.002525 0.0 0.0
которые 0.002525 1.309333 0.003306
кроссовера 0.002525 0.0 0.0
кроссоверы 0.002525 0.0 0.0
кубических 0.002525 0.0 0.0
куки 0.002525 0.0 0.0
лет 0.002525 0.0 0.0
летательный 0.002525 4.60517 0.011629
летать 0.002525 0.0 0.0
лету 0.002525 0.0 0.0
листа 0.002525 0.0 0.0
луне 0.002525 2.813411 0.007105
лётных 0.002525 3.912023 0.009879
мае 0.002525 0.0 0.0
май 0.002525 0.0 0.0
манёвр 0.002525 2.65926 0.006715
марине 0.002525 4.60517 0.011629
марка 0.002525 0.0 0.0
материалов 0.002525 0.0 0.0
машину 0.002525 0.0 0.0
мая 0.002525 0.0 0.0
межпланетный 0.002525 0.0 0.0
меньше 0.002525 2.407946 0.006081
меняет 0.002525 0.0 0.0
метрового 0.002525 0.0 0.0
миллионов 0.002525 0.0 0.0
мире 0.002525 1.771957 0.004475
миру 0.002525 0.0 0.0
миссии 0.002525 1.514128 0.003824
мобильные 0.002525 0.0 0.0
могут 0.002525 0.0 0.0
модели 0.002525 1.139434 0.002877
модель 0.002525 1.469676 0.003711
момент 0.002525 0.0 0.0
мониторы 0.002525 0.0 0.0
мотобрендов 0.002525 0.0 0.0
мотоциклов 0.002525 0.0 0.0
мс 0.002525 0.0 0.0
мультимедиа 0.002525 0.0 0.0
нагрузку 0.002525 3.218876 0.008128
нажмите 0.002525 0.0 0.0
назвал 0.002525 0.0 0.0
названием 0.002525 0.0 0.0
началом 0.002525 3.912023 0.009879
начаться 0.002525 4.60517 0.011629
нашей 0.002525 0.0 0.0
наши 0.002525 0.0 0.0
нашли 0.002525 0.0 0.0
небе 0.002525 3.506558 0.008855
необходимости 0.002525 4.60517 0.011629
низкую 0.002525 3.506558 0.008855
новости 0.002525 0.0 0.0
новые 0.002525 0.0 0.0
новый 0.002525 0.0 0.0
носители 0.002525 0.0 0.0
ноутбуки 0.002525 0.0 0.0
нужны 0.002525 0.0 0.0
обзоры 0.002525 0.0 0.0
обработки 0.002525 0.0 0.0
образцы 0.002525 0.0 0.0
обратно 0.002525 3.218876 0.008128
объявлена 0.002525 0.0 0.0
одна 0.002525 1.049822 0.002651
одноклассник 0.002525 0.0 0.0
орбите 0.002525 0.0 0.0
ос 0.002525 0.0 0.0
отдадут 0.002525 0.0 0.0
отечественного 0.002525 0.0 0.0
отказа 0.002525 0.0 0.0
отказались 0.002525 0.0 0.0
отключили 0.002525 0.0 0.0
открывают 0.002525 3.912023 0.009879
очень 0.002525 0.0 0.0
ошибку 0.002525 0.0 0.0
параллельно 0.002525 1.89712 0.004791
пассажиров 0.002525 4.60517 0.011629
пассажирским 0.002525 4.60517 0.011629
пассажирских 0.002525 4.60517 0.011629
первые 0.002525 1.560648 0.003941
перевозит 0.002525 4.60517 0.011629
перевозок 0.002525 4.60517 0.011629
переговоры 0.002525 3.506558 0.008855
передала 0.002525 3.218876 0.008128
переднего 0.002525 0.0 0.0
переход 0.002525 2.120264 0.005354
перехода 0.002525 3.912023 0.009879
переходов 0.002525 4.60517 0.011629
период 0.002525 0.0 0.0
периферия 0.002525 0.0 0.0
персональные 0.002525 0.0 0.0
персональных 0.002525 0.0 0.0
пиар 0.002525 0.0 0.0
пилота 0.002525 4.60517 0.011629
пилотов 0.002525 4.60517 0.011629
пилотом 0.002525 4.60517 0.011629
пк 0.002525 0.0 0.0
планшеты 0.002525 0.0 0.0
платформа 0.002525 0.0 0.0
пн 0.002525 0.0 0.0
подвел 0.002525 0.0 0.0
поднял 0.002525 0.0 0.0
подробнее 0.002525 0.0 0.0
подтвердил 0.002525 2.525729 0.006378
подтвердило 0.002525 4.60517 0.011629
подчеркнул 0.002525 2.040221 0.005152
поиск 0.002525 0.0 0.0
пока 0.002525 0.0 0.0
полезные 0.002525 0.0 0.0
полигоне 0.002525 3.912023 0.009879
политика 0.002525 0.0 0.0
политикой 0.002525 0.0 0.0
полноприводными 0.002525 0.0 0.0
половину 0.002525 4.60517 0.011629
полос 0.002525 3.218876 0.008128
полёт 0.002525 0.0 0.0
полёта 0.002525 3.218876 0.008128
полётов 0.002525 0.0 0.0
полёты 0.002525 2.525729 0.006378
попробовать 0.002525 0.0 0.0
популярная 0.002525 0.0 0.0
популярных 0.002525 0.0 0.0
посадка 0.002525 4.60517 0.011629
посадки 0.002525 4.60517 0.011629
посадочных 0.002525 3.506558 0.008855
посещать 0.002525 0.0 0.0
последний 0.002525 3.218876 0.008128
правила 0.002525 0.0 0.0
прайс 0.002525 0.0 0.0
предсказуемую 0.002525 4.60517 0.011629
представлен 0.002525 0.0 0.0
прибавка 0.002525 0.0 0.0
приблизил 0.002525 2.813411 0.007105
привода 0.002525 0.0 0.0
принтеры 0.002525 0.0 0.0
причины 0.002525 0.0 0.0
пробизнес 0.002525 0.0 0.0
проведения 0.002525 0.0 0.0
провела 0.002525 2.65926 0.006715
проверят 0.002525 3.912023 0.009879
программы 0.002525 0.0 0.0
продавать 0.002525 0.0 0.0
продажи 0.002525 0.0 0.0
продемонстрировал 0.002525 2.995732 0.007565
продолжая 0.002525 0.0 0.0
проектов 0.002525 0.0 0.0
проекторы 0.002525 0.0 0.0
проекты 0.002525 0.0 0.0
производит 0.002525 0.0 0.0
производительности 0.002525 3.218876 0.008128
пройдёт 0.002525 4.60517 0.011629
пролить 0.002525 0.0 0.0
процессы 0.002525 0.0 0.0
прошло 0.002525 2.207275 0.005574
пт 0.002525 0.0 0.0
путь 0.002525 2.120264 0.005354
работать 0.002525 2.65926 0.006715
работы 0.002525 0.0 0.0
развивает 0.002525 3.506558 0.008855
разрабатывающая 0.002525 3.912023 0.009879
рамках 0.002525 2.302585 0.005815
ранее 0.002525 1.771957 0.004475
реальных 0.002525 0.0 0.0
режимами 0.002525 4.60517 0.011629
результаты 0.002525 0.0 0.0
рейсам 0.002525 4.60517 0.011629
рейсов 0.002525 3.912023 0.009879
реклама 0.002525 0.0 0.0
решает 0.002525 0.0 0.0
россии 0.002525 0.0 0.0
россияне 0.002525 0.0 0.0
рублей 0.002525 0.0 0.0
руководитель 0.002525 2.813411 0.007105
рынок 0.002525 0.0 0.0
сайте 0.002525 0.0 0.0
сайты 0.002525 0.0 0.0
самая 0.002525 0.0 0.0
самолётах 0.002525 0.0 0.0
самых 0.002525 0.0 0.0
сантиметров 0.002525 0.0 0.0
сб 0.002525 0.0 0.0
сбора 0.002525 0.0 0.0
свет 0.002525 0.0 0.0
своей 0.002525 0.0 0.0
связи 0.002525 0.0 0.0
связь 0.002525 0.0 0.0
сегодня 0.002525 0.0 0.0
серверы 0.002525 0.0 0.0
сервисы 0.002525 0.0 0.0
сертификации 0.002525 3.506558 0.008855
сертификацию 0.002525 0.0 0.0
сертификация 0.002525 4.60517 0.011629
сертифицирована 0.002525 4.60517 0.011629
сети 0.002525 0.0 0.0
систем 0.002525 0.653926 0.001651
скоро 0.002525 0.0 0.0
скорость 0.002525 2.302585 0.005815
следующий 0.002525 3.912023 0.009879
словам 0.002525 2.302585 0.005815
сложнейших 0.002525 4.60517 0.011629
сложности 0.002525 0.0 0.0
снова 0.002525 0.0 0.0
советский 0.002525 0.0 0.0
соглашаетесь 0.002525 0.0 0.0
создали 0.002525 2.813411 0.007105
создании 0.002525 3.912023 0.009879
соответствие 0.002525 4.60517 0.011629
сотни 0.002525 3.218876 0.008128
спасти 0.002525 0.0 0.0
способность 0.002525 3.506558 0.008855
ср 0.002525 0.0 0.0
среда 0.002525 0.0 0.0
ссылки 0.002525 0.0 0.0
стал 0.002525 0.0 0.0
стандартам 0.002525 2.995732 0.007565
станет 0.002525 1.714798 0.00433
стартуют 0.002525 0.0 0.0
статистика 0.002525 0.0 0.0
статьи 0.002525 0.0 0.0
стоимость 0.002525 0.0 0.0
сша 0.002525 0.0 0.0
тайконавты 0.002525 0.0 0.0
тв 0.002525 0.0 0.0
теги 0.002525 0.0 0.0
текст 0.002525 0.0 0.0
тест 0.002525 1.171183 0.002958
тестовых 0.002525 3.506558 0.008855
технический 0.002525 0.0 0.0
технологии 0.002525 1.514128 0.003824
топ 0.002525 0.0 0.0
точностью 0.002525 2.302585 0.005815
традиционные 0.002525 2.995732 0.007565
транспорт 0.002525 3.218876 0.008128
требуется 0.002525 2.995732 0.007565
тыс 0.002525 0.0 0.0
убрали 0.002525 0.0 0.0
упасть 0.002525 0.0 0.0
управления 0.002525 2.040221 0.005152
управляемость 0.002525 3.912023 0.009879
условиях 0.002525 1.771957 0.004475
успешные 0.002525 4.60517 0.011629
успешный 0.002525 4.60517 0.011629
устройства 0.002525 0.0 0.0
участвовавший 0.002525 4.60517 0.011629
участием 0.002525 3.912023 0.009879
ученым 0.002525 0.0 0.0
файлы 0.002525 0.0 0.0
финальным 0.002525 4.60517 0.011629
финальных 0.002525 3.506558 0.008855
флагманского 0.002525 0.0 0.0
фото 0.002525 0.0 0.0
фундаментальные 0.002525 0.0 0.0
хитом 0.002525 0.0 0.0
цены 0.002525 0.0 0.0
цикл 0.002525 0.0 0.0
части 0.002525 0.0 0.0
часы 0.002525 2.65926 0.006715
человек 0.002525 0.0 0.0
человека 0.002525 0.0 0.0
четырёх 0.002525 2.813411 0.007105
чт 0.002525 0.0 0.0
шаг 0.002525 2.525729 0.006378
шестироторный 0.002525 4.60517 0.011629
шума 0.002525 3.912023 0.009879
эксплуатации 0.002525 4.60517 0.011629
экспорт 0.002525 0.0 0.0
электрические 0.002525 3.218876 0.008128
электрический 0.002525 3.506558 0.008855
электрического 0.002525 3.506558 0.008855
эмбрионы 0.002525 0.0 0.0
эру 0.002525 2.525729 0.006378
этап 0.002525 2.207275 0.005574
южной 0.002525 0.0 0.0
