авиалайнера 0.002273 0.0 0.0
авиации 0.002273 3.506558 0.007969
австралии 0.002273 0.0 0.0
автоваз 0.002273 0.0 0.0
автоматизируют 0.002273 4.60517 0.010466
автоматически 0.002273 2.995732 0.006808
автоматом 0.002273 0.0 0.0
автопроизводителя 0.002273 0.0 0.0
автор 0.002273 0.0 0.0
авторы 0.002273 0.0 0.0
адаптировать 0.002273 3.218876 0.007316
администрацией 0.002273 0.0 0.0
адрес 0.002273 0.0 0.0
алгоритма 0.002273 3.506558 0.007969
алгоритмами 0.002273 3.506558 0.007969
алгоритмы 0.002273 3.218876 0.007316
америке 0.002273 0.0 0.0
аналитики 0.002273 0.0 0.0
аппаратов 0.002273 2.525729 0.00574
баланс 0.002273 3.506558 0.007969
безопаснее 0.002273 4.60517 0.010466
безопасности 0.002273 1.966113 0.004468
безопасность 0.002273 2.525729 0.00574
безопасностью 0.002273 4.60517 0.010466
белка 0.002273 0.0 0.0
библиотеки 0.002273 3.506558 0.007969
биологические 0.002273 0.0 0.0
биологических 0.002273 0.0 0.0
ближнем 0.002273 0.0 0.0
блоги 0.002273 0.0 0.0
будут 0.002273 0.0 0.0
будущего 0.002273 2.525729 0.00574
быстро 0.002273 0.0 0.0
вес 0.002273 0.0 0.0
веса 0.002273 4.60517 0.010466
весом 0.002273 0.0 0.0
весу 0.002273 4.60517 0.010466
видео 0.002273 0.0 0.0
видеокарты 0.002273 0.0 0.0
внедорожники 0.002273 0.0 0.0
войти 0.002273 0.0 0.0
востоке 0.002273 0.0 0.0
впервые 0.002273 2.120264 0.004819
вс 0.002273 0.0 0.0
всему 0.002273 0.0 0.0
вт 0.002273 0.0 0.0
втором 0.002273 2.813411 0.006394
входят 0.002273 0.0 0.0
выбора 0.002273 3.912023 0.008891
выделите 0.002273 0.0 0.0
выходит 0.002273 0.0 0.0
генераторы 0.002273 3.506558 0.007969
генетическими 0.002273 4.60517 0.010466
главную 0.002273 0.0 0.0
года 0.002273 0.0 0.0
готовые 0.002273 4.60517 0.010466
дает 0.002273 1.514128 0.003441
данные 0.002273 0.0 0.0
данный 0.002273 0.0 0.0
данных 0.002273 0.0 0.0
двери 0.002273 3.218876 0.007316
двигатели 0.002273 0.0 0.0
двигатель 0.002273 0.0 0.0
двух 0.002273 0.0 0.0
делая 0.002273 3.218876 0.007316
дизайн 0.002273 0.0 0.0
дизайна 0.002273 4.60517 0.010466
директор 0.002273 0.0 0.0
добились 0.002273 4.60517 0.010466
добычи 0.002273 3.506558 0.007969
долларов 0.002273 0.0 0.0
дом 0.002273 0.0 0.0
доставили 0.002273 0.0 0.0
достигает 0.002273 0.0 0.0
другим 0.002273 2.813411 0.006394
завершат 0.002273 0.0 0.0
задачи 0.002273 2.407946 0.005473
заключают 0.002273 4.60517 0.010466
защитной 0.002273 3.912023 0.008891
защитные 0.002273 3.912023 0.008891
защитных 0.002273 4.60517 0.010466
защиту 0.002273 3.506558 0.007969
защиты 0.002273 0.0 0.0
земле 0.002273 0.0 0.0
земли 0.002273 0.0 0.0
значений 0.002273 4.60517 0.010466
золотой 0.002273 3.506558 0.007969
зонд 0.002273 0.0 0.0
зонда 0.002273 0.0 0.0
игры 0.002273 0.0 0.0
изменить 0.002273 2.995732 0.006808
изображение 0.002273 1.514128 0.003441
ии 0.002273 0.0 0.0
инженерам 0.002273 4.60517 0.010466
инновационный 0.002273 0.0 0.0
интегрируют 0.002273 4.60517 0.010466
интуицию 0.002273 4.60517 0.010466
информации 0.002273 0.0 0.0
искусственного 0.002273 2.525729 0.00574
использования 0.002273 0.0 0.0
использоваться 0.002273 3.912023 0.008891
исследование 0.002273 2.120264 0.004819
исследований 0.002273 0.0 0.0
исследователи 0.002273 2.302585 0.005233
источник 0.002273 0.0 0.0
календарь 0.002273 0.0 0.0
категории 0.002273 0.0 0.0
качество 0.002273 3.506558 0.007969
кг 0.002273 0.0 0.0
киберпреступникам 0.002273 3.506558 0.007969
километров 0.002273 0.0 0.0
китай 0.002273 1.171183 0.002662
китая 0.002273 2.995732 0.006808
классическим 0.002273 0.0 0.0
клон 0.002273 0.0 0.0
кода 0.002273 2.525729 0.00574
команда 0.002273 2.120264 0.004819
комментирования 0.002273 0.0 0.0
компактнее 0.002273 3.912023 0.008891
компактные 0.002273 4.60517 0.010466
компактных 0.002273 3.912023 0.008891
комфортный 0.002273 0.0 0.0
конец 0.002273 2.525729 0.00574
конференция 0.002273 0.0 0.0
конфигурации 0.002273 3.912023 0.008891
концептуального 0.002273 4.60517 0.010466
корее 0.002273 0.0 0.0
корпуса 0.002273 0.0 0.0
космические 0.002273 2.207275 0.005017
космических 0.002273 2.302585 0.005233
космос 0.002273 0.0 0.0
космоса 0.002273 0.0 0.0
которые 0.002273 1.309333 0.002976
который 0.002273 1.386294 0.003151
которым 0.002273 3.912023 0.008891
кроссовера 0.002273 0.0 0.0
кроссоверы 0.002273 0.0 0.0
кубических 0.002273 0.0 0.0
куки 0.002273 0.0 0.0
лаборатории 0.002273 2.995732 0.006808
легкие 0.002273 3.912023 0.008891
легких 0.002273 4.60517 0.010466
легче 0.002273 4.60517 0.010466
летать 0.002273 0.0 0.0
лету 0.002273 0.0 0.0
листа 0.002273 0.0 0.0
лихорадки 0.002273 3.506558 0.007969
мае 0.002273 0.0 0.0
май 0.002273 0.0 0.0
максимальную 0.002273 4.60517 0.010466
марка 0.002273 0.0 0.0
материалов 0.002273 0.0 0.0
материаловедении 0.002273 4.60517 0.010466
машину 0.002273 0.0 0.0
мая 0.002273 0.0 0.0
межпланетный 0.002273 0.0 0.0
меняет 0.002273 0.0 0.0
методом 0.002273 4.60517 0.010466
методы 0.002273 2.813411 0.006394
метрового 0.002273 0.0 0.0
миллионов 0.002273 0.0 0.0
минимизировать 0.002273 3.506558 0.007969
мире 0.002273 1.771957 0.004027
миру 0.002273 0.0 0.0
многокритериальная 0.002273 4.60517 0.010466
многокритериальные 0.002273 4.60517 0.010466
многоматериальной 0.002273 4.60517 0.010466
многослойной 0.002273 4.60517 0.010466
множества 0.002273 4.60517 0.010466
мобильные 0.002273 0.0 0.0
мобильных 0.002273 3.506558 0.007969
могли 0.002273 2.813411 0.006394
могут 0.002273 0.0 0.0
момент 0.002273 0.0 0.0
мониторы 0.002273 0.0 0.0
морские 0.002273 4.60517 0.010466
морских 0.002273 4.60517 0.010466
мотобрендов 0.002273 0.0 0.0
мотоциклов 0.002273 0.0 0.0
мс 0.002273 0.0 0.0
мультимедиа 0.002273 0.0 0.0
нажмите 0.002273 0.0 0.0
назвал 0.002273 0.0 0.0
названием 0.002273 0.0 0.0
наука 0.002273 1.966113 0.004468
находить 0.002273 4.60517 0.010466
национальной 0.002273 3.218876 0.007316
нашей 0.002273 0.0 0.0
наши 0.002273 0.0 0.0
нашли 0.002273 0.0 0.0
недоступны 0.002273 3.912023 0.008891
несуществующие 0.002273 3.506558 0.007969
новости 0.002273 0.0 0.0
новые 0.002273 0.0 0.0
новый 0.002273 0.0 0.0
новых 0.002273 1.771957 0.004027
носители 0.002273 0.0 0.0
ноутбуки 0.002273 0.0 0.0
нужны 0.002273 0.0 0.0
обеспечивая 0.002273 4.60517 0.010466
обеспечить 0.002273 3.218876 0.007316
обещает 0.002273 3.506558 0.007969
обзоры 0.002273 0.0 0.0
областям 0.002273 4.60517 0.010466
облегчить 0.002273 4.60517 0.010466
обработки 0.002273 0.0 0.0
образцы 0.002273 0.0 0.0
объем 0.002273 2.65926 0.006044
объема 0.002273 3.506558 0.007969
объему 0.002273 3.912023 0.008891
объявлена 0.002273 0.0 0.0
одновременно 0.002273 3.506558 0.007969
одноклассник 0.002273 0.0 0.0
окупается 0.002273 3.506558 0.007969
опирались 0.002273 4.60517 0.010466
опорных 0.002273 4.60517 0.010466
оптимальные 0.002273 4.60517 0.010466
оптимизация 0.002273 3.912023 0.008891
опубликованное 0.002273 3.506558 0.007969
орбите 0.002273 0.0 0.0
ос 0.002273 0.0 0.0
основанные 0.002273 4.60517 0.010466
отдадут 0.002273 0.0 0.0
отечественного 0.002273 0.0 0.0
отказа 0.002273 0.0 0.0
отказались 0.002273 0.0 0.0
отключили 0.002273 0.0 0.0
открывая 0.002273 3.218876 0.007316
открытие 0.002273 2.525729 0.00574
отмечают 0.002273 2.65926 0.006044
очень 0.002273 0.0 0.0
ошибку 0.002273 0.0 0.0
параметров 0.002273 2.813411 0.006394
первом 0.002273 2.525729 0.00574
первые 0.002273 1.560648 0.003547
переднего 0.002273 0.0 0.0
период 0.002273 0.0 0.0
периферия 0.002273 0.0 0.0
персональные 0.002273 0.0 0.0
персональных 0.002273 0.0 0.0
пиар 0.002273 0.0 0.0
пк 0.002273 0.0 0.0
планируют 0.002273 2.813411 0.006394
планшеты 0.002273 0.0 0.0
платформа 0.002273 0.0 0.0
пн 0.002273 0.0 0.0
повысить 0.002273 2.995732 0.006808
подвел 0.002273 0.0 0.0
поддержку 0.002273 2.65926 0.006044
поднял 0.002273 0.0 0.0
подробнее 0.002273 0.0 0.0
подтверждают 0.002273 3.506558 0.007969
подход 0.002273 1.89712 0.004312
подходят 0.002273 3.912023 0.008891
подчеркивают 0.002273 3.912023 0.008891
позволяет 0.002273 1.832581 0.004165
позволяют 0.002273 3.218876 0.007316
поиск 0.002273 0.0 0.0
пока 0.002273 0.0 0.0
поколения 0.002273 2.995732 0.006808
полезные 0.002273 0.0 0.0
политика 0.002273 0.0 0.0
политикой 0.002273 0.0 0.0
полноприводными 0.002273 0.0 0.0
полученных 0.002273 4.60517 0.010466
полётов 0.002273 0.0 0.0
попробовать 0.002273 0.0 0.0
популярная 0.002273 0.0 0.0
популярных 0.002273 0.0 0.0
посещать 0.002273 0.0 0.0
правила 0.002273 0.0 0.0
прайс 0.002273 0.0 0.0
превосходя 0.002273 4.60517 0.010466
превысила 0.002273 2.813411 0.006394
предложили 0.002273 3.506558 0.007969
предоставляя 0.002273 3.912023 0.008891
представила 0.002273 1.832581 0.004165
представлен 0.002273 0.0 0.0
прибавка 0.002273 0.0 0.0
привода 0.002273 0.0 0.0
применимы 0.002273 4.60517 0.010466
принтеры 0.002273 0.0 0.0
причины 0.002273 0.0 0.0
пробизнес 0.002273 0.0 0.0
проведения 0.002273 0.0 0.0
программы 0.002273 0.0 0.0
продавать 0.002273 0.0 0.0
продажи 0.002273 0.0 0.0
продолжая 0.002273 0.0 0.0
проектировании 0.002273 4.60517 0.010466
проектированию 0.002273 3.912023 0.008891
проектирования 0.002273 3.912023 0.008891
проектов 0.002273 0.0 0.0
проекторы 0.002273 0.0 0.0
проекты 0.002273 0.0 0.0
пролить 0.002273 0.0 0.0
прорыв 0.002273 1.714798 0.003897
простой 0.002273 3.912023 0.008891
протестированы 0.002273 4.60517 0.010466
процесс 0.002273 0.0 0.0
процессы 0.002273 0.0 0.0
пт 0.002273 0.0 0.0
пчелиного 0.002273 4.60517 0.010466
работы 0.002273 0.0 0.0
радиации 0.002273 3.506558 0.007969
радиационной 0.002273 3.506558 0.007969
радикально 0.002273 3.912023 0.008891
размером 0.002273 3.218876 0.007316
разрабатываемые 0.002273 4.60517 0.010466
разработаны 0.002273 4.60517 0.010466
раньше 0.002273 2.995732 0.006808
реакторов 0.002273 3.218876 0.007316
реакторы 0.002273 4.60517 0.010466
реальных 0.002273 0.0 0.0
результат 0.002273 0.0 0.0
результаты 0.002273 0.0 0.0
реклама 0.002273 0.0 0.0
решает 0.002273 0.0 0.0
решают 0.002273 3.912023 0.008891
решений 0.002273 2.525729 0.00574
решения 0.002273 2.040221 0.004637
россии 0.002273 0.0 0.0
россияне 0.002273 0.0 0.0
роя 0.002273 2.207275 0.005017
рублей 0.002273 0.0 0.0
рынок 0.002273 0.0 0.0
сайте 0.002273 0.0 0.0
сайты 0.002273 0.0 0.0
самая 0.002273 0.0 0.0
самолётах 0.002273 0.0 0.0
самых 0.002273 0.0 0.0
сантиметров 0.002273 0.0 0.0
сб 0.002273 0.0 0.0
сбора 0.002273 0.0 0.0
свет 0.002273 0.0 0.0
своей 0.002273 0.0 0.0
связи 0.002273 0.0 0.0
связь 0.002273 0.0 0.0
сгенерировано 0.002273 2.65926 0.006044
сегодня 0.002273 0.0 0.0
серверы 0.002273 0.0 0.0
сервисы 0.002273 0.0 0.0
сертификацию 0.002273 0.0 0.0
сети 0.002273 0.0 0.0
систем 0.002273 0.653926 0.001486
системах 0.002273 3.218876 0.007316
скоро 0.002273 0.0 0.0
следующего 0.002273 3.506558 0.007969
сложности 0.002273 0.0 0.0
сложность 0.002273 3.506558 0.007969
сложных 0.002273 2.813411 0.006394
снижая 0.002273 3.912023 0.008891
снижение 0.002273 3.506558 0.007969
снова 0.002273 0.0 0.0
советский 0.002273 0.0 0.0
современных 0.002273 3.912023 0.008891
соглашаетесь 0.002273 0.0 0.0
создал 0.002273 2.120264 0.004819
создания 0.002273 2.120264 0.004819
сократил 0.002273 2.995732 0.006808
сокращения 0.002273 3.506558 0.007969
сохраняя 0.002273 3.506558 0.007969
спасти 0.002273 0.0 0.0
справлялись 0.002273 4.60517 0.010466
ср 0.002273 0.0 0.0
среда 0.002273 0.0 0.0
ссылаются 0.002273 3.506558 0.007969
ссылки 0.002273 0.0 0.0
стадии 0.002273 3.218876 0.007316
стал 0.002273 0.0 0.0
стандарты 0.002273 3.506558 0.007969
стартуют 0.002273 0.0 0.0
статистика 0.002273 0.0 0.0
статьи 0.002273 0.0 0.0
стоимость 0.002273 0.0 0.0
стратегии 0.002273 3.218876 0.007316
стратегию 0.002273 3.506558 0.007969
строгие 0.002273 3.912023 0.008891
структур 0.002273 1.660731 0.003774
структуре 0.002273 3.912023 0.008891
структурой 0.002273 3.506558 0.007969
структуры 0.002273 2.525729 0.00574
судов 0.002273 3.912023 0.008891
сша 0.002273 0.0 0.0
тайконавты 0.002273 0.0 0.0
такие 0.002273 1.714798 0.003897
тв 0.002273 0.0 0.0
теги 0.002273 0.0 0.0
текст 0.002273 0.0 0.0
технический 0.002273 0.0 0.0
техническую 0.002273 3.506558 0.007969
технологий 0.002273 1.771957 0.004027
типов 0.002273 2.995732 0.006808
топ 0.002273 0.0 0.0
точек 0.002273 4.60517 0.010466
точность 0.002273 1.832581 0.004165
традиционные 0.002273 2.995732 0.006808
традиционным 0.002273 3.912023 0.008891
транспортные 0.002273 4.60517 0.010466
требованиями 0.002273 3.506558 0.007969
требуется 0.002273 2.995732 0.006808
требуют 0.002273 2.65926 0.006044
трехмерной 0.002273 4.60517 0.010466
тыс 0.002273 0.0 0.0
убрали 0.002273 0.0 0.0
улучшит 0.002273 2.995732 0.006808
университета 0.002273 2.120264 0.004819
упасть 0.002273 0.0 0.0
уровня 0.002273 3.218876 0.007316
установок 0.002273 2.995732 0.006808
устройства 0.002273 0.0 0.0
ученые 0.002273 1.89712 0.004312
ученым 0.002273 0.0 0.0
ученых 0.002273 3.506558 0.007969
учитывающие 0.002273 4.60517 0.010466
файлы 0.002273 0.0 0.0
флагманского 0.002273 0.0 0.0
фото 0.002273 0.0 0.0
фундаментальные 0.002273 0.0 0.0
хитом 0.002273 0.0 0.0
целей 0.002273 3.506558 0.007969
цели 0.002273 2.995732 0.006808
цены 0.002273 0.0 0.0
цифровой 0.002273 3.506558 0.007969
части 0.002273 0.0 0.0
часто 0.002273 1.714798 0.003897
человека 0.002273 0.0 0.0
четыре 0.002273 2.813411 0.006394
чт 0.002273 0.0 0.0
экспериментах 0.002273 4.60517 0.010466
эксперименте 0.002273 3.912023 0.008891
экспертов 0.002273 3.912023 0.008891
экспорт 0.002273 0.0 0.0
эмбрионы 0.002273 0.0 0.0
энергетике 0.002273 4.60517 0.010466
энергетики 0.002273 3.218876 0.007316
южного 0.002273 4.60517 0.010466
южной 0.002273 0.0 0.0
ядерной 0.002273 2.813411 0.006394
ядерных 0.002273 3.912023 0.008891
