авиалайнера 0.00346 0.0 0.0
австралии 0.00346 0.0 0.0
авто 0.00346 0.0 0.0
автоваз 0.00346 0.0 0.0
автоматом 0.00346 0.0 0.0
автоновостей 0.00346 4.60517 0.015935
автоновости 0.00346 3.506558 0.012133
автопроизводителя 0.00346 0.0 0.0
автор 0.00346 0.0 0.0
авторы 0.00346 0.0 0.0
администрацией 0.00346 0.0 0.0
адрес 0.00346 0.0 0.0
америке 0.00346 0.0 0.0
аналитики 0.00346 0.0 0.0
базовая 0.00346 3.506558 0.012133
базовой 0.00346 3.912023 0.013536
базовый 0.00346 3.912023 0.013536
белка 0.00346 0.0 0.0
биологические 0.00346 0.0 0.0
биологических 0.00346 0.0 0.0
ближнем 0.00346 0.0 0.0
блоги 0.00346 0.0 0.0
будут 0.00346 0.0 0.0
быстро 0.00346 0.0 0.0
версии 0.00346 1.714798 0.005934
версия 0.00346 2.65926 0.009202
весом 0.00346 0.0 0.0
видео 0.00346 0.0 0.0
видеокарты 0.00346 0.0 0.0
внедорожники 0.00346 0.0 0.0
возглавил 0.00346 2.813411 0.009735
войти 0.00346 0.0 0.0
востоке 0.00346 0.0 0.0
вс 0.00346 0.0 0.0
всему 0.00346 0.0 0.0
вт 0.00346 0.0 0.0
втором 0.00346 2.813411 0.009735
входят 0.00346 0.0 0.0
выделите 0.00346 0.0 0.0
выпуска 0.00346 2.407946 0.008332
высокопроизводительных 0.00346 3.506558 0.012133
выходит 0.00346 0.0 0.0
главную 0.00346 0.0 0.0
года 0.00346 0.0 0.0
данные 0.00346 0.0 0.0
данный 0.00346 0.0 0.0
данным 0.00346 1.89712 0.006564
данных 0.00346 0.0 0.0
двигатели 0.00346 0.0 0.0
двигатель 0.00346 0.0 0.0
двух 0.00346 0.0 0.0
дешевле 0.00346 2.525729 0.00874
дизайн 0.00346 0.0 0.0
директор 0.00346 0.0 0.0
дня 0.00346 0.0 0.0
долларов 0.00346 0.0 0.0
дом 0.00346 0.0 0.0
доставили 0.00346 0.0 0.0
достигает 0.00346 0.0 0.0
завершат 0.00346 0.0 0.0
защиты 0.00346 0.0 0.0
земле 0.00346 0.0 0.0
земли 0.00346 0.0 0.0
зонд 0.00346 0.0 0.0
зонда 0.00346 0.0 0.0
игры 0.00346 0.0 0.0
инновационный 0.00346 0.0 0.0
информации 0.00346 0.0 0.0
использования 0.00346 0.0 0.0
исследований 0.00346 0.0 0.0
источник 0.00346 0.0 0.0
календарь 0.00346 0.0 0.0
камерофон 0.00346 3.506558 0.012133
категории 0.00346 0.0 0.0
кг 0.00346 0.0 0.0
километров 0.00346 0.0 0.0
китайский 0.00346 2.813411 0.009735
классическим 0.00346 0.0 0.0
клон 0.00346 0.0 0.0
комментирования 0.00346 0.0 0.0
комфортный 0.00346 0.0 0.0
конференция 0.00346 0.0 0.0
корее 0.00346 0.0 0.0
коробкой 0.00346 2.813411 0.009735
корпуса 0.00346 0.0 0.0
космос 0.00346 0.0 0.0
космоса 0.00346 0.0 0.0
кроссовер 0.00346 0.0 0.0
кроссовера 0.00346 0.0 0.0
кроссоверы 0.00346 0.0 0.0
крутой 0.00346 3.506558 0.012133
кубических 0.00346 0.0 0.0
куки 0.00346 0.0 0.0
летать 0.00346 0.0 0.0
лету 0.00346 0.0 0.0
листа 0.00346 0.0 0.0
мае 0.00346 0.0 0.0
май 0.00346 0.0 0.0
марка 0.00346 0.0 0.0
материалов 0.00346 0.0 0.0
машину 0.00346 0.0 0.0
мая 0.00346 0.0 0.0
межпланетный 0.00346 0.0 0.0
меняет 0.00346 0.0 0.0
местах 0.00346 3.506558 0.012133
метрового 0.00346 0.0 0.0
механической 0.00346 3.912023 0.013536
миллионов 0.00346 0.0 0.0
миру 0.00346 0.0 0.0
мкпп 0.00346 4.60517 0.015935
млн 0.00346 1.108663 0.003836
мобильные 0.00346 0.0 0.0
могут 0.00346 0.0 0.0
моделей 0.00346 2.120264 0.007337
модели 0.00346 1.139434 0.003943
момент 0.00346 0.0 0.0
мониторы 0.00346 0.0 0.0
мотобрендов 0.00346 0.0 0.0
мотоциклов 0.00346 0.0 0.0
мощная 0.00346 3.506558 0.012133
мощный 0.00346 2.995732 0.010366
мс 0.00346 0.0 0.0
мультимедиа 0.00346 0.0 0.0
нажмите 0.00346 0.0 0.0
назвал 0.00346 0.0 0.0
названием 0.00346 0.0 0.0
нашей 0.00346 0.0 0.0
наши 0.00346 0.0 0.0
нашли 0.00346 0.0 0.0
новости 0.00346 0.0 0.0
новые 0.00346 0.0 0.0
новый 0.00346 0.0 0.0
носители 0.00346 0.0 0.0
ноутбуки 0.00346 0.0 0.0
нужны 0.00346 0.0 0.0
обзоры 0.00346 0.0 0.0
обработки 0.00346 0.0 0.0
образцы 0.00346 0.0 0.0
объявлена 0.00346 0.0 0.0
одноклассник 0.00346 0.0 0.0
орбите 0.00346 0.0 0.0
ос 0.00346 0.0 0.0
остальных 0.00346 3.912023 0.013536
отдадут 0.00346 0.0 0.0
отечественного 0.00346 0.0 0.0
отказа 0.00346 0.0 0.0
отказались 0.00346 0.0 0.0
отключили 0.00346 0.0 0.0
очень 0.00346 0.0 0.0
ошибку 0.00346 0.0 0.0
передач 0.00346 2.120264 0.007337
переднего 0.00346 0.0 0.0
переднеприводная 0.00346 4.60517 0.015935
передним 0.00346 3.218876 0.011138
период 0.00346 0.0 0.0
периферия 0.00346 0.0 0.0
персональные 0.00346 0.0 0.0
персональных 0.00346 0.0 0.0
пиар 0.00346 0.0 0.0
пк 0.00346 0.0 0.0
планшеты 0.00346 0.0 0.0
платформа 0.00346 0.0 0.0
пн 0.00346 0.0 0.0
подвел 0.00346 0.0 0.0
подешевел 0.00346 3.506558 0.012133
поднял 0.00346 0.0 0.0
подробнее 0.00346 0.0 0.0
поиск 0.00346 0.0 0.0
пока 0.00346 0.0 0.0
полезные 0.00346 0.0 0.0
политика 0.00346 0.0 0.0
политикой 0.00346 0.0 0.0
полнокровная 0.00346 3.506558 0.012133
полноприводная 0.00346 4.60517 0.015935
полноприводными 0.00346 0.0 0.0
полётов 0.00346 0.0 0.0
попробовать 0.00346 0.0 0.0
популярная 0.00346 0.0 0.0
популярный 0.00346 4.60517 0.015935
популярных 0.00346 0.0 0.0
посещать 0.00346 0.0 0.0
правила 0.00346 0.0 0.0
прайс 0.00346 0.0 0.0
представлен 0.00346 0.0 0.0
прибавка 0.00346 0.0 0.0
привода 0.00346 0.0 0.0
приводом 0.00346 2.525729 0.00874
применяется 0.00346 3.506558 0.012133
принтеры 0.00346 0.0 0.0
причины 0.00346 0.0 0.0
пробизнес 0.00346 0.0 0.0
проведения 0.00346 0.0 0.0
программы 0.00346 0.0 0.0
продавать 0.00346 0.0 0.0
продажи 0.00346 0.0 0.0
продолжая 0.00346 0.0 0.0
проектов 0.00346 0.0 0.0
проекторы 0.00346 0.0 0.0
проекты 0.00346 0.0 0.0
пролить 0.00346 0.0 0.0
процессы 0.00346 0.0 0.0
прямая 0.00346 4.60517 0.015935
пт 0.00346 0.0 0.0
работы 0.00346 0.0 0.0
ранее 0.00346 1.771957 0.006131
реальных 0.00346 0.0 0.0
результате 0.00346 3.912023 0.013536
результаты 0.00346 0.0 0.0
рейтинг 0.00346 2.995732 0.010366
рейтинге 0.00346 3.506558 0.012133
реклама 0.00346 0.0 0.0
решает 0.00346 0.0 0.0
роботом 0.00346 3.912023 0.013536
россии 0.00346 0.0 0.0
россия 0.00346 0.0 0.0
россиян 0.00346 0.0 0.0
россияне 0.00346 0.0 0.0
рублей 0.00346 0.0 0.0
рынок 0.00346 0.0 0.0
сайте 0.00346 0.0 0.0
сайты 0.00346 0.0 0.0
самая 0.00346 0.0 0.0
самолётах 0.00346 0.0 0.0
самый 0.00346 2.813411 0.009735
самых 0.00346 0.0 0.0
сантиметров 0.00346 0.0 0.0
сб 0.00346 0.0 0.0
сбора 0.00346 0.0 0.0
свежем 0.00346 3.506558 0.012133
свет 0.00346 0.0 0.0
своей 0.00346 0.0 0.0
связи 0.00346 0.0 0.0
связь 0.00346 0.0 0.0
сегодня 0.00346 0.0 0.0
серверы 0.00346 0.0 0.0
сервисы 0.00346 0.0 0.0
сертификацию 0.00346 0.0 0.0
сети 0.00346 0.0 0.0
скидка 0.00346 2.65926 0.009202
скидки 0.00346 3.506558 0.012133
скоро 0.00346 0.0 0.0
сложности 0.00346 0.0 0.0
смартфонов 0.00346 3.218876 0.011138
снизились 0.00346 4.60517 0.015935
снова 0.00346 0.0 0.0
советский 0.00346 0.0 0.0
соглашаетесь 0.00346 0.0 0.0
составлявшая 0.00346 4.60517 0.015935
спасти 0.00346 0.0 0.0
ср 0.00346 0.0 0.0
среда 0.00346 0.0 0.0
ссылки 0.00346 0.0 0.0
стал 0.00346 0.0 0.0
стартуют 0.00346 0.0 0.0
статистика 0.00346 0.0 0.0
статьи 0.00346 0.0 0.0
стоимость 0.00346 0.0 0.0
стоит 0.00346 1.966113 0.006803
субфлагман 0.00346 3.506558 0.012133
субфлагманская 0.00346 3.506558 0.012133
сша 0.00346 0.0 0.0
тайконавты 0.00346 0.0 0.0
тв 0.00346 0.0 0.0
теги 0.00346 0.0 0.0
текст 0.00346 0.0 0.0
технический 0.00346 0.0 0.0
топ 0.00346 0.0 0.0
топовая 0.00346 3.218876 0.011138
третьем 0.00346 3.218876 0.011138
тыс 0.00346 0.0 0.0
тысяч 0.00346 2.407946 0.008332
убрали 0.00346 0.0 0.0
уменьшились 0.00346 4.60517 0.015935
упасть 0.00346 0.0 0.0
устройства 0.00346 0.0 0.0
ученым 0.00346 0.0 0.0
файлы 0.00346 0.0 0.0
флагман 0.00346 0.0 0.0
флагманского 0.00346 0.0 0.0
фото 0.00346 0.0 0.0
фундаментальные 0.00346 0.0 0.0
хитом 0.00346 0.0 0.0
цены 0.00346 0.0 0.0
части 0.00346 0.0 0.0
человека 0.00346 0.0 0.0
чт 0.00346 0.0 0.0
экспорт 0.00346 0.0 0.0
эмбрионы 0.00346 0.0 0.0
южной 0.00346 0.0 0.0
