авиалайнера 0.003058 0.0 0.0
австралии 0.003058 0.0 0.0
автоваз 0.003058 0.0 0.0
автоматом 0.003058 0.0 0.0
автопроизводителя 0.003058 0.0 0.0
автор 0.003058 0.0 0.0
авторы 0.003058 0.0 0.0
администрацией 0.003058 0.0 0.0
адрес 0.003058 0.0 0.0
активации 0.003058 4.60517 0.014083
америке 0.003058 0.0 0.0
аналитики 0.003058 0.0 0.0
белка 0.003058 0.0 0.0
биологические 0.003058 0.0 0.0
биологических 0.003058 0.0 0.0
ближнем 0.003058 0.0 0.0
блоги 0.003058 0.0 0.0
будут 0.003058 0.0 0.0
быстрее 0.003058 2.407946 0.007364
быстро 0.003058 0.0 0.0
весом 0.003058 0.0 0.0
видео 0.003058 0.0 0.0
видеокарты 0.003058 0.0 0.0
видеть 0.003058 4.60517 0.014083
внедорожники 0.003058 0.0 0.0
внутренней 0.003058 4.60517 0.014083
войти 0.003058 0.0 0.0
востоке 0.003058 0.0 0.0
вс 0.003058 0.0 0.0
всему 0.003058 0.0 0.0
вт 0.003058 0.0 0.0
входят 0.003058 0.0 0.0
выделите 0.003058 0.0 0.0
высоких 0.003058 2.995732 0.009161
выходит 0.003058 0.0 0.0
гарантию 0.003058 3.912023 0.011963
главную 0.003058 0.0 0.0
говоря 0.003058 4.60517 0.014083
года 0.003058 0.0 0.0
готова 0.003058 2.525729 0.007724
данные 0.003058 0.0 0.0
данный 0.003058 0.0 0.0
данных 0.003058 0.0 0.0
двигатели 0.003058 0.0 0.0
двигатель 0.003058 0.0 0.0
двух 0.003058 0.0 0.0
дизайн 0.003058 0.0 0.0
директор 0.003058 0.0 0.0
добавил 0.003058 2.65926 0.008132
добрый 0.003058 3.506558 0.010723
долларов 0.003058 0.0 0.0
дом 0.003058 0.0 0.0
доставили 0.003058 0.0 0.0
достигает 0.003058 0.0 0.0
ещё 0.003058 1.89712 0.005802
её 0.003058 1.203973 0.003682
завершат 0.003058 0.0 0.0
защиты 0.003058 0.0 0.0
земле 0.003058 0.0 0.0
земли 0.003058 0.0 0.0
зонд 0.003058 0.0 0.0
зонда 0.003058 0.0 0.0
зрение 0.003058 3.506558 0.010723
игра 0.003058 2.302585 0.007042
играх 0.003058 3.218876 0.009844
игровую 0.003058 4.60517 0.014083
игры 0.003058 0.0 0.0
известный 0.003058 3.218876 0.009844
изначально 0.003058 3.218876 0.009844
инициатива 0.003058 4.60517 0.014083
инновационный 0.003058 0.0 0.0
инсайдер 0.003058 3.218876 0.009844
информации 0.003058 0.0 0.0
использования 0.003058 0.0 0.0
испортит 0.003058 3.506558 0.010723
исследований 0.003058 0.0 0.0
источник 0.003058 0.0 0.0
календарь 0.003058 0.0 0.0
касается 0.003058 3.912023 0.011963
категории 0.003058 0.0 0.0
кг 0.003058 0.0 0.0
километров 0.003058 0.0 0.0
китая 0.003058 2.995732 0.009161
классическим 0.003058 0.0 0.0
клон 0.003058 0.0 0.0
комментирования 0.003058 0.0 0.0
компания 0.003058 0.820981 0.002511
компонентов 0.003058 3.912023 0.011963
комфортный 0.003058 0.0 0.0
конференция 0.003058 0.0 0.0
конца 0.003058 3.218876 0.009844
корее 0.003058 0.0 0.0
корпуса 0.003058 0.0 0.0
космос 0.003058 0.0 0.0
космоса 0.003058 0.0 0.0
которая 0.003058 1.560648 0.004773
которой 0.003058 2.65926 0.008132
кроссовера 0.003058 0.0 0.0
кроссоверы 0.003058 0.0 0.0
кубических 0.003058 0.0 0.0
куки 0.003058 0.0 0.0
летать 0.003058 0.0 0.0
лету 0.003058 0.0 0.0
листа 0.003058 0.0 0.0
лучшие 0.003058 4.60517 0.014083
мае 0.003058 0.0 0.0
май 0.003058 0.0 0.0
марка 0.003058 0.0 0.0
массово 0.003058 2.407946 0.007364
материалов 0.003058 0.0 0.0
машину 0.003058 0.0 0.0
мая 0.003058 0.0 0.0
межпланетный 0.003058 0.0 0.0
меняет 0.003058 0.0 0.0
метрового 0.003058 0.0 0.0
миллионов 0.003058 0.0 0.0
миру 0.003058 0.0 0.0
мобильные 0.003058 0.0 0.0
могут 0.003058 0.0 0.0
момент 0.003058 0.0 0.0
монитор 0.003058 0.0 0.0
мониторы 0.003058 0.0 0.0
мотобрендов 0.003058 0.0 0.0
мотоциклов 0.003058 0.0 0.0
мс 0.003058 0.0 0.0
мультимедиа 0.003058 0.0 0.0
нажмите 0.003058 0.0 0.0
назвал 0.003058 0.0 0.0
названием 0.003058 0.0 0.0
называет 0.003058 3.912023 0.011963
наиболее 0.003058 3.218876 0.009844
наилучший 0.003058 4.60517 0.014083
напомним 0.003058 3.506558 0.010723
начала 0.003058 2.302585 0.007042
нашей 0.003058 0.0 0.0
наши 0.003058 0.0 0.0
нашли 0.003058 0.0 0.0
недавно 0.003058 2.813411 0.008604
новости 0.003058 0.0 0.0
новые 0.003058 0.0 0.0
новый 0.003058 0.0 0.0
носители 0.003058 0.0 0.0
ноутбуки 0.003058 0.0 0.0
нужны 0.003058 0.0 0.0
обзоры 0.003058 0.0 0.0
обработки 0.003058 0.0 0.0
образцы 0.003058 0.0 0.0
объявлена 0.003058 0.0 0.0
обычный 0.003058 3.912023 0.011963
одноклассник 0.003058 0.0 0.0
оказывается 0.003058 4.60517 0.014083
орбите 0.003058 0.0 0.0
ос 0.003058 0.0 0.0
основной 0.003058 3.506558 0.010723
ответственной 0.003058 4.60517 0.014083
отдадут 0.003058 0.0 0.0
отечественного 0.003058 0.0 0.0
отказа 0.003058 0.0 0.0
отказались 0.003058 0.0 0.0
отключили 0.003058 0.0 0.0
очень 0.003058 0.0 0.0
ошибку 0.003058 0.0 0.0
памяти 0.003058 2.995732 0.009161
панели 0.003058 2.813411 0.008604
партнёрам 0.003058 3.912023 0.011963
переднего 0.003058 0.0 0.0
перенос 0.003058 4.60517 0.014083
период 0.003058 0.0 0.0
периферия 0.003058 0.0 0.0
персональные 0.003058 0.0 0.0
персональных 0.003058 0.0 0.0
пиар 0.003058 0.0 0.0
пк 0.003058 0.0 0.0
планшеты 0.003058 0.0 0.0
платформа 0.003058 0.0 0.0
пн 0.003058 0.0 0.0
повысить 0.003058 2.995732 0.009161
повышением 0.003058 3.912023 0.011963
подвел 0.003058 0.0 0.0
поднял 0.003058 0.0 0.0
подразумевает 0.003058 4.60517 0.014083
подробнее 0.003058 0.0 0.0
поиск 0.003058 0.0 0.0
пока 0.003058 0.0 0.0
показывает 0.003058 3.506558 0.010723
показывают 0.003058 3.912023 0.011963
полезные 0.003058 0.0 0.0
политика 0.003058 0.0 0.0
политикой 0.003058 0.0 0.0
полноприводными 0.003058 0.0 0.0
полётов 0.003058 0.0 0.0
попробовать 0.003058 0.0 0.0
популярная 0.003058 0.0 0.0
популярных 0.003058 0.0 0.0
посещать 0.003058 0.0 0.0
правила 0.003058 0.0 0.0
прайс 0.003058 0.0 0.0
предлагает 0.003058 2.120264 0.006484
представила 0.003058 1.832581 0.005604
представлен 0.003058 0.0 0.0
прибавка 0.003058 0.0 0.0
привода 0.003058 0.0 0.0
придумала 0.003058 3.506558 0.010723
призвана 0.003058 4.60517 0.014083
принтеры 0.003058 0.0 0.0
причины 0.003058 0.0 0.0
пробизнес 0.003058 0.0 0.0
проведения 0.003058 0.0 0.0
проводились 0.003058 3.912023 0.011963
программы 0.003058 0.0 0.0
продавать 0.003058 0.0 0.0
продажи 0.003058 0.0 0.0
продолжая 0.003058 0.0 0.0
проектов 0.003058 0.0 0.0
проекторы 0.003058 0.0 0.0
проекты 0.003058 0.0 0.0
производительность 0.003058 3.506558 0.010723
пройти 0.003058 3.506558 0.010723
пролить 0.003058 0.0 0.0
простой 0.003058 3.912023 0.011963
профиля 0.003058 4.60517 0.014083
процессора 0.003058 3.506558 0.010723
процессоров 0.003058 3.912023 0.011963
процессоры 0.003058 2.525729 0.007724
процессы 0.003058 0.0 0.0
проще 0.003058 4.60517 0.014083
пт 0.003058 0.0 0.0
работают 0.003058 2.65926 0.008132
работы 0.003058 0.0 0.0
разгон 0.003058 2.525729 0.007724
разгона 0.003058 3.506558 0.010723
разница 0.003058 3.912023 0.011963
разогнанные 0.003058 4.60517 0.014083
рамках 0.003058 2.302585 0.007042
реальных 0.003058 0.0 0.0
результат 0.003058 0.0 0.0
результаты 0.003058 0.0 0.0
реклама 0.003058 0.0 0.0
решает 0.003058 0.0 0.0
решил 0.003058 3.506558 0.010723
россии 0.003058 0.0 0.0
россияне 0.003058 0.0 0.0
рублей 0.003058 0.0 0.0
рынок 0.003058 0.0 0.0
сайте 0.003058 0.0 0.0
сайты 0.003058 0.0 0.0
самая 0.003058 0.0 0.0
самолётах 0.003058 0.0 0.0
самые 0.003058 2.995732 0.009161
самых 0.003058 0.0 0.0
сантиметров 0.003058 0.0 0.0
сб 0.003058 0.0 0.0
сбора 0.003058 0.0 0.0
свет 0.003058 0.0 0.0
своей 0.003058 0.0 0.0
связи 0.003058 0.0 0.0
связь 0.003058 0.0 0.0
сегодня 0.003058 0.0 0.0
серверы 0.003058 0.0 0.0
сервисы 0.003058 0.0 0.0
сертификацию 0.003058 0.0 0.0
сети 0.003058 0.0 0.0
скоро 0.003058 0.0 0.0
сложности 0.003058 0.0 0.0
случае 0.003058 2.65926 0.008132
снова 0.003058 0.0 0.0
советский 0.003058 0.0 0.0
соглашаетесь 0.003058 0.0 0.0
сообщает 0.003058 2.407946 0.007364
сохраняя 0.003058 3.506558 0.010723
спасти 0.003058 0.0 0.0
ср 0.003058 0.0 0.0
сравнению 0.003058 3.506558 0.010723
сравнить 0.003058 4.60517 0.014083
среда 0.003058 0.0 0.0
ссылки 0.003058 0.0 0.0
стал 0.003058 0.0 0.0
стартуют 0.003058 0.0 0.0
старый 0.003058 3.506558 0.010723
статистика 0.003058 0.0 0.0
статьи 0.003058 0.0 0.0
стоимость 0.003058 0.0 0.0
сша 0.003058 0.0 0.0
тайконавты 0.003058 0.0 0.0
тв 0.003058 0.0 0.0
теги 0.003058 0.0 0.0
текст 0.003058 0.0 0.0
тестируют 0.003058 2.813411 0.008604
тесты 0.003058 2.995732 0.009161
технический 0.003058 0.0 0.0
тому 0.003058 2.65926 0.008132
топ 0.003058 0.0 0.0
точно 0.003058 1.108663 0.00339
трёх 0.003058 2.207275 0.00675
тыс 0.003058 0.0 0.0
убрали 0.003058 0.0 0.0
улучшения 0.003058 3.218876 0.009844
упасть 0.003058 0.0 0.0
устройства 0.003058 0.0 0.0
ученым 0.003058 0.0 0.0
файлы 0.003058 0.0 0.0
флагманского 0.003058 0.0 0.0
фото 0.003058 0.0 0.0
фундаментальные 0.003058 0.0 0.0
функцией 0.003058 3.506558 0.010723
функции 0.003058 3.218876 0.009844
функцию 0.003058 3.912023 0.011963
хитом 0.003058 0.0 0.0
цветной 0.003058 3.506558 0.010723
цены 0.003058 0.0 0.0
части 0.003058 0.0 0.0
частот 0.003058 2.302585 0.007042
частотах 0.003058 4.60517 0.014083
человека 0.003058 0.0 0.0
чиплетами 0.003058 4.60517 0.014083
числе 0.003058 2.525729 0.007724
чт 0.003058 0.0 0.0
шины 0.003058 1.714798 0.005244
эксперимента 0.003058 2.65926 0.008132
экспорт 0.003058 0.0 0.0
эмбрионы 0.003058 0.0 0.0
энтузиаст 0.003058 3.912023 0.011963
эта 0.003058 1.514128 0.00463
эффективнее 0.003058 3.912023 0.011963
эффективность 0.003058 2.120264 0.006484
эффективным 0.003058 3.912023 0.011963
южной 0.003058 0.0 0.0
