авиалайнера 0.003559 0.0 0.0
австралии 0.003559 0.0 0.0
авто 0.003559 0.0 0.0
автоваз 0.003559 0.0 0.0
автоматом 0.003559 0.0 0.0
автопроизводителя 0.003559 0.0 0.0
автор 0.003559 0.0 0.0
авторы 0.003559 0.0 0.0
авторынком 0.003559 4.60517 0.016389
автостат 0.003559 4.60517 0.016389
администрацией 0.003559 0.0 0.0
адрес 0.003559 0.0 0.0
америке 0.003559 0.0 0.0
аналитики 0.003559 0.0 0.0
бал 0.003559 1.609438 0.005728
белка 0.003559 0.0 0.0
биологические 0.003559 0.0 0.0
биологических 0.003559 0.0 0.0
ближнем 0.003559 0.0 0.0
блоги 0.003559 0.0 0.0
брендов 0.003559 0.0 0.0
бренды 0.003559 4.60517 0.016389
будут 0.003559 0.0 0.0
быстро 0.003559 0.0 0.0
весом 0.003559 0.0 0.0
видео 0.003559 0.0 0.0
видеокарты 0.003559 0.0 0.0
внедорожники 0.003559 0.0 0.0
войти 0.003559 0.0 0.0
востоке 0.003559 0.0 0.0
вс 0.003559 0.0 0.0
всему 0.003559 0.0 0.0
вт 0.003559 0.0 0.0
входят 0.003559 0.0 0.0
выделите 0.003559 0.0 0.0
вырос 0.003559 3.218876 0.011455
выходит 0.003559 0.0 0.0
главенствует 0.003559 4.60517 0.016389
главную 0.003559 0.0 0.0
года 0.003559 0.0 0.0
далее 0.003559 4.60517 0.016389
данные 0.003559 0.0 0.0
данный 0.003559 0.0 0.0
данных 0.003559 0.0 0.0
двигатели 0.003559 0.0 0.0
двигатель 0.003559 0.0 0.0
двух 0.003559 0.0 0.0
двухколесной 0.003559 4.60517 0.016389
дизайн 0.003559 0.0 0.0
директор 0.003559 0.0 0.0
долларов 0.003559 0.0 0.0
долю 0.003559 3.506558 0.012479
дом 0.003559 0.0 0.0
доставили 0.003559 0.0 0.0
достигает 0.003559 0.0 0.0
завершат 0.003559 0.0 0.0
защиты 0.003559 0.0 0.0
земле 0.003559 0.0 0.0
земли 0.003559 0.0 0.0
зонд 0.003559 0.0 0.0
зонда 0.003559 0.0 0.0
игры 0.003559 0.0 0.0
идет 0.003559 2.65926 0.009464
имеет 0.003559 2.65926 0.009464
именитых 0.003559 4.60517 0.016389
инновационный 0.003559 0.0 0.0
интересные 0.003559 4.60517 0.016389
информации 0.003559 0.0 0.0
использования 0.003559 0.0 0.0
исследований 0.003559 0.0 0.0
источник 0.003559 0.0 0.0
календарь 0.003559 0.0 0.0
категории 0.003559 0.0 0.0
категория 0.003559 3.912023 0.013922
квартала 0.003559 3.912023 0.013922
квартале 0.003559 3.218876 0.011455
кг 0.003559 0.0 0.0
километров 0.003559 0.0 0.0
китайских 0.003559 2.995732 0.010661
китайцы 0.003559 4.60517 0.016389
классическим 0.003559 0.0 0.0
клон 0.003559 0.0 0.0
комментирования 0.003559 0.0 0.0
комплектующих 0.003559 4.60517 0.016389
комфортный 0.003559 0.0 0.0
конференция 0.003559 0.0 0.0
корее 0.003559 0.0 0.0
корпуса 0.003559 0.0 0.0
космос 0.003559 0.0 0.0
космоса 0.003559 0.0 0.0
который 0.003559 1.386294 0.004933
которых 0.003559 2.813411 0.010012
кроссовера 0.003559 0.0 0.0
кроссоверы 0.003559 0.0 0.0
кубических 0.003559 0.0 0.0
куки 0.003559 0.0 0.0
летать 0.003559 0.0 0.0
лету 0.003559 0.0 0.0
листа 0.003559 0.0 0.0
мае 0.003559 0.0 0.0
май 0.003559 0.0 0.0
марка 0.003559 0.0 0.0
материалов 0.003559 0.0 0.0
машину 0.003559 0.0 0.0
мая 0.003559 0.0 0.0
межпланетный 0.003559 0.0 0.0
меньшего 0.003559 4.60517 0.016389
меняет 0.003559 0.0 0.0
метрового 0.003559 0.0 0.0
миллионов 0.003559 0.0 0.0
миру 0.003559 0.0 0.0
мобильные 0.003559 0.0 0.0
могут 0.003559 0.0 0.0
момент 0.003559 0.0 0.0
мониторы 0.003559 0.0 0.0
мотобрендов 0.003559 0.0 0.0
моторынок 0.003559 4.60517 0.016389
мотоциклов 0.003559 0.0 0.0
мотоциклы 0.003559 4.60517 0.016389
мс 0.003559 0.0 0.0
мультимедиа 0.003559 0.0 0.0
нажмите 0.003559 0.0 0.0
назвал 0.003559 0.0 0.0
названием 0.003559 0.0 0.0
нашей 0.003559 0.0 0.0
наши 0.003559 0.0 0.0
нашли 0.003559 0.0 0.0
новости 0.003559 0.0 0.0
новые 0.003559 0.0 0.0
новый 0.003559 0.0 0.0
носители 0.003559 0.0 0.0
ноутбуки 0.003559 0.0 0.0
нужны 0.003559 0.0 0.0
обзоры 0.003559 0.0 0.0
обработки 0.003559 0.0 0.0
образцы 0.003559 0.0 0.0
объема 0.003559 3.506558 0.012479
объявлена 0.003559 0.0 0.0
одноклассник 0.003559 0.0 0.0
орбите 0.003559 0.0 0.0
ос 0.003559 0.0 0.0
особенно 0.003559 1.609438 0.005728
отдадут 0.003559 0.0 0.0
отечественного 0.003559 0.0 0.0
отечественные 0.003559 4.60517 0.016389
отказа 0.003559 0.0 0.0
отказались 0.003559 0.0 0.0
отключили 0.003559 0.0 0.0
очень 0.003559 0.0 0.0
ошибку 0.003559 0.0 0.0
первого 0.003559 2.995732 0.010661
первом 0.003559 2.525729 0.008988
переднего 0.003559 0.0 0.0
период 0.003559 0.0 0.0
периферия 0.003559 0.0 0.0
персональные 0.003559 0.0 0.0
персональных 0.003559 0.0 0.0
пиар 0.003559 0.0 0.0
пк 0.003559 0.0 0.0
планшеты 0.003559 0.0 0.0
платформа 0.003559 0.0 0.0
пн 0.003559 0.0 0.0
подвел 0.003559 0.0 0.0
поднял 0.003559 0.0 0.0
подробнее 0.003559 0.0 0.0
поиск 0.003559 0.0 0.0
пока 0.003559 0.0 0.0
полезные 0.003559 0.0 0.0
политика 0.003559 0.0 0.0
политикой 0.003559 0.0 0.0
полноприводными 0.003559 0.0 0.0
полётов 0.003559 0.0 0.0
попробовать 0.003559 0.0 0.0
популярная 0.003559 0.0 0.0
популярных 0.003559 0.0 0.0
посещать 0.003559 0.0 0.0
правила 0.003559 0.0 0.0
правят 0.003559 3.912023 0.013922
прайс 0.003559 0.0 0.0
представлен 0.003559 0.0 0.0
прибавка 0.003559 0.0 0.0
привел 0.003559 3.218876 0.011455
привода 0.003559 0.0 0.0
примерно 0.003559 2.995732 0.010661
принтеры 0.003559 0.0 0.0
причины 0.003559 0.0 0.0
пробизнес 0.003559 0.0 0.0
проведения 0.003559 0.0 0.0
программы 0.003559 0.0 0.0
продавать 0.003559 0.0 0.0
продажи 0.003559 0.0 0.0
продано 0.003559 2.995732 0.010661
продолжая 0.003559 0.0 0.0
проектов 0.003559 0.0 0.0
проекторы 0.003559 0.0 0.0
проекты 0.003559 0.0 0.0
пролить 0.003559 0.0 0.0
процессы 0.003559 0.0 0.0
пт 0.003559 0.0 0.0
работы 0.003559 0.0 0.0
реальных 0.003559 0.0 0.0
результаты 0.003559 0.0 0.0
реклама 0.003559 0.0 0.0
решает 0.003559 0.0 0.0
россии 0.003559 0.0 0.0
российский 0.003559 3.218876 0.011455
российскому 0.003559 4.60517 0.016389
россия 0.003559 0.0 0.0
россияне 0.003559 0.0 0.0
рублей 0.003559 0.0 0.0
рынка 0.003559 2.525729 0.008988
рынку 0.003559 4.60517 0.016389
рынок 0.003559 0.0 0.0
сайте 0.003559 0.0 0.0
сайты 0.003559 0.0 0.0
самая 0.003559 0.0 0.0
самолётах 0.003559 0.0 0.0
самых 0.003559 0.0 0.0
сантиметров 0.003559 0.0 0.0
сб 0.003559 0.0 0.0
сбора 0.003559 0.0 0.0
свет 0.003559 0.0 0.0
своей 0.003559 0.0 0.0
связи 0.003559 0.0 0.0
связь 0.003559 0.0 0.0
сегодня 0.003559 0.0 0.0
серверы 0.003559 0.0 0.0
сервисы 0.003559 0.0 0.0
сергей 0.003559 4.60517 0.016389
сертификацию 0.003559 0.0 0.0
сети 0.003559 0.0 0.0
скоро 0.003559 0.0 0.0
сложности 0.003559 0.0 0.0
см 0.003559 0.0 0.0
снова 0.003559 0.0 0.0
собраны 0.003559 4.60517 0.016389
советский 0.003559 0.0 0.0
соглашаетесь 0.003559 0.0 0.0
солидная 0.003559 4.60517 0.016389
спасти 0.003559 0.0 0.0
ср 0.003559 0.0 0.0
сравнении 0.003559 3.912023 0.013922
сравнения 0.003559 3.506558 0.012479
среда 0.003559 0.0 0.0
ссылки 0.003559 0.0 0.0
стал 0.003559 0.0 0.0
стартуют 0.003559 0.0 0.0
статистика 0.003559 0.0 0.0
статьи 0.003559 0.0 0.0
стоимость 0.003559 0.0 0.0
сша 0.003559 0.0 0.0
тайконавты 0.003559 0.0 0.0
тв 0.003559 0.0 0.0
те 0.003559 0.0 0.0
теги 0.003559 0.0 0.0
текст 0.003559 0.0 0.0
текущего 0.003559 3.912023 0.013922
техники 0.003559 4.60517 0.016389
технический 0.003559 0.0 0.0
топ 0.003559 0.0 0.0
тыс 0.003559 0.0 0.0
убрали 0.003559 0.0 0.0
упасть 0.003559 0.0 0.0
устройства 0.003559 0.0 0.0
ученым 0.003559 0.0 0.0
ушел 0.003559 4.60517 0.016389
файлы 0.003559 0.0 0.0
флагманского 0.003559 0.0 0.0
фото 0.003559 0.0 0.0
фундаментальные 0.003559 0.0 0.0
хитом 0.003559 0.0 0.0
целиков 0.003559 4.60517 0.016389
целом 0.003559 3.912023 0.013922
цены 0.003559 0.0 0.0
части 0.003559 0.0 0.0
человека 0.003559 0.0 0.0
чт 0.003559 0.0 0.0
экспорт 0.003559 0.0 0.0
эмбрионы 0.003559 0.0 0.0
эта 0.003559 1.514128 0.005388
южной 0.003559 0.0 0.0
