авиалайнера 0.002315 0.0 0.0
австралии 0.002315 0.0 0.0
автоваз 0.002315 0.0 0.0
автоконцерном 0.002315 4.60517 0.01066
автоматизации 0.002315 3.218876 0.007451
автоматом 0.002315 0.0 0.0
автопроизводителя 0.002315 0.0 0.0
автор 0.002315 0.0 0.0
авторы 0.002315 0.0 0.0
адаптивность 0.002315 4.60517 0.01066
адаптироваться 0.002315 3.912023 0.009056
администрацией 0.002315 0.0 0.0
адрес 0.002315 0.0 0.0
актуально 0.002315 3.912023 0.009056
америке 0.002315 0.0 0.0
аналитики 0.002315 0.0 0.0
белка 0.002315 0.0 0.0
биологические 0.002315 0.0 0.0
биологических 0.002315 0.0 0.0
ближнем 0.002315 0.0 0.0
блоги 0.002315 0.0 0.0
будут 0.002315 0.0 0.0
быстро 0.002315 0.0 0.0
важным 0.002315 2.995732 0.006935
ведётся 0.002315 4.60517 0.01066
весом 0.002315 0.0 0.0
видео 0.002315 0.0 0.0
видеокарты 0.002315 0.0 0.0
внедорожники 0.002315 0.0 0.0
внедрение 0.002315 2.813411 0.006513
внедрения 0.002315 3.506558 0.008117
внедрившим 0.002315 4.60517 0.01066
внутренняя 0.002315 4.60517 0.01066
водород 0.002315 2.813411 0.006513
возможность 0.002315 1.966113 0.004551
войти 0.002315 0.0 0.0
востоке 0.002315 0.0 0.0
вписаться 0.002315 4.60517 0.01066
вс 0.002315 0.0 0.0
всему 0.002315 0.0 0.0
вт 0.002315 0.0 0.0
входят 0.002315 0.0 0.0
выделите 0.002315 0.0 0.0
выполнять 0.002315 3.912023 0.009056
высотой 0.002315 3.218876 0.007451
выходит 0.002315 0.0 0.0
гигантам 0.002315 4.60517 0.01066
гигантом 0.002315 4.60517 0.01066
главную 0.002315 0.0 0.0
года 0.002315 0.0 0.0
годов 0.002315 2.813411 0.006513
грузов 0.002315 3.218876 0.007451
гуманоидные 0.002315 4.60517 0.01066
гуманоидными 0.002315 3.506558 0.008117
гуманоидных 0.002315 4.60517 0.01066
данные 0.002315 0.0 0.0
данный 0.002315 0.0 0.0
данных 0.002315 0.0 0.0
двигатели 0.002315 0.0 0.0
двигатель 0.002315 0.0 0.0
двуногий 0.002315 4.60517 0.01066
двух 0.002315 0.0 0.0
делает 0.002315 2.302585 0.00533
дефицитом 0.002315 4.60517 0.01066
дизайн 0.002315 0.0 0.0
динамичной 0.002315 4.60517 0.01066
директор 0.002315 0.0 0.0
докажут 0.002315 4.60517 0.01066
долгосрочные 0.002315 4.60517 0.01066
долларов 0.002315 0.0 0.0
дом 0.002315 0.0 0.0
доставили 0.002315 0.0 0.0
достигает 0.002315 0.0 0.0
другие 0.002315 2.040221 0.004723
других 0.002315 2.040221 0.004723
едва 0.002315 2.407946 0.005574
её 0.002315 1.203973 0.002787
завершат 0.002315 0.0 0.0
завершатся 0.002315 4.60517 0.01066
зависеть 0.002315 3.912023 0.009056
зависимости 0.002315 3.506558 0.008117
завода 0.002315 3.912023 0.009056
задачи 0.002315 2.407946 0.005574
задействованных 0.002315 4.60517 0.01066
занимаясь 0.002315 4.60517 0.01066
затрат 0.002315 2.65926 0.006156
защиты 0.002315 0.0 0.0
земле 0.002315 0.0 0.0
земли 0.002315 0.0 0.0
зонд 0.002315 0.0 0.0
зонда 0.002315 0.0 0.0
игры 0.002315 0.0 0.0
ии 0.002315 0.0 0.0
имеющийся 0.002315 4.60517 0.01066
инициативы 0.002315 3.912023 0.009056
инновационный 0.002315 0.0 0.0
интеллектом 0.002315 2.995732 0.006935
интерес 0.002315 2.407946 0.005574
информации 0.002315 0.0 0.0
искусственным 0.002315 2.995732 0.006935
использования 0.002315 0.0 0.0
испытания 0.002315 2.302585 0.00533
исследований 0.002315 0.0 0.0
источник 0.002315 0.0 0.0
кадров 0.002315 2.65926 0.006156
кадровый 0.002315 3.506558 0.008117
календарь 0.002315 0.0 0.0
каролина 0.002315 4.60517 0.01066
категории 0.002315 0.0 0.0
квантовый 0.002315 3.506558 0.008117
кг 0.002315 0.0 0.0
кентукки 0.002315 4.60517 0.01066
километров 0.002315 0.0 0.0
классическим 0.002315 0.0 0.0
клон 0.002315 0.0 0.0
ключевое 0.002315 4.60517 0.01066
количество 0.002315 3.218876 0.007451
комментирования 0.002315 0.0 0.0
коммерческого 0.002315 3.506558 0.008117
компании 0.002315 1.347074 0.003118
компаний 0.002315 2.813411 0.006513
компания 0.002315 0.820981 0.0019
компенсировать 0.002315 4.60517 0.01066
компьютер 0.002315 2.207275 0.005109
комфортный 0.002315 0.0 0.0
конкретными 0.002315 4.60517 0.01066
конференция 0.002315 0.0 0.0
конца 0.002315 3.218876 0.007451
корее 0.002315 0.0 0.0
корпуса 0.002315 0.0 0.0
космос 0.002315 0.0 0.0
космоса 0.002315 0.0 0.0
которая 0.002315 1.560648 0.003613
кризис 0.002315 3.218876 0.007451
кроссовера 0.002315 0.0 0.0
кроссоверы 0.002315 0.0 0.0
кубических 0.002315 0.0 0.0
куки 0.002315 0.0 0.0
летать 0.002315 0.0 0.0
лету 0.002315 0.0 0.0
лидеров 0.002315 4.60517 0.01066
листа 0.002315 0.0 0.0
логистике 0.002315 3.506558 0.008117
логистики 0.002315 3.912023 0.009056
логистическим 0.002315 4.60517 0.01066
логистических 0.002315 4.60517 0.01066
луисвилля 0.002315 4.60517 0.01066
мае 0.002315 0.0 0.0
май 0.002315 0.0 0.0
марка 0.002315 0.0 0.0
маршруты 0.002315 3.912023 0.009056
массовое 0.002315 3.218876 0.007451
масштабное 0.002315 3.912023 0.009056
материалов 0.002315 0.0 0.0
машин 0.002315 0.0 0.0
машину 0.002315 0.0 0.0
мая 0.002315 0.0 0.0
межпланетный 0.002315 0.0 0.0
меняет 0.002315 0.0 0.0
меняются 0.002315 4.60517 0.01066
метрового 0.002315 0.0 0.0
миллионов 0.002315 0.0 0.0
мировых 0.002315 4.60517 0.01066
миру 0.002315 0.0 0.0
мобильные 0.002315 0.0 0.0
могут 0.002315 0.0 0.0
момент 0.002315 0.0 0.0
мониторы 0.002315 0.0 0.0
мотобрендов 0.002315 0.0 0.0
мотоциклов 0.002315 0.0 0.0
мс 0.002315 0.0 0.0
мультимедиа 0.002315 0.0 0.0
надёжности 0.002315 4.60517 0.01066
нажмите 0.002315 0.0 0.0
назвал 0.002315 0.0 0.0
названием 0.002315 0.0 0.0
насколько 0.002315 4.60517 0.01066
находятся 0.002315 3.912023 0.009056
начала 0.002315 2.302585 0.00533
нашей 0.002315 0.0 0.0
наши 0.002315 0.0 0.0
нашли 0.002315 0.0 0.0
нейтронным 0.002315 3.506558 0.008117
нехватку 0.002315 4.60517 0.01066
нишевым 0.002315 3.912023 0.009056
новости 0.002315 0.0 0.0
новые 0.002315 0.0 0.0
новый 0.002315 0.0 0.0
новым 0.002315 1.714798 0.003969
носители 0.002315 0.0 0.0
ноутбуки 0.002315 0.0 0.0
нужны 0.002315 0.0 0.0
обзоры 0.002315 0.0 0.0
обработки 0.002315 0.0 0.0
образцы 0.002315 0.0 0.0
обсуждают 0.002315 4.60517 0.01066
обучаться 0.002315 4.60517 0.01066
объектах 0.002315 4.60517 0.01066
объявлена 0.002315 0.0 0.0
ограничен 0.002315 1.966113 0.004551
одноклассник 0.002315 0.0 0.0
окупаемость 0.002315 4.60517 0.01066
операциям 0.002315 3.912023 0.009056
оптимизации 0.002315 2.813411 0.006513
опыт 0.002315 2.207275 0.005109
орбите 0.002315 0.0 0.0
ос 0.002315 0.0 0.0
особенно 0.002315 1.609438 0.003726
остаётся 0.002315 2.040221 0.004723
отдадут 0.002315 0.0 0.0
отечественного 0.002315 0.0 0.0
отказа 0.002315 0.0 0.0
отказались 0.002315 0.0 0.0
отключили 0.002315 0.0 0.0
отличие 0.002315 2.207275 0.005109
отрасли 0.002315 2.813411 0.006513
оценить 0.002315 3.912023 0.009056
очень 0.002315 0.0 0.0
ошибку 0.002315 0.0 0.0
партнёрство 0.002315 3.912023 0.009056
первым 0.002315 3.912023 0.009056
переговоры 0.002315 3.506558 0.008117
переднего 0.002315 0.0 0.0
переход 0.002315 2.120264 0.004908
период 0.002315 0.0 0.0
периферия 0.002315 0.0 0.0
персонала 0.002315 4.60517 0.01066
персональные 0.002315 0.0 0.0
персональных 0.002315 0.0 0.0
пиар 0.002315 0.0 0.0
пилотные 0.002315 3.506558 0.008117
пк 0.002315 0.0 0.0
планирует 0.002315 1.714798 0.003969
планшеты 0.002315 0.0 0.0
платформа 0.002315 0.0 0.0
пн 0.002315 0.0 0.0
повторяющиеся 0.002315 3.912023 0.009056
повысить 0.002315 2.995732 0.006935
подвел 0.002315 0.0 0.0
подготовка 0.002315 4.60517 0.01066
поднимать 0.002315 4.60517 0.01066
поднял 0.002315 0.0 0.0
подробнее 0.002315 0.0 0.0
поиск 0.002315 0.0 0.0
пока 0.002315 0.0 0.0
полезные 0.002315 0.0 0.0
политика 0.002315 0.0 0.0
политикой 0.002315 0.0 0.0
полноприводными 0.002315 0.0 0.0
полётов 0.002315 0.0 0.0
помогают 0.002315 4.60517 0.01066
попробовать 0.002315 0.0 0.0
популярная 0.002315 0.0 0.0
популярных 0.002315 0.0 0.0
посещать 0.002315 0.0 0.0
постепенно 0.002315 3.506558 0.008117
потенциальный 0.002315 4.60517 0.01066
правила 0.002315 0.0 0.0
прайс 0.002315 0.0 0.0
превзошел 0.002315 3.506558 0.008117
представлен 0.002315 0.0 0.0
преимущество 0.002315 3.506558 0.008117
прибавка 0.002315 0.0 0.0
привода 0.002315 0.0 0.0
применению 0.002315 4.60517 0.01066
принтеры 0.002315 0.0 0.0
присоединится 0.002315 3.912023 0.009056
причины 0.002315 0.0 0.0
пробизнес 0.002315 0.0 0.0
проведения 0.002315 0.0 0.0
программы 0.002315 0.0 0.0
продавать 0.002315 0.0 0.0
продажи 0.002315 0.0 0.0
продолжая 0.002315 0.0 0.0
проектов 0.002315 0.0 0.0
проекторы 0.002315 0.0 0.0
проекты 0.002315 0.0 0.0
произойдёт 0.002315 4.60517 0.01066
пройдут 0.002315 4.60517 0.01066
пролить 0.002315 0.0 0.0
промышленному 0.002315 4.60517 0.01066
прорыв 0.002315 1.714798 0.003969
процессами 0.002315 4.60517 0.01066
процессы 0.002315 0.0 0.0
пт 0.002315 0.0 0.0
путь 0.002315 2.120264 0.004908
работают 0.002315 2.65926 0.006156
работы 0.002315 0.0 0.0
рабочие 0.002315 4.60517 0.01066
рабочую 0.002315 4.60517 0.01066
развивается 0.002315 4.60517 0.01066
развёртывание 0.002315 3.912023 0.009056
разработанные 0.002315 3.506558 0.008117
ранней 0.002315 2.995732 0.006935
раньше 0.002315 2.995732 0.006935
раскрывает 0.002315 3.912023 0.009056
рассматривает 0.002315 3.218876 0.007451
растёт 0.002315 3.218876 0.007451
реальных 0.002315 0.0 0.0
результаты 0.002315 0.0 0.0
реклама 0.002315 0.0 0.0
рекордным 0.002315 3.218876 0.007451
решает 0.002315 0.0 0.0
решать 0.002315 3.506558 0.008117
решение 0.002315 2.040221 0.004723
робот 0.002315 1.966113 0.004551
роботами 0.002315 3.506558 0.008117
роботизация 0.002315 4.60517 0.01066
роботов 0.002315 2.995732 0.006935
робототехника 0.002315 3.218876 0.007451
роботы 0.002315 3.506558 0.008117
россии 0.002315 0.0 0.0
россияне 0.002315 0.0 0.0
ростом 0.002315 3.912023 0.009056
рублей 0.002315 0.0 0.0
ручного 0.002315 4.60517 0.01066
рынок 0.002315 0.0 0.0
сайте 0.002315 0.0 0.0
сайты 0.002315 0.0 0.0
самая 0.002315 0.0 0.0
самолётах 0.002315 0.0 0.0
самых 0.002315 0.0 0.0
сантиметров 0.002315 0.0 0.0
сб 0.002315 0.0 0.0
сбора 0.002315 0.0 0.0
свет 0.002315 0.0 0.0
своей 0.002315 0.0 0.0
свои 0.002315 1.89712 0.004391
связи 0.002315 0.0 0.0
связь 0.002315 0.0 0.0
сделка 0.002315 3.912023 0.009056
сегодня 0.002315 0.0 0.0
серверы 0.002315 0.0 0.0
сервисы 0.002315 0.0 0.0
сертификацию 0.002315 0.0 0.0
сети 0.002315 0.0 0.0
силу 0.002315 3.912023 0.009056
синтезировали 0.002315 3.506558 0.008117
систем 0.002315 0.653926 0.001514
системами 0.002315 2.813411 0.006513
складов 0.002315 4.60517 0.01066
склады 0.002315 3.912023 0.009056
скоро 0.002315 0.0 0.0
сложности 0.002315 0.0 0.0
случае 0.002315 2.65926 0.006156
см 0.002315 0.0 0.0
смогут 0.002315 2.65926 0.006156
снижения 0.002315 3.912023 0.009056
снова 0.002315 0.0 0.0
советский 0.002315 0.0 0.0
соглашаетесь 0.002315 0.0 0.0
сообщает 0.002315 2.407946 0.005574
соотношением 0.002315 3.506558 0.008117
сортировку 0.002315 4.60517 0.01066
состоится 0.002315 3.912023 0.009056
сотрудникам 0.002315 4.60517 0.01066
спартанберге 0.002315 4.60517 0.01066
спасти 0.002315 0.0 0.0
способен 0.002315 2.525729 0.005847
способности 0.002315 2.995732 0.006935
способны 0.002315 2.813411 0.006513
ср 0.002315 0.0 0.0
среда 0.002315 0.0 0.0
среде 0.002315 3.912023 0.009056
сроки 0.002315 2.525729 0.005847
ссылки 0.002315 0.0 0.0
ставку 0.002315 2.813411 0.006513
стадии 0.002315 3.218876 0.007451
стал 0.002315 0.0 0.0
станет 0.002315 1.714798 0.003969
стартап 0.002315 2.995732 0.006935
стартапа 0.002315 3.912023 0.009056
стартуют 0.002315 0.0 0.0
статистика 0.002315 0.0 0.0
стать 0.002315 0.0 0.0
статьи 0.002315 0.0 0.0
стоимость 0.002315 0.0 0.0
столкнулась 0.002315 4.60517 0.01066
стороны 0.002315 2.525729 0.005847
суперкомпьютеры 0.002315 3.218876 0.007451
существующие 0.002315 2.813411 0.006513
сша 0.002315 0.0 0.0
тайконавты 0.002315 0.0 0.0
таким 0.002315 2.407946 0.005574
тв 0.002315 0.0 0.0
теги 0.002315 0.0 0.0
текст 0.002315 0.0 0.0
тестов 0.002315 2.65926 0.006156
тесты 0.002315 2.995732 0.006935
технический 0.002315 0.0 0.0
технологии 0.002315 1.514128 0.003505
топ 0.002315 0.0 0.0
транспортировкой 0.002315 4.60517 0.01066
транспортировку 0.002315 4.60517 0.01066
труда 0.002315 3.506558 0.008117
тыс 0.002315 0.0 0.0
убрали 0.002315 0.0 0.0
узкоспециализированных 0.002315 4.60517 0.01066
универсальных 0.002315 4.60517 0.01066
упасть 0.002315 0.0 0.0
управляемый 0.002315 4.60517 0.01066
ускорить 0.002315 2.995732 0.006935
условиях 0.002315 1.771957 0.004102
успех 0.002315 2.207275 0.005109
успеха 0.002315 3.506558 0.008117
успешно 0.002315 2.407946 0.005574
устройства 0.002315 0.0 0.0
ученые 0.002315 1.89712 0.004391
ученым 0.002315 0.0 0.0
учитывая 0.002315 3.218876 0.007451
файлы 0.002315 0.0 0.0
факторов 0.002315 3.912023 0.009056
флагманского 0.002315 0.0 0.0
фото 0.002315 0.0 0.0
фундаментальные 0.002315 0.0 0.0
функционал 0.002315 3.506558 0.008117
хитом 0.002315 0.0 0.0
центре 0.002315 2.995732 0.006935
цены 0.002315 0.0 0.0
части 0.002315 0.0 0.0
часто 0.002315 1.714798 0.003969
человека 0.002315 0.0 0.0
человекоориентированной 0.002315 4.60517 0.01066
чт 0.002315 0.0 0.0
шагом 0.002315 3.218876 0.007451
экспериментирующим 0.002315 4.60517 0.01066
экспериментов 0.002315 3.506558 0.008117
экспорт 0.002315 0.0 0.0
эмбрионы 0.002315 0.0 0.0
эффективность 0.002315 2.120264 0.004908
южная 0.002315 4.60517 0.01066
южной 0.002315 0.0 0.0
