авиалайнера 0.003215 0.0 0.0
австралии 0.003215 0.0 0.0
автоваз 0.003215 0.0 0.0
автоматом 0.003215 0.0 0.0
автопроизводителя 0.003215 0.0 0.0
автор 0.003215 0.0 0.0
авторы 0.003215 0.0 0.0
администрацией 0.003215 0.0 0.0
адрес 0.003215 0.0 0.0
альтманом 0.003215 4.60517 0.014808
америке 0.003215 0.0 0.0
аналитики 0.003215 0.0 0.0
белка 0.003215 0.0 0.0
биологические 0.003215 0.0 0.0
биологических 0.003215 0.0 0.0
ближнем 0.003215 0.0 0.0
блоги 0.003215 0.0 0.0
бот 0.003215 0.0 0.0
будут 0.003215 0.0 0.0
быстро 0.003215 0.0 0.0
ведёт 0.003215 3.218876 0.01035
весом 0.003215 0.0 0.0
видео 0.003215 0.0 0.0
видеокарты 0.003215 0.0 0.0
внедорожники 0.003215 0.0 0.0
внутренние 0.003215 4.60517 0.014808
войти 0.003215 0.0 0.0
востоке 0.003215 0.0 0.0
времени 0.003215 1.89712 0.0061
вс 0.003215 0.0 0.0
всему 0.003215 0.0 0.0
вт 0.003215 0.0 0.0
входят 0.003215 0.0 0.0
выделите 0.003215 0.0 0.0
выходит 0.003215 0.0 0.0
главную 0.003215 0.0 0.0
главой 0.003215 4.60517 0.014808
глобального 0.003215 3.218876 0.01035
года 0.003215 0.0 0.0
данные 0.003215 0.0 0.0
данный 0.003215 0.0 0.0
данных 0.003215 0.0 0.0
двигатели 0.003215 0.0 0.0
двигатель 0.003215 0.0 0.0
двух 0.003215 0.0 0.0
дизайн 0.003215 0.0 0.0
директор 0.003215 0.0 0.0
долларов 0.003215 0.0 0.0
дом 0.003215 0.0 0.0
доставили 0.003215 0.0 0.0
достигает 0.003215 0.0 0.0
доступен 0.003215 2.65926 0.008551
завершат 0.003215 0.0 0.0
зависимость 0.003215 2.995732 0.009633
замен 0.003215 2.040221 0.00656
запрещена 0.003215 3.506558 0.011275
запущены 0.003215 3.218876 0.01035
защиты 0.003215 0.0 0.0
земле 0.003215 0.0 0.0
земли 0.003215 0.0 0.0
зонд 0.003215 0.0 0.0
зонда 0.003215 0.0 0.0
игры 0.003215 0.0 0.0
известно 0.003215 3.218876 0.01035
изображение 0.003215 1.514128 0.004869
ии 0.003215 0.0 0.0
илона 0.003215 2.207275 0.007097
инновационный 0.003215 0.0 0.0
инструменты 0.003215 2.65926 0.008551
интегрировать 0.003215 2.813411 0.009046
интеллекта 0.003215 2.525729 0.008121
информации 0.003215 0.0 0.0
искусственного 0.003215 2.525729 0.008121
использования 0.003215 0.0 0.0
исследований 0.003215 0.0 0.0
источник 0.003215 0.0 0.0
календарь 0.003215 0.0 0.0
категории 0.003215 0.0 0.0
качестве 0.003215 2.813411 0.009046
кг 0.003215 0.0 0.0
километров 0.003215 0.0 0.0
классическим 0.003215 0.0 0.0
клиентам 0.003215 3.506558 0.011275
клон 0.003215 0.0 0.0
командам 0.003215 4.60517 0.014808
комментирования 0.003215 0.0 0.0
компании 0.003215 1.347074 0.004331
комфортный 0.003215 0.0 0.0
конференция 0.003215 0.0 0.0
конфликт 0.003215 3.506558 0.011275
корее 0.003215 0.0 0.0
корпуса 0.003215 0.0 0.0
космос 0.003215 0.0 0.0
космоса 0.003215 0.0 0.0
который 0.003215 1.386294 0.004458
кроссовера 0.003215 0.0 0.0
кроссоверы 0.003215 0.0 0.0
кубических 0.003215 0.0 0.0
куки 0.003215 0.0 0.0
лет 0.003215 0.0 0.0
летать 0.003215 0.0 0.0
лету 0.003215 0.0 0.0
листа 0.003215 0.0 0.0
мае 0.003215 0.0 0.0
май 0.003215 0.0 0.0
марка 0.003215 0.0 0.0
маска 0.003215 2.207275 0.007097
материалов 0.003215 0.0 0.0
машину 0.003215 0.0 0.0
мая 0.003215 0.0 0.0
межпланетный 0.003215 0.0 0.0
меняет 0.003215 0.0 0.0
метрового 0.003215 0.0 0.0
миллионов 0.003215 0.0 0.0
миру 0.003215 0.0 0.0
миссию 0.003215 2.813411 0.009046
млн 0.003215 1.108663 0.003565
мобильные 0.003215 0.0 0.0
могут 0.003215 0.0 0.0
модели 0.003215 1.139434 0.003664
модель 0.003215 1.469676 0.004726
момент 0.003215 0.0 0.0
мониторы 0.003215 0.0 0.0
мотобрендов 0.003215 0.0 0.0
мотоциклов 0.003215 0.0 0.0
мс 0.003215 0.0 0.0
мультимедиа 0.003215 0.0 0.0
нажмите 0.003215 0.0 0.0
назвал 0.003215 0.0 0.0
названием 0.003215 0.0 0.0
напряжённость 0.003215 4.60517 0.014808
начала 0.003215 2.302585 0.007404
нашей 0.003215 0.0 0.0
наши 0.003215 0.0 0.0
нашли 0.003215 0.0 0.0
нашумевший 0.003215 3.506558 0.011275
неделе 0.003215 2.995732 0.009633
новости 0.003215 0.0 0.0
новые 0.003215 0.0 0.0
новый 0.003215 0.0 0.0
носители 0.003215 0.0 0.0
ноутбуки 0.003215 0.0 0.0
нужны 0.003215 0.0 0.0
обвинял 0.003215 4.60517 0.014808
обзоры 0.003215 0.0 0.0
обработки 0.003215 0.0 0.0
образцы 0.003215 0.0 0.0
обучения 0.003215 3.506558 0.011275
объявлена 0.003215 0.0 0.0
одноклассник 0.003215 0.0 0.0
орбите 0.003215 0.0 0.0
ос 0.003215 0.0 0.0
основе 0.003215 2.207275 0.007097
отдадут 0.003215 0.0 0.0
отечественного 0.003215 0.0 0.0
отказа 0.003215 0.0 0.0
отказались 0.003215 0.0 0.0
отключили 0.003215 0.0 0.0
открытую 0.003215 3.506558 0.011275
очень 0.003215 0.0 0.0
ошибку 0.003215 0.0 0.0
партнёром 0.003215 4.60517 0.014808
первую 0.003215 2.995732 0.009633
переговоры 0.003215 3.506558 0.011275
переднего 0.003215 0.0 0.0
период 0.003215 0.0 0.0
периферия 0.003215 0.0 0.0
персональные 0.003215 0.0 0.0
персональных 0.003215 0.0 0.0
пиар 0.003215 0.0 0.0
пк 0.003215 0.0 0.0
планирует 0.003215 1.714798 0.005514
планшеты 0.003215 0.0 0.0
платформа 0.003215 0.0 0.0
платформе 0.003215 2.65926 0.008551
пн 0.003215 0.0 0.0
подвел 0.003215 0.0 0.0
поднял 0.003215 0.0 0.0
подорвать 0.003215 4.60517 0.014808
подробнее 0.003215 0.0 0.0
позволит 0.003215 2.65926 0.008551
поиск 0.003215 0.0 0.0
пока 0.003215 0.0 0.0
полезные 0.003215 0.0 0.0
политика 0.003215 0.0 0.0
политикой 0.003215 0.0 0.0
полноприводными 0.003215 0.0 0.0
полётов 0.003215 0.0 0.0
помощника 0.003215 4.60517 0.014808
попробовать 0.003215 0.0 0.0
популярная 0.003215 0.0 0.0
популярных 0.003215 0.0 0.0
попытке 0.003215 4.60517 0.014808
посещать 0.003215 0.0 0.0
потенциальных 0.003215 3.912023 0.012579
правила 0.003215 0.0 0.0
прайс 0.003215 0.0 0.0
предоставлять 0.003215 4.60517 0.014808
предоставляющей 0.003215 4.60517 0.014808
представила 0.003215 1.832581 0.005893
представлен 0.003215 0.0 0.0
прибавка 0.003215 0.0 0.0
привода 0.003215 0.0 0.0
признана 0.003215 3.506558 0.011275
приложений 0.003215 3.912023 0.012579
приложения 0.003215 3.218876 0.01035
принтеры 0.003215 0.0 0.0
причины 0.003215 0.0 0.0
пробизнес 0.003215 0.0 0.0
проведения 0.003215 0.0 0.0
программы 0.003215 0.0 0.0
продавать 0.003215 0.0 0.0
продажи 0.003215 0.0 0.0
продолжая 0.003215 0.0 0.0
проектов 0.003215 0.0 0.0
проекторы 0.003215 0.0 0.0
проекты 0.003215 0.0 0.0
пролить 0.003215 0.0 0.0
процессы 0.003215 0.0 0.0
пт 0.003215 0.0 0.0
работы 0.003215 0.0 0.0
разместят 0.003215 3.506558 0.011275
размещении 0.003215 4.60517 0.014808
разрабатывает 0.003215 3.218876 0.01035
разработчиков 0.003215 2.813411 0.009046
ранее 0.003215 1.771957 0.005698
рассуждений 0.003215 3.506558 0.011275
реальных 0.003215 0.0 0.0
результаты 0.003215 0.0 0.0
реклама 0.003215 0.0 0.0
решает 0.003215 0.0 0.0
россии 0.003215 0.0 0.0
россияне 0.003215 0.0 0.0
рублей 0.003215 0.0 0.0
рынок 0.003215 0.0 0.0
сайте 0.003215 0.0 0.0
сайты 0.003215 0.0 0.0
самая 0.003215 0.0 0.0
самолётах 0.003215 0.0 0.0
самых 0.003215 0.0 0.0
сантиметров 0.003215 0.0 0.0
сб 0.003215 0.0 0.0
сбора 0.003215 0.0 0.0
свет 0.003215 0.0 0.0
своей 0.003215 0.0 0.0
свои 0.003215 1.89712 0.0061
связи 0.003215 0.0 0.0
связь 0.003215 0.0 0.0
сегодня 0.003215 0.0 0.0
секунды 0.003215 2.207275 0.007097
серверы 0.003215 0.0 0.0
сервисы 0.003215 0.0 0.0
сертификацию 0.003215 0.0 0.0
сети 0.003215 0.0 0.0
системе 0.003215 2.995732 0.009633
скоро 0.003215 0.0 0.0
сложности 0.003215 0.0 0.0
снизить 0.003215 3.218876 0.01035
снова 0.003215 0.0 0.0
советский 0.003215 0.0 0.0
соглашаетесь 0.003215 0.0 0.0
создания 0.003215 2.120264 0.006818
сосредоточившись 0.003215 3.912023 0.012579
спасти 0.003215 0.0 0.0
ср 0.003215 0.0 0.0
среда 0.003215 0.0 0.0
ссылки 0.003215 0.0 0.0
стал 0.003215 0.0 0.0
стало 0.003215 2.525729 0.008121
стартапом 0.003215 4.60517 0.014808
стартуют 0.003215 0.0 0.0
статистика 0.003215 0.0 0.0
статьи 0.003215 0.0 0.0
стоимость 0.003215 0.0 0.0
сша 0.003215 0.0 0.0
сэмом 0.003215 4.60517 0.014808
тайконавты 0.003215 0.0 0.0
тв 0.003215 0.0 0.0
теги 0.003215 0.0 0.0
текст 0.003215 0.0 0.0
тестировать 0.003215 3.506558 0.011275
тестирует 0.003215 2.65926 0.008551
технический 0.003215 0.0 0.0
топ 0.003215 0.0 0.0
точностью 0.003215 2.302585 0.007404
тыс 0.003215 0.0 0.0
убрали 0.003215 0.0 0.0
упасть 0.003215 0.0 0.0
усилить 0.003215 3.912023 0.012579
устройства 0.003215 0.0 0.0
ученым 0.003215 0.0 0.0
учитывая 0.003215 3.218876 0.01035
файлы 0.003215 0.0 0.0
флагманского 0.003215 0.0 0.0
фото 0.003215 0.0 0.0
фундаментальные 0.003215 0.0 0.0
хитом 0.003215 0.0 0.0
хостинге 0.003215 4.60517 0.014808
цены 0.003215 0.0 0.0
части 0.003215 0.0 0.0
часы 0.003215 2.65926 0.008551
чат 0.003215 1.049822 0.003376
человека 0.003215 0.0 0.0
чт 0.003215 0.0 0.0
шаг 0.003215 2.525729 0.008121
экспорт 0.003215 0.0 0.0
экстремистcкой 0.003215 4.60517 0.014808
эмбрионы 0.003215 0.0 0.0
эталона 0.003215 3.506558 0.011275
южной 0.003215 0.0 0.0
языковую 0.003215 3.506558 0.011275
