аварий 0.002146 2.813411 0.006037
аварийного 0.002146 3.506558 0.007525
авиалайнера 0.002146 0.0 0.0
австралии 0.002146 0.0 0.0
автоваз 0.002146 0.0 0.0
автоматом 0.002146 0.0 0.0
автомобилей 0.002146 2.207275 0.004737
автономных 0.002146 2.813411 0.006037
автопроизводителя 0.002146 0.0 0.0
автор 0.002146 0.0 0.0
авторы 0.002146 0.0 0.0
адаптировалось 0.002146 4.60517 0.009882
администрацией 0.002146 0.0 0.0
адрес 0.002146 0.0 0.0
активность 0.002146 3.506558 0.007525
акустические 0.002146 4.60517 0.009882
акустический 0.002146 4.60517 0.009882
америке 0.002146 0.0 0.0
анализатор 0.002146 3.912023 0.008395
аналитики 0.002146 0.0 0.0
аудиозапись 0.002146 4.60517 0.009882
бедствий 0.002146 4.60517 0.009882
безопасному 0.002146 3.506558 0.007525
белка 0.002146 0.0 0.0
биоакустические 0.002146 4.60517 0.009882
биологические 0.002146 0.0 0.0
биологических 0.002146 0.0 0.0
ближнем 0.002146 0.0 0.0
блоги 0.002146 0.0 0.0
большинство 0.002146 3.218876 0.006907
брюшке 0.002146 4.60517 0.009882
будут 0.002146 0.0 0.0
будущего 0.002146 2.525729 0.00542
быстро 0.002146 0.0 0.0
важно 0.002146 2.120264 0.00455
весом 0.002146 0.0 0.0
вживлённые 0.002146 4.60517 0.009882
вибрацию 0.002146 3.912023 0.008395
вида 0.002146 3.912023 0.008395
видео 0.002146 0.0 0.0
видеокарты 0.002146 0.0 0.0
вмешательство 0.002146 4.60517 0.009882
внедорожники 0.002146 0.0 0.0
внутренних 0.002146 4.60517 0.009882
войти 0.002146 0.0 0.0
вопросы 0.002146 2.525729 0.00542
воспроизводить 0.002146 4.60517 0.009882
воспроизводят 0.002146 4.60517 0.009882
востоке 0.002146 0.0 0.0
вс 0.002146 0.0 0.0
всему 0.002146 0.0 0.0
вт 0.002146 0.0 0.0
входят 0.002146 0.0 0.0
выделите 0.002146 0.0 0.0
высотой 0.002146 3.218876 0.006907
выходит 0.002146 0.0 0.0
выявили 0.002146 4.60517 0.009882
ганглиев 0.002146 4.60517 0.009882
главную 0.002146 0.0 0.0
года 0.002146 0.0 0.0
году 0.002146 1.272966 0.002732
голосовые 0.002146 4.60517 0.009882
группа 0.002146 3.506558 0.007525
гц 0.002146 3.506558 0.007525
данные 0.002146 0.0 0.0
данный 0.002146 0.0 0.0
данных 0.002146 0.0 0.0
двигатели 0.002146 0.0 0.0
двигатель 0.002146 0.0 0.0
движению 0.002146 3.912023 0.008395
движениями 0.002146 3.912023 0.008395
двух 0.002146 0.0 0.0
демонстрировали 0.002146 4.60517 0.009882
диапазон 0.002146 2.813411 0.006037
дизайн 0.002146 0.0 0.0
динамиков 0.002146 3.912023 0.008395
директор 0.002146 0.0 0.0
длительностью 0.002146 4.60517 0.009882
долговечности 0.002146 4.60517 0.009882
долларов 0.002146 0.0 0.0
дом 0.002146 0.0 0.0
доставили 0.002146 0.0 0.0
достигает 0.002146 0.0 0.0
достигли 0.002146 3.506558 0.007525
естественные 0.002146 4.60517 0.009882
естественный 0.002146 4.60517 0.009882
завалы 0.002146 4.60517 0.009882
завершат 0.002146 0.0 0.0
зависимость 0.002146 2.995732 0.006429
зависят 0.002146 3.912023 0.008395
защиты 0.002146 0.0 0.0
звук 0.002146 2.207275 0.004737
звука 0.002146 3.912023 0.008395
земле 0.002146 0.0 0.0
земли 0.002146 0.0 0.0
зонах 0.002146 2.995732 0.006429
зонд 0.002146 0.0 0.0
зонда 0.002146 0.0 0.0
игры 0.002146 0.0 0.0
имитирующих 0.002146 4.60517 0.009882
имитируя 0.002146 4.60517 0.009882
импульсов 0.002146 3.218876 0.006907
импульсы 0.002146 3.912023 0.008395
инновационный 0.002146 0.0 0.0
инструмент 0.002146 1.89712 0.004071
интернету 0.002146 3.506558 0.007525
интерфейса 0.002146 3.218876 0.006907
информации 0.002146 0.0 0.0
исполнении 0.002146 3.912023 0.008395
исполнять 0.002146 3.506558 0.007525
использования 0.002146 0.0 0.0
используя 0.002146 2.995732 0.006429
исследований 0.002146 0.0 0.0
исследователи 0.002146 2.302585 0.004941
источник 0.002146 0.0 0.0
источников 0.002146 3.912023 0.008395
календарь 0.002146 0.0 0.0
калибровки 0.002146 4.60517 0.009882
канона 0.002146 4.60517 0.009882
категории 0.002146 0.0 0.0
квантовые 0.002146 3.218876 0.006907
кг 0.002146 0.0 0.0
киборги 0.002146 4.60517 0.009882
киборгов 0.002146 4.60517 0.009882
километров 0.002146 0.0 0.0
классику 0.002146 3.506558 0.007525
классическим 0.002146 0.0 0.0
клон 0.002146 0.0 0.0
ключевым 0.002146 2.525729 0.00542
количество 0.002146 3.218876 0.006907
команды 0.002146 3.912023 0.008395
комментирования 0.002146 0.0 0.0
композиции 0.002146 4.60517 0.009882
комфортный 0.002146 0.0 0.0
контролировалось 0.002146 4.60517 0.009882
контролировать 0.002146 3.506558 0.007525
конференция 0.002146 0.0 0.0
концепцию 0.002146 4.60517 0.009882
корее 0.002146 0.0 0.0
корпуса 0.002146 0.0 0.0
космос 0.002146 0.0 0.0
космоса 0.002146 0.0 0.0
крепились 0.002146 4.60517 0.009882
кроссовера 0.002146 0.0 0.0
кроссоверы 0.002146 0.0 0.0
крупные 0.002146 3.506558 0.007525
крыльев 0.002146 4.60517 0.009882
кубических 0.002146 0.0 0.0
куки 0.002146 0.0 0.0
кутикуле 0.002146 4.60517 0.009882
летать 0.002146 0.0 0.0
лету 0.002146 0.0 0.0
листа 0.002146 0.0 0.0
мадагаскарских 0.002146 4.60517 0.009882
мае 0.002146 0.0 0.0
май 0.002146 0.0 0.0
марка 0.002146 0.0 0.0
масштабированием 0.002146 4.60517 0.009882
материалов 0.002146 0.0 0.0
машину 0.002146 0.0 0.0
мая 0.002146 0.0 0.0
межпланетный 0.002146 0.0 0.0
мелодии 0.002146 4.60517 0.009882
мембранами 0.002146 4.60517 0.009882
мембраны 0.002146 4.60517 0.009882
меняет 0.002146 0.0 0.0
метод 0.002146 1.714798 0.00368
метрового 0.002146 0.0 0.0
микрофоны 0.002146 4.60517 0.009882
миллионов 0.002146 0.0 0.0
миниатюризации 0.002146 4.60517 0.009882
минимальное 0.002146 4.60517 0.009882
миру 0.002146 0.0 0.0
мобильные 0.002146 0.0 0.0
могут 0.002146 0.0 0.0
момент 0.002146 0.0 0.0
мониторы 0.002146 0.0 0.0
мотобрендов 0.002146 0.0 0.0
мотоциклов 0.002146 0.0 0.0
мс 0.002146 0.0 0.0
музыкальные 0.002146 4.60517 0.009882
мультимедиа 0.002146 0.0 0.0
мышц 0.002146 4.60517 0.009882
навигации 0.002146 3.218876 0.006907
нажмите 0.002146 0.0 0.0
назвал 0.002146 0.0 0.0
названием 0.002146 0.0 0.0
наньянского 0.002146 4.60517 0.009882
наото 0.002146 4.60517 0.009882
напряжение 0.002146 4.60517 0.009882
напряжением 0.002146 4.60517 0.009882
насекомые 0.002146 4.60517 0.009882
насекомых 0.002146 4.60517 0.009882
научили 0.002146 2.995732 0.006429
начатую 0.002146 4.60517 0.009882
нашей 0.002146 0.0 0.0
наши 0.002146 0.0 0.0
нашли 0.002146 0.0 0.0
некоторые 0.002146 3.218876 0.006907
необычный 0.002146 4.60517 0.009882
нервные 0.002146 4.60517 0.009882
нисида 0.002146 4.60517 0.009882
новости 0.002146 0.0 0.0
новые 0.002146 0.0 0.0
новый 0.002146 0.0 0.0
ног 0.002146 0.0 0.0
носители 0.002146 0.0 0.0
нот 0.002146 3.506558 0.007525
ноутбуки 0.002146 0.0 0.0
нужны 0.002146 0.0 0.0
ныне 0.002146 2.995732 0.006429
обездвиживании 0.002146 4.60517 0.009882
обзоры 0.002146 0.0 0.0
обработки 0.002146 0.0 0.0
образцы 0.002146 0.0 0.0
объявили 0.002146 2.995732 0.006429
объявлена 0.002146 0.0 0.0
одноклассник 0.002146 0.0 0.0
октавах 0.002146 4.60517 0.009882
оповещения 0.002146 4.60517 0.009882
опубликованы 0.002146 4.60517 0.009882
орбите 0.002146 0.0 0.0
органов 0.002146 4.60517 0.009882
ос 0.002146 0.0 0.0
основе 0.002146 2.207275 0.004737
особи 0.002146 4.60517 0.009882
отдадут 0.002146 0.0 0.0
отечественного 0.002146 0.0 0.0
отказа 0.002146 0.0 0.0
отказались 0.002146 0.0 0.0
отклик 0.002146 4.60517 0.009882
отключили 0.002146 0.0 0.0
отличие 0.002146 2.207275 0.004737
отслеживал 0.002146 4.60517 0.009882
охватывающий 0.002146 4.60517 0.009882
очень 0.002146 0.0 0.0
ошибку 0.002146 0.0 0.0
параметров 0.002146 2.813411 0.006037
парными 0.002146 4.60517 0.009882
партнёрстве 0.002146 3.506558 0.007525
паттерны 0.002146 4.60517 0.009882
пахельбеля 0.002146 4.60517 0.009882
передаёт 0.002146 4.60517 0.009882
переднего 0.002146 0.0 0.0
перемещения 0.002146 3.912023 0.008395
перенесли 0.002146 4.60517 0.009882
период 0.002146 0.0 0.0
периферия 0.002146 0.0 0.0
персональные 0.002146 0.0 0.0
персональных 0.002146 0.0 0.0
перспективы 0.002146 3.506558 0.007525
пиар 0.002146 0.0 0.0
пк 0.002146 0.0 0.0
планшеты 0.002146 0.0 0.0
платформа 0.002146 0.0 0.0
платформе 0.002146 2.65926 0.005707
пн 0.002146 0.0 0.0
повреждения 0.002146 3.506558 0.007525
подаваемым 0.002146 4.60517 0.009882
подвел 0.002146 0.0 0.0
поднял 0.002146 0.0 0.0
подробнее 0.002146 0.0 0.0
позволил 0.002146 2.813411 0.006037
позволили 0.002146 3.912023 0.008395
поиск 0.002146 0.0 0.0
пока 0.002146 0.0 0.0
полезные 0.002146 0.0 0.0
политика 0.002146 0.0 0.0
политикой 0.002146 0.0 0.0
полноприводными 0.002146 0.0 0.0
полутона 0.002146 4.60517 0.009882
полётов 0.002146 0.0 0.0
помощью 0.002146 2.120264 0.00455
попробовать 0.002146 0.0 0.0
популярная 0.002146 0.0 0.0
популярных 0.002146 0.0 0.0
посещать 0.002146 0.0 0.0
последовательность 0.002146 4.60517 0.009882
правила 0.002146 0.0 0.0
прайс 0.002146 0.0 0.0
превышала 0.002146 4.60517 0.009882
представили 0.002146 2.813411 0.006037
представлен 0.002146 0.0 0.0
предстоит 0.002146 3.506558 0.007525
преимуществом 0.002146 4.60517 0.009882
преобразования 0.002146 4.60517 0.009882
препринте 0.002146 4.60517 0.009882
прибавка 0.002146 0.0 0.0
привода 0.002146 0.0 0.0
принтеры 0.002146 0.0 0.0
причины 0.002146 0.0 0.0
пробизнес 0.002146 0.0 0.0
проведения 0.002146 0.0 0.0
проволоки 0.002146 4.60517 0.009882
программировали 0.002146 4.60517 0.009882
программы 0.002146 0.0 0.0
продавать 0.002146 0.0 0.0
продажи 0.002146 0.0 0.0
продолжает 0.002146 2.407946 0.005167
продолжая 0.002146 0.0 0.0
проектов 0.002146 0.0 0.0
проекторы 0.002146 0.0 0.0
проекты 0.002146 0.0 0.0
пролить 0.002146 0.0 0.0
проложили 0.002146 3.506558 0.007525
прорыв 0.002146 1.714798 0.00368
процессы 0.002146 0.0 0.0
пт 0.002146 0.0 0.0
путь 0.002146 2.120264 0.00455
пытались 0.002146 3.912023 0.008395
работа 0.002146 0.941609 0.002021
работы 0.002146 0.0 0.0
развития 0.002146 2.407946 0.005167
размеры 0.002146 3.912023 0.008395
расположенные 0.002146 3.912023 0.008395
рассказывает 0.002146 4.60517 0.009882
реагировали 0.002146 4.60517 0.009882
реальных 0.002146 0.0 0.0
результаты 0.002146 0.0 0.0
реклама 0.002146 0.0 0.0
решает 0.002146 0.0 0.0
решить 0.002146 3.912023 0.008395
ритмические 0.002146 4.60517 0.009882
россии 0.002146 0.0 0.0
россияне 0.002146 0.0 0.0
рублей 0.002146 0.0 0.0
рынок 0.002146 0.0 0.0
сайте 0.002146 0.0 0.0
сайты 0.002146 0.0 0.0
самая 0.002146 0.0 0.0
самовосстанавливаться 0.002146 3.506558 0.007525
самолётах 0.002146 0.0 0.0
самцов 0.002146 4.60517 0.009882
самых 0.002146 0.0 0.0
сантиметре 0.002146 4.60517 0.009882
сантиметров 0.002146 0.0 0.0
сб 0.002146 0.0 0.0
сбора 0.002146 0.0 0.0
сбросить 0.002146 4.60517 0.009882
свет 0.002146 0.0 0.0
своей 0.002146 0.0 0.0
связаны 0.002146 3.912023 0.008395
связи 0.002146 0.0 0.0
связь 0.002146 0.0 0.0
сегодня 0.002146 0.0 0.0
серверы 0.002146 0.0 0.0
сервисы 0.002146 0.0 0.0
серебряной 0.002146 4.60517 0.009882
сертификацию 0.002146 0.0 0.0
сети 0.002146 0.0 0.0
сигнала 0.002146 3.506558 0.007525
сила 0.002146 2.120264 0.00455
силу 0.002146 3.912023 0.008395
сингапур 0.002146 3.912023 0.008395
синтез 0.002146 2.407946 0.005167
синхронно 0.002146 3.912023 0.008395
систем 0.002146 0.653926 0.001403
системы 0.002146 1.469676 0.003154
скоро 0.002146 0.0 0.0
сложности 0.002146 0.0 0.0
сложные 0.002146 2.995732 0.006429
см 0.002146 0.0 0.0
снова 0.002146 0.0 0.0
соавтор 0.002146 3.912023 0.008395
советский 0.002146 0.0 0.0
соглашаетесь 0.002146 0.0 0.0
созданием 0.002146 3.912023 0.008395
создания 0.002146 2.120264 0.00455
сообщения 0.002146 4.60517 0.009882
состояло 0.002146 4.60517 0.009882
состояние 0.002146 3.506558 0.007525
сотрудник 0.002146 3.218876 0.006907
сохраняли 0.002146 4.60517 0.009882
спасти 0.002146 0.0 0.0
способные 0.002146 3.506558 0.007525
ср 0.002146 0.0 0.0
среда 0.002146 0.0 0.0
ссылки 0.002146 0.0 0.0
стал 0.002146 0.0 0.0
стали 0.002146 2.65926 0.005707
стандартные 0.002146 3.912023 0.008395
стартуют 0.002146 0.0 0.0
статистика 0.002146 0.0 0.0
статьи 0.002146 0.0 0.0
стимуляцию 0.002146 3.912023 0.008395
стихийных 0.002146 4.60517 0.009882
стоимость 0.002146 0.0 0.0
стратегическом 0.002146 3.506558 0.007525
структуры 0.002146 2.525729 0.00542
сша 0.002146 0.0 0.0
тайконавты 0.002146 0.0 0.0
тараканов 0.002146 4.60517 0.009882
тв 0.002146 0.0 0.0
теги 0.002146 0.0 0.0
текст 0.002146 0.0 0.0
температурам 0.002146 4.60517 0.009882
тестируют 0.002146 2.813411 0.006037
техасского 0.002146 3.218876 0.006907
технический 0.002146 0.0 0.0
технологии 0.002146 1.514128 0.003249
технологического 0.002146 3.912023 0.008395
тимбал 0.002146 4.60517 0.009882
тимбалами 0.002146 4.60517 0.009882
тимбалы 0.002146 4.60517 0.009882
тока 0.002146 2.995732 0.006429
токийского 0.002146 4.60517 0.009882
толщиной 0.002146 3.912023 0.008395
тональности 0.002146 4.60517 0.009882
топ 0.002146 0.0 0.0
точности 0.002146 2.813411 0.006037
точностью 0.002146 2.302585 0.004941
традицию 0.002146 4.60517 0.009882
требовал 0.002146 2.525729 0.00542
трёх 0.002146 2.207275 0.004737
трёхоктавный 0.002146 4.60517 0.009882
тыс 0.002146 0.0 0.0
убрали 0.002146 0.0 0.0
улететь 0.002146 4.60517 0.009882
университета 0.002146 2.120264 0.00455
упасть 0.002146 0.0 0.0
управление 0.002146 2.525729 0.00542
управлении 0.002146 3.506558 0.007525
управления 0.002146 2.040221 0.004378
управляющей 0.002146 4.60517 0.009882
упростило 0.002146 4.60517 0.009882
усилителя 0.002146 4.60517 0.009882
условиях 0.002146 1.771957 0.003802
устойчивы 0.002146 3.506558 0.007525
устройства 0.002146 0.0 0.0
устройство 0.002146 2.65926 0.005707
ученым 0.002146 0.0 0.0
учёные 0.002146 1.966113 0.004219
файлы 0.002146 0.0 0.0
фиксировали 0.002146 3.912023 0.008395
флагманского 0.002146 0.0 0.0
фокус 0.002146 2.525729 0.00542
фото 0.002146 0.0 0.0
фундаментальные 0.002146 0.0 0.0
хирургическое 0.002146 4.60517 0.009882
хитом 0.002146 0.0 0.0
хора 0.002146 3.218876 0.006907
цены 0.002146 0.0 0.0
цепей 0.002146 4.60517 0.009882
цикад 0.002146 3.506558 0.007525
цикады 0.002146 4.60517 0.009882
цукубы 0.002146 4.60517 0.009882
часов 0.002146 2.525729 0.00542
части 0.002146 0.0 0.0
частичном 0.002146 4.60517 0.009882
человека 0.002146 0.0 0.0
чт 0.002146 0.0 0.0
чёткую 0.002146 4.60517 0.009882
эксперимента 0.002146 2.65926 0.005707
экспорт 0.002146 0.0 0.0
экстремальным 0.002146 3.912023 0.008395
электрических 0.002146 3.506558 0.007525
электродами 0.002146 4.60517 0.009882
электродов 0.002146 4.60517 0.009882
электроды 0.002146 4.60517 0.009882
электроники 0.002146 3.912023 0.008395
электронных 0.002146 3.912023 0.008395
эмбрионы 0.002146 0.0 0.0
энергии 0.002146 2.207275 0.004737
эффективностью 0.002146 4.60517 0.009882
южной 0.002146 0.0 0.0
японские 0.002146 3.506558 0.007525
