абсолютно 0.002933 2.407946 0.007061
авиалайнера 0.002933 0.0 0.0
австралии 0.002933 0.0 0.0
авто 0.002933 0.0 0.0
автоваз 0.002933 0.0 0.0
автоматом 0.002933 0.0 0.0
автомобиль 0.002933 2.525729 0.007407
автопроизводителя 0.002933 0.0 0.0
автор 0.002933 0.0 0.0
авторы 0.002933 0.0 0.0
агрегатов 0.002933 4.60517 0.013505
администрацией 0.002933 0.0 0.0
адрес 0.002933 0.0 0.0
акценты 0.002933 4.60517 0.013505
алюминиевые 0.002933 3.912023 0.011472
америке 0.002933 0.0 0.0
аналитики 0.002933 0.0 0.0
арки 0.002933 3.506558 0.010283
баги 0.002933 3.506558 0.010283
батареями 0.002933 3.912023 0.011472
белка 0.002933 0.0 0.0
бензиновые 0.002933 3.506558 0.010283
биологические 0.002933 0.0 0.0
биологических 0.002933 0.0 0.0
ближнем 0.002933 0.0 0.0
блоги 0.002933 0.0 0.0
большие 0.002933 4.60517 0.013505
большой 0.002933 2.995732 0.008785
будут 0.002933 0.0 0.0
быстро 0.002933 0.0 0.0
версий 0.002933 3.912023 0.011472
версию 0.002933 2.813411 0.00825
весом 0.002933 0.0 0.0
взломов 0.002933 3.506558 0.010283
видео 0.002933 0.0 0.0
видеокарты 0.002933 0.0 0.0
включает 0.002933 2.525729 0.007407
внедорожник 0.002933 0.0 0.0
внедорожники 0.002933 0.0 0.0
внедорожные 0.002933 3.912023 0.011472
воздухозаборниками 0.002933 4.60517 0.013505
возможны 0.002933 2.995732 0.008785
возможными 0.002933 3.912023 0.011472
войти 0.002933 0.0 0.0
востоке 0.002933 0.0 0.0
вредоносного 0.002933 3.506558 0.010283
вс 0.002933 0.0 0.0
всему 0.002933 0.0 0.0
вт 0.002933 0.0 0.0
входят 0.002933 0.0 0.0
выбор 0.002933 2.995732 0.008785
выбрать 0.002933 3.912023 0.011472
выделите 0.002933 0.0 0.0
выходит 0.002933 0.0 0.0
гибридной 0.002933 3.506558 0.010283
главную 0.002933 0.0 0.0
глобальной 0.002933 3.218876 0.00944
года 0.002933 0.0 0.0
году 0.002933 1.272966 0.003733
данные 0.002933 0.0 0.0
данный 0.002933 0.0 0.0
данных 0.002933 0.0 0.0
двигатели 0.002933 0.0 0.0
двигатель 0.002933 0.0 0.0
двойной 0.002933 4.60517 0.013505
двух 0.002933 0.0 0.0
деталям 0.002933 4.60517 0.013505
дизайн 0.002933 0.0 0.0
директор 0.002933 0.0 0.0
дисплей 0.002933 3.912023 0.011472
добавлены 0.002933 4.60517 0.013505
долларов 0.002933 0.0 0.0
дом 0.002933 0.0 0.0
доставили 0.002933 0.0 0.0
достигает 0.002933 0.0 0.0
доступен 0.002933 2.65926 0.007798
европы 0.002933 3.506558 0.010283
желании 0.002933 4.60517 0.013505
завершат 0.002933 0.0 0.0
задержками 0.002933 4.60517 0.013505
защиты 0.002933 0.0 0.0
земле 0.002933 0.0 0.0
земли 0.002933 0.0 0.0
зонд 0.002933 0.0 0.0
зонда 0.002933 0.0 0.0
игры 0.002933 0.0 0.0
ии 0.002933 0.0 0.0
инновационный 0.002933 0.0 0.0
интеграцию 0.002933 2.813411 0.00825
интеллектом 0.002933 2.995732 0.008785
интерьер 0.002933 3.912023 0.011472
информации 0.002933 0.0 0.0
информационно 0.002933 3.912023 0.011472
искусственным 0.002933 2.995732 0.008785
использования 0.002933 0.0 0.0
исследований 0.002933 0.0 0.0
источник 0.002933 0.0 0.0
италии 0.002933 4.60517 0.013505
календарь 0.002933 0.0 0.0
категории 0.002933 0.0 0.0
квт 0.002933 2.813411 0.00825
кг 0.002933 0.0 0.0
километров 0.002933 0.0 0.0
классическим 0.002933 0.0 0.0
клон 0.002933 0.0 0.0
кода 0.002933 2.525729 0.007407
кожаные 0.002933 4.60517 0.013505
колёсные 0.002933 4.60517 0.013505
комментирования 0.002933 0.0 0.0
компактный 0.002933 3.506558 0.010283
комфортный 0.002933 0.0 0.0
контрастной 0.002933 4.60517 0.013505
конференция 0.002933 0.0 0.0
конце 0.002933 2.207275 0.006473
корее 0.002933 0.0 0.0
корпуса 0.002933 0.0 0.0
космос 0.002933 0.0 0.0
космоса 0.002933 0.0 0.0
которую 0.002933 4.60517 0.013505
кроссовера 0.002933 0.0 0.0
кроссоверы 0.002933 0.0 0.0
кубических 0.002933 0.0 0.0
куки 0.002933 0.0 0.0
летать 0.002933 0.0 0.0
лету 0.002933 0.0 0.0
листа 0.002933 0.0 0.0
люк 0.002933 3.912023 0.011472
мае 0.002933 0.0 0.0
май 0.002933 0.0 0.0
марка 0.002933 0.0 0.0
материалов 0.002933 0.0 0.0
машину 0.002933 0.0 0.0
мая 0.002933 0.0 0.0
межпланетный 0.002933 0.0 0.0
меняет 0.002933 0.0 0.0
метрового 0.002933 0.0 0.0
миллионов 0.002933 0.0 0.0
миру 0.002933 0.0 0.0
млрд 0.002933 2.302585 0.006752
мобильные 0.002933 0.0 0.0
могут 0.002933 0.0 0.0
моделей 0.002933 2.120264 0.006218
моделью 0.002933 3.506558 0.010283
момент 0.002933 0.0 0.0
мониторы 0.002933 0.0 0.0
мотобрендов 0.002933 0.0 0.0
мотоциклов 0.002933 0.0 0.0
мощностью 0.002933 1.832581 0.005374
мс 0.002933 0.0 0.0
мультимедиа 0.002933 0.0 0.0
нажмите 0.002933 0.0 0.0
назвал 0.002933 0.0 0.0
названием 0.002933 0.0 0.0
научился 0.002933 3.506558 0.010283
начнётся 0.002933 3.912023 0.011472
нашей 0.002933 0.0 0.0
наши 0.002933 0.0 0.0
нашли 0.002933 0.0 0.0
новости 0.002933 0.0 0.0
новые 0.002933 0.0 0.0
новый 0.002933 0.0 0.0
носители 0.002933 0.0 0.0
ноутбуки 0.002933 0.0 0.0
нужны 0.002933 0.0 0.0
обзоры 0.002933 0.0 0.0
обработки 0.002933 0.0 0.0
образцы 0.002933 0.0 0.0
объявлена 0.002933 0.0 0.0
ограничений 0.002933 2.65926 0.007798
одноклассник 0.002933 0.0 0.0
опубликованным 0.002933 4.60517 0.013505
опцией 0.002933 4.60517 0.013505
орбите 0.002933 0.0 0.0
ос 0.002933 0.0 0.0
оснащен 0.002933 2.120264 0.006218
останется 0.002933 3.506558 0.010283
отдадут 0.002933 0.0 0.0
отечественного 0.002933 0.0 0.0
отказа 0.002933 0.0 0.0
отказались 0.002933 0.0 0.0
отключили 0.002933 0.0 0.0
открытый 0.002933 2.813411 0.00825
отметку 0.002933 3.506558 0.010283
очень 0.002933 0.0 0.0
ошибку 0.002933 0.0 0.0
переднего 0.002933 0.0 0.0
период 0.002933 0.0 0.0
периферия 0.002933 0.0 0.0
персональные 0.002933 0.0 0.0
персональных 0.002933 0.0 0.0
пиар 0.002933 0.0 0.0
пк 0.002933 0.0 0.0
планшеты 0.002933 0.0 0.0
платформа 0.002933 0.0 0.0
платформе 0.002933 2.65926 0.007798
пн 0.002933 0.0 0.0
подвел 0.002933 0.0 0.0
подключаемой 0.002933 4.60517 0.013505
подключаемый 0.002933 4.60517 0.013505
поднял 0.002933 0.0 0.0
подробнее 0.002933 0.0 0.0
поиск 0.002933 0.0 0.0
пока 0.002933 0.0 0.0
полезные 0.002933 0.0 0.0
политика 0.002933 0.0 0.0
политикой 0.002933 0.0 0.0
полноприводными 0.002933 0.0 0.0
полностью 0.002933 2.207275 0.006473
полный 0.002933 2.813411 0.00825
получил 0.002933 1.514128 0.00444
пользователей 0.002933 2.65926 0.007798
полётов 0.002933 0.0 0.0
попробовать 0.002933 0.0 0.0
популярная 0.002933 0.0 0.0
популярных 0.002933 0.0 0.0
посещать 0.002933 0.0 0.0
построен 0.002933 3.218876 0.00944
правила 0.002933 0.0 0.0
прайс 0.002933 0.0 0.0
пределами 0.002933 3.912023 0.011472
предлагает 0.002933 2.120264 0.006218
представила 0.002933 1.832581 0.005374
представлен 0.002933 0.0 0.0
преодолел 0.002933 3.218876 0.00944
прибавка 0.002933 0.0 0.0
привод 0.002933 0.0 0.0
привода 0.002933 0.0 0.0
принтеры 0.002933 0.0 0.0
причины 0.002933 0.0 0.0
пробизнес 0.002933 0.0 0.0
проведения 0.002933 0.0 0.0
программы 0.002933 0.0 0.0
продавать 0.002933 0.0 0.0
продажи 0.002933 0.0 0.0
продолжая 0.002933 0.0 0.0
проектов 0.002933 0.0 0.0
проекторы 0.002933 0.0 0.0
проекты 0.002933 0.0 0.0
проекционный 0.002933 4.60517 0.013505
производство 0.002933 2.302585 0.006752
пролить 0.002933 0.0 0.0
прострочкой 0.002933 4.60517 0.013505
процессы 0.002933 0.0 0.0
пт 0.002933 0.0 0.0
работы 0.002933 0.0 0.0
развлекательный 0.002933 4.60517 0.013505
рассекречен 0.002933 4.60517 0.013505
расширенный 0.002933 4.60517 0.013505
реальных 0.002933 0.0 0.0
результаты 0.002933 0.0 0.0
реклама 0.002933 0.0 0.0
решает 0.002933 0.0 0.0
россии 0.002933 0.0 0.0
россияне 0.002933 0.0 0.0
рублей 0.002933 0.0 0.0
рубленый 0.002933 4.60517 0.013505
рынок 0.002933 0.0 0.0
сайте 0.002933 0.0 0.0
сайты 0.002933 0.0 0.0
самая 0.002933 0.0 0.0
самолётах 0.002933 0.0 0.0
самых 0.002933 0.0 0.0
сантиметров 0.002933 0.0 0.0
сб 0.002933 0.0 0.0
сбора 0.002933 0.0 0.0
свесы 0.002933 4.60517 0.013505
свет 0.002933 0.0 0.0
светодиодными 0.002933 4.60517 0.013505
своей 0.002933 0.0 0.0
связи 0.002933 0.0 0.0
связь 0.002933 0.0 0.0
северной 0.002933 3.912023 0.011472
сегодня 0.002933 0.0 0.0
серверы 0.002933 0.0 0.0
сервисы 0.002933 0.0 0.0
сертификацию 0.002933 0.0 0.0
сети 0.002933 0.0 0.0
сиденья 0.002933 3.218876 0.00944
силовых 0.002933 3.912023 0.011472
скоро 0.002933 0.0 0.0
сложности 0.002933 0.0 0.0
снова 0.002933 0.0 0.0
собственные 0.002933 3.218876 0.00944
советский 0.002933 0.0 0.0
современный 0.002933 4.60517 0.013505
соглашаетесь 0.002933 0.0 0.0
сообщается 0.002933 3.506558 0.010283
спасти 0.002933 0.0 0.0
ср 0.002933 0.0 0.0
среда 0.002933 0.0 0.0
ссылки 0.002933 0.0 0.0
ссылкой 0.002933 3.912023 0.011472
стал 0.002933 0.0 0.0
станет 0.002933 1.714798 0.005029
стартуют 0.002933 0.0 0.0
статистика 0.002933 0.0 0.0
статьи 0.002933 0.0 0.0
стоимость 0.002933 0.0 0.0
сша 0.002933 0.0 0.0
тайконавты 0.002933 0.0 0.0
таких 0.002933 2.207275 0.006473
тв 0.002933 0.0 0.0
теги 0.002933 0.0 0.0
текст 0.002933 0.0 0.0
технический 0.002933 0.0 0.0
типами 0.002933 4.60517 0.013505
тонкими 0.002933 4.60517 0.013505
топ 0.002933 0.0 0.0
топовых 0.002933 3.912023 0.011472
торговых 0.002933 3.912023 0.011472
тремя 0.002933 3.218876 0.00944
тыс 0.002933 0.0 0.0
убрали 0.002933 0.0 0.0
укороченные 0.002933 4.60517 0.013505
упасть 0.002933 0.0 0.0
усиленные 0.002933 4.60517 0.013505
усиливает 0.002933 2.65926 0.007798
установок 0.002933 2.995732 0.008785
устройства 0.002933 0.0 0.0
ученым 0.002933 0.0 0.0
файлы 0.002933 0.0 0.0
фарами 0.002933 4.60517 0.013505
флагманского 0.002933 0.0 0.0
фото 0.002933 0.0 0.0
фотографиям 0.002933 4.60517 0.013505
фреймворк 0.002933 3.218876 0.00944
фундаментальные 0.002933 0.0 0.0
функции 0.002933 3.218876 0.00944
хитом 0.002933 0.0 0.0
цена 0.002933 1.714798 0.005029
цены 0.002933 0.0 0.0
части 0.002933 0.0 0.0
человека 0.002933 0.0 0.0
чинить 0.002933 3.218876 0.00944
чт 0.002933 0.0 0.0
экспорт 0.002933 0.0 0.0
электрической 0.002933 4.60517 0.013505
электрическую 0.002933 3.912023 0.011472
электродвигателей 0.002933 4.60517 0.013505
эмбрионы 0.002933 0.0 0.0
южной 0.002933 0.0 0.0
