авиалайнера 0.002899 0.0 0.0
австралии 0.002899 0.0 0.0
автоваз 0.002899 0.0 0.0
автоматизация 0.002899 3.506558 0.010164
автоматизировать 0.002899 4.60517 0.013348
автоматизирует 0.002899 4.60517 0.013348
автоматом 0.002899 0.0 0.0
автопроизводителя 0.002899 0.0 0.0
автор 0.002899 0.0 0.0
авторы 0.002899 0.0 0.0
администрацией 0.002899 0.0 0.0
адрес 0.002899 0.0 0.0
американские 0.002899 2.813411 0.008155
америке 0.002899 0.0 0.0
аналитики 0.002899 0.0 0.0
байрон 0.002899 4.60517 0.013348
белка 0.002899 0.0 0.0
биологические 0.002899 0.0 0.0
биологических 0.002899 0.0 0.0
ближнем 0.002899 0.0 0.0
блоги 0.002899 0.0 0.0
будут 0.002899 0.0 0.0
бума 0.002899 3.506558 0.010164
быстро 0.002899 0.0 0.0
важно 0.002899 2.120264 0.006146
венчурного 0.002899 4.60517 0.013348
весом 0.002899 0.0 0.0
видение 0.002899 3.912023 0.011339
видео 0.002899 0.0 0.0
видеокарты 0.002899 0.0 0.0
внедорожники 0.002899 0.0 0.0
возглавил 0.002899 2.813411 0.008155
войти 0.002899 0.0 0.0
востоке 0.002899 0.0 0.0
вс 0.002899 0.0 0.0
всему 0.002899 0.0 0.0
вт 0.002899 0.0 0.0
входят 0.002899 0.0 0.0
выделите 0.002899 0.0 0.0
выдерживает 0.002899 3.218876 0.00933
выросла 0.002899 4.60517 0.013348
выручка 0.002899 4.60517 0.013348
выходит 0.002899 0.0 0.0
генеральный 0.002899 2.995732 0.008683
гиперзвуковые 0.002899 2.995732 0.008683
главную 0.002899 0.0 0.0
глобального 0.002899 3.218876 0.00933
год 0.002899 0.0 0.0
года 0.002899 0.0 0.0
году 0.002899 1.272966 0.00369
данные 0.002899 0.0 0.0
данный 0.002899 0.0 0.0
данным 0.002899 1.89712 0.005499
данных 0.002899 0.0 0.0
двигатели 0.002899 0.0 0.0
двигатель 0.002899 0.0 0.0
двух 0.002899 0.0 0.0
дизайн 0.002899 0.0 0.0
директор 0.002899 0.0 0.0
долгосрочное 0.002899 4.60517 0.013348
долларов 0.002899 0.0 0.0
дом 0.002899 0.0 0.0
доставили 0.002899 0.0 0.0
достигает 0.002899 0.0 0.0
ещё 0.002899 1.89712 0.005499
её 0.002899 1.203973 0.00349
завершат 0.002899 0.0 0.0
загадка 0.002899 3.506558 0.010164
займёт 0.002899 3.912023 0.011339
закрытии 0.002899 4.60517 0.013348
заставляет 0.002899 2.813411 0.008155
защиты 0.002899 0.0 0.0
заявлению 0.002899 3.506558 0.010164
звезд 0.002899 2.813411 0.008155
звездных 0.002899 3.506558 0.010164
земле 0.002899 0.0 0.0
земли 0.002899 0.0 0.0
зонд 0.002899 0.0 0.0
зонда 0.002899 0.0 0.0
игры 0.002899 0.0 0.0
ии 0.002899 0.0 0.0
иллюстрация 0.002899 2.120264 0.006146
инвестиции 0.002899 4.60517 0.013348
инвестиций 0.002899 3.912023 0.011339
инвесторы 0.002899 4.60517 0.013348
инновационный 0.002899 0.0 0.0
инструментов 0.002899 3.506558 0.010164
интеллекта 0.002899 2.525729 0.007321
информации 0.002899 0.0 0.0
искусственного 0.002899 2.525729 0.007321
использования 0.002899 0.0 0.0
исследований 0.002899 0.0 0.0
источник 0.002899 0.0 0.0
календарь 0.002899 0.0 0.0
категории 0.002899 0.0 0.0
квартале 0.002899 3.218876 0.00933
кг 0.002899 0.0 0.0
километров 0.002899 0.0 0.0
классическим 0.002899 0.0 0.0
клон 0.002899 0.0 0.0
комментирования 0.002899 0.0 0.0
компании 0.002899 1.347074 0.003905
компания 0.002899 0.820981 0.00238
комфортный 0.002899 0.0 0.0
конференция 0.002899 0.0 0.0
корабля 0.002899 2.813411 0.008155
корее 0.002899 0.0 0.0
корпорации 0.002899 4.60517 0.013348
корпуса 0.002899 0.0 0.0
космического 0.002899 2.302585 0.006674
космопуховик 0.002899 3.506558 0.010164
космос 0.002899 0.0 0.0
космоса 0.002899 0.0 0.0
которая 0.002899 1.560648 0.004524
кроссовера 0.002899 0.0 0.0
кроссоверы 0.002899 0.0 0.0
кубических 0.002899 0.0 0.0
куки 0.002899 0.0 0.0
лет 0.002899 0.0 0.0
летать 0.002899 0.0 0.0
лету 0.002899 0.0 0.0
листа 0.002899 0.0 0.0
мае 0.002899 0.0 0.0
май 0.002899 0.0 0.0
макротрендам 0.002899 4.60517 0.013348
марка 0.002899 0.0 0.0
материалов 0.002899 0.0 0.0
машину 0.002899 0.0 0.0
мая 0.002899 0.0 0.0
межпланетный 0.002899 0.0 0.0
меняет 0.002899 0.0 0.0
методы 0.002899 2.813411 0.008155
метрового 0.002899 0.0 0.0
миллионов 0.002899 0.0 0.0
мире 0.002899 1.771957 0.005136
миру 0.002899 0.0 0.0
млечный 0.002899 3.218876 0.00933
млн 0.002899 1.108663 0.003214
млрд 0.002899 2.302585 0.006674
мобильные 0.002899 0.0 0.0
могут 0.002899 0.0 0.0
момент 0.002899 0.0 0.0
момента 0.002899 3.506558 0.010164
мониторы 0.002899 0.0 0.0
мотобрендов 0.002899 0.0 0.0
мотоциклов 0.002899 0.0 0.0
мс 0.002899 0.0 0.0
мультимедиа 0.002899 0.0 0.0
набирает 0.002899 4.60517 0.013348
нагрузки 0.002899 2.65926 0.007708
нажмите 0.002899 0.0 0.0
назвал 0.002899 0.0 0.0
названием 0.002899 0.0 0.0
нашей 0.002899 0.0 0.0
наши 0.002899 0.0 0.0
нашли 0.002899 0.0 0.0
неизвестно 0.002899 3.506558 0.010164
новости 0.002899 0.0 0.0
новые 0.002899 0.0 0.0
новый 0.002899 0.0 0.0
носители 0.002899 0.0 0.0
ноутбуки 0.002899 0.0 0.0
нужны 0.002899 0.0 0.0
обзоры 0.002899 0.0 0.0
обнаружили 0.002899 2.995732 0.008683
обработки 0.002899 0.0 0.0
образцы 0.002899 0.0 0.0
обшивку 0.002899 3.506558 0.010164
общего 0.002899 3.506558 0.010164
объявила 0.002899 2.995732 0.008683
объявлена 0.002899 0.0 0.0
объёма 0.002899 4.60517 0.013348
одноклассник 0.002899 0.0 0.0
орбите 0.002899 0.0 0.0
оркестрации 0.002899 4.60517 0.013348
оркестрация 0.002899 4.60517 0.013348
ос 0.002899 0.0 0.0
основания 0.002899 4.60517 0.013348
отдадут 0.002899 0.0 0.0
отечественного 0.002899 0.0 0.0
отказа 0.002899 0.0 0.0
отказались 0.002899 0.0 0.0
отключили 0.002899 0.0 0.0
отметил 0.002899 1.469676 0.00426
оценка 0.002899 4.60517 0.013348
очень 0.002899 0.0 0.0
ошибку 0.002899 0.0 0.0
первом 0.002899 2.525729 0.007321
переднего 0.002899 0.0 0.0
пересмотреть 0.002899 2.813411 0.008155
период 0.002899 0.0 0.0
периферия 0.002899 0.0 0.0
персональные 0.002899 0.0 0.0
персональных 0.002899 0.0 0.0
пиар 0.002899 0.0 0.0
пк 0.002899 0.0 0.0
планшеты 0.002899 0.0 0.0
платформа 0.002899 0.0 0.0
платформу 0.002899 3.912023 0.011339
платформы 0.002899 2.407946 0.00698
пн 0.002899 0.0 0.0
подвел 0.002899 0.0 0.0
поддерживают 0.002899 3.912023 0.011339
поднял 0.002899 0.0 0.0
подробнее 0.002899 0.0 0.0
позиции 0.002899 2.813411 0.008155
поиск 0.002899 0.0 0.0
поиска 0.002899 2.813411 0.008155
пока 0.002899 0.0 0.0
покидающих 0.002899 3.506558 0.010164
полезные 0.002899 0.0 0.0
политика 0.002899 0.0 0.0
политикой 0.002899 0.0 0.0
полноприводными 0.002899 0.0 0.0
получил 0.002899 1.514128 0.004389
полётов 0.002899 0.0 0.0
попробовать 0.002899 0.0 0.0
популярная 0.002899 0.0 0.0
популярность 0.002899 3.506558 0.010164
популярных 0.002899 0.0 0.0
посещать 0.002899 0.0 0.0
последний 0.002899 3.218876 0.00933
потеющую 0.002899 3.506558 0.010164
почему 0.002899 3.506558 0.010164
правила 0.002899 0.0 0.0
прайс 0.002899 0.0 0.0
представлен 0.002899 0.0 0.0
прибавка 0.002899 0.0 0.0
прибыльности 0.002899 4.60517 0.013348
привлёк 0.002899 3.218876 0.00933
привода 0.002899 0.0 0.0
принтеры 0.002899 0.0 0.0
причины 0.002899 0.0 0.0
пробизнес 0.002899 0.0 0.0
проведения 0.002899 0.0 0.0
программы 0.002899 0.0 0.0
продавать 0.002899 0.0 0.0
продажи 0.002899 0.0 0.0
продолжая 0.002899 0.0 0.0
проектов 0.002899 0.0 0.0
проекторы 0.002899 0.0 0.0
проекты 0.002899 0.0 0.0
происходит 0.002899 2.995732 0.008683
пролить 0.002899 0.0 0.0
процессы 0.002899 0.0 0.0
пт 0.002899 0.0 0.0
путь 0.002899 2.120264 0.006146
работу 0.002899 2.525729 0.007321
работы 0.002899 0.0 0.0
развития 0.002899 2.407946 0.00698
разными 0.002899 3.912023 0.011339
разрабатывающая 0.002899 3.912023 0.011339
разработали 0.002899 2.813411 0.008155
разработки 0.002899 2.65926 0.007708
раскрывается 0.002899 4.60517 0.013348
раунд 0.002899 3.506558 0.010164
раунда 0.002899 4.60517 0.013348
раунде 0.002899 3.506558 0.010164
реальных 0.002899 0.0 0.0
результаты 0.002899 0.0 0.0
реклама 0.002899 0.0 0.0
рекордные 0.002899 4.60517 0.013348
решает 0.002899 0.0 0.0
решений 0.002899 2.525729 0.007321
россии 0.002899 0.0 0.0
россияне 0.002899 0.0 0.0
роста 0.002899 2.525729 0.007321
рублей 0.002899 0.0 0.0
рынке 0.002899 2.995732 0.008683
рынок 0.002899 0.0 0.0
рыночному 0.002899 4.60517 0.013348
сайте 0.002899 0.0 0.0
сайты 0.002899 0.0 0.0
самая 0.002899 0.0 0.0
самолётах 0.002899 0.0 0.0
самых 0.002899 0.0 0.0
сантиметров 0.002899 0.0 0.0
сб 0.002899 0.0 0.0
сбора 0.002899 0.0 0.0
свет 0.002899 0.0 0.0
своей 0.002899 0.0 0.0
связи 0.002899 0.0 0.0
связь 0.002899 0.0 0.0
сегодня 0.002899 0.0 0.0
сектор 0.002899 3.912023 0.011339
семей 0.002899 2.995732 0.008683
серверы 0.002899 0.0 0.0
сервисы 0.002899 0.0 0.0
сертификацию 0.002899 0.0 0.0
сети 0.002899 0.0 0.0
системами 0.002899 2.813411 0.008155
скоро 0.002899 0.0 0.0
сложности 0.002899 0.0 0.0
снова 0.002899 0.0 0.0
советский 0.002899 0.0 0.0
соглашаетесь 0.002899 0.0 0.0
спасти 0.002899 0.0 0.0
спешат 0.002899 4.60517 0.013348
спроса 0.002899 3.506558 0.010164
спросу 0.002899 4.60517 0.013348
ср 0.002899 0.0 0.0
среда 0.002899 0.0 0.0
ссылки 0.002899 0.0 0.0
стал 0.002899 0.0 0.0
стартуют 0.002899 0.0 0.0
статистика 0.002899 0.0 0.0
статьи 0.002899 0.0 0.0
стоимость 0.002899 0.0 0.0
стремительного 0.002899 4.60517 0.013348
существующие 0.002899 2.813411 0.008155
сша 0.002899 0.0 0.0
тайконавты 0.002899 0.0 0.0
тв 0.002899 0.0 0.0
теги 0.002899 0.0 0.0
текст 0.002899 0.0 0.0
текущая 0.002899 3.506558 0.010164
технический 0.002899 0.0 0.0
технологии 0.002899 1.514128 0.004389
топ 0.002899 0.0 0.0
тыс 0.002899 0.0 0.0
убрали 0.002899 0.0 0.0
укрепив 0.002899 4.60517 0.013348
упасть 0.002899 0.0 0.0
устройства 0.002899 0.0 0.0
участвовали 0.002899 3.912023 0.011339
ученые 0.002899 1.89712 0.005499
ученым 0.002899 0.0 0.0
файлы 0.002899 0.0 0.0
финансирования 0.002899 3.912023 0.011339
флагманского 0.002899 0.0 0.0
фоне 0.002899 3.218876 0.00933
фото 0.002899 0.0 0.0
фундаментальные 0.002899 0.0 0.0
хаотично 0.002899 3.506558 0.010164
хитом 0.002899 0.0 0.0
цены 0.002899 0.0 0.0
части 0.002899 0.0 0.0
частью 0.002899 3.218876 0.00933
человека 0.002899 0.0 0.0
чт 0.002899 0.0 0.0
шесть 0.002899 2.995732 0.008683
экспорт 0.002899 0.0 0.0
эмбрионы 0.002899 0.0 0.0
энди 0.002899 3.912023 0.011339
южной 0.002899 0.0 0.0
