авиалайнера 0.003165 0.0 0.0
австралии 0.003165 0.0 0.0
авто 0.003165 0.0 0.0
автоваз 0.003165 0.0 0.0
автоматом 0.003165 0.0 0.0
автомобили 0.003165 1.966113 0.006222
автопарк 0.003165 4.60517 0.014573
автопроизводителя 0.003165 0.0 0.0
автор 0.003165 0.0 0.0
авторы 0.003165 0.0 0.0
администрацией 0.003165 0.0 0.0
адрес 0.003165 0.0 0.0
америке 0.003165 0.0 0.0
аналитики 0.003165 0.0 0.0
базовых 0.003165 3.506558 0.011097
белка 0.003165 0.0 0.0
бензиновые 0.003165 3.506558 0.011097
биологические 0.003165 0.0 0.0
биологических 0.003165 0.0 0.0
ближнем 0.003165 0.0 0.0
блоги 0.003165 0.0 0.0
брутальным 0.003165 4.60517 0.014573
будут 0.003165 0.0 0.0
быстро 0.003165 0.0 0.0
ведомство 0.003165 4.60517 0.014573
версии 0.003165 1.714798 0.005427
весом 0.003165 0.0 0.0
видео 0.003165 0.0 0.0
видеокарты 0.003165 0.0 0.0
включает 0.003165 2.525729 0.007993
внедорожники 0.003165 0.0 0.0
возглавил 0.003165 2.813411 0.008903
возглавили 0.003165 3.218876 0.010186
войти 0.003165 0.0 0.0
востоке 0.003165 0.0 0.0
вс 0.003165 0.0 0.0
всему 0.003165 0.0 0.0
вт 0.003165 0.0 0.0
втором 0.003165 2.813411 0.008903
входят 0.003165 0.0 0.0
выбор 0.003165 2.995732 0.00948
выбором 0.003165 4.60517 0.014573
выделите 0.003165 0.0 0.0
высокопроизводительных 0.003165 3.506558 0.011097
выходит 0.003165 0.0 0.0
генпрокуратура 0.003165 3.506558 0.011097
генпрокуратуры 0.003165 4.60517 0.014573
гибдд 0.003165 4.60517 0.014573
главную 0.003165 0.0 0.0
года 0.003165 0.0 0.0
годов 0.003165 2.813411 0.008903
госструктур 0.003165 4.60517 0.014573
данные 0.003165 0.0 0.0
данный 0.003165 0.0 0.0
данных 0.003165 0.0 0.0
двигатели 0.003165 0.0 0.0
двигатель 0.003165 0.0 0.0
двух 0.003165 0.0 0.0
двухзонный 0.003165 4.60517 0.014573
двухуровневой 0.003165 4.60517 0.014573
дизайн 0.003165 0.0 0.0
дизайном 0.003165 4.60517 0.014573
директор 0.003165 0.0 0.0
дисплей 0.003165 3.912023 0.01238
долларов 0.003165 0.0 0.0
дом 0.003165 0.0 0.0
доставили 0.003165 0.0 0.0
достигает 0.003165 0.0 0.0
дюймовый 0.003165 4.60517 0.014573
завершат 0.003165 0.0 0.0
зависимости 0.003165 3.506558 0.011097
закупает 0.003165 4.60517 0.014573
закупая 0.003165 4.60517 0.014573
заменяют 0.003165 4.60517 0.014573
защиты 0.003165 0.0 0.0
земле 0.003165 0.0 0.0
земли 0.003165 0.0 0.0
зонд 0.003165 0.0 0.0
зонда 0.003165 0.0 0.0
игры 0.003165 0.0 0.0
импорту 0.003165 3.506558 0.011097
инновационный 0.003165 0.0 0.0
иномарок 0.003165 4.60517 0.014573
информации 0.003165 0.0 0.0
использования 0.003165 0.0 0.0
исследований 0.003165 0.0 0.0
источник 0.003165 0.0 0.0
календарь 0.003165 0.0 0.0
камерофон 0.003165 3.506558 0.011097
категории 0.003165 0.0 0.0
кг 0.003165 0.0 0.0
километров 0.003165 0.0 0.0
классическим 0.003165 0.0 0.0
климат 0.003165 2.995732 0.00948
клон 0.003165 0.0 0.0
комментирования 0.003165 0.0 0.0
комплектациях 0.003165 3.912023 0.01238
комфортный 0.003165 0.0 0.0
контроль 0.003165 2.813411 0.008903
конференция 0.003165 0.0 0.0
корее 0.003165 0.0 0.0
корпуса 0.003165 0.0 0.0
космос 0.003165 0.0 0.0
космоса 0.003165 0.0 0.0
кроссовера 0.003165 0.0 0.0
кроссоверы 0.003165 0.0 0.0
крутой 0.003165 3.506558 0.011097
кубических 0.003165 0.0 0.0
куки 0.003165 0.0 0.0
летать 0.003165 0.0 0.0
лету 0.003165 0.0 0.0
лидирующий 0.003165 4.60517 0.014573
листа 0.003165 0.0 0.0
литровым 0.003165 3.218876 0.010186
мае 0.003165 0.0 0.0
май 0.003165 0.0 0.0
марка 0.003165 0.0 0.0
материалов 0.003165 0.0 0.0
машина 0.003165 2.813411 0.008903
машину 0.003165 0.0 0.0
машины 0.003165 1.771957 0.005607
мая 0.003165 0.0 0.0
межпланетный 0.003165 0.0 0.0
меняет 0.003165 0.0 0.0
местах 0.003165 3.506558 0.011097
метрового 0.003165 0.0 0.0
миллионов 0.003165 0.0 0.0
миру 0.003165 0.0 0.0
млн 0.003165 1.108663 0.003508
мобильные 0.003165 0.0 0.0
могут 0.003165 0.0 0.0
момент 0.003165 0.0 0.0
мониторы 0.003165 0.0 0.0
москвич 0.003165 4.60517 0.014573
москвы 0.003165 4.60517 0.014573
мотобрендов 0.003165 0.0 0.0
мотоциклов 0.003165 0.0 0.0
мощностью 0.003165 1.832581 0.005799
мощный 0.003165 2.995732 0.00948
мс 0.003165 0.0 0.0
мультимедиа 0.003165 0.0 0.0
нажмите 0.003165 0.0 0.0
назвал 0.003165 0.0 0.0
названием 0.003165 0.0 0.0
названы 0.003165 3.506558 0.011097
нашей 0.003165 0.0 0.0
наши 0.003165 0.0 0.0
нашли 0.003165 0.0 0.0
неожиданный 0.003165 4.60517 0.014573
неожиданным 0.003165 3.912023 0.01238
новости 0.003165 0.0 0.0
новые 0.003165 0.0 0.0
новый 0.003165 0.0 0.0
носители 0.003165 0.0 0.0
ноутбуки 0.003165 0.0 0.0
нужны 0.003165 0.0 0.0
обзоры 0.003165 0.0 0.0
обновляет 0.003165 3.912023 0.01238
обогрев 0.003165 4.60517 0.014573
обработки 0.003165 0.0 0.0
образцы 0.003165 0.0 0.0
объявлена 0.003165 0.0 0.0
одноклассник 0.003165 0.0 0.0
оптикой 0.003165 4.60517 0.014573
орбите 0.003165 0.0 0.0
ос 0.003165 0.0 0.0
оснащен 0.003165 2.120264 0.00671
особенно 0.003165 1.609438 0.005093
отдадут 0.003165 0.0 0.0
отечественного 0.003165 0.0 0.0
отказа 0.003165 0.0 0.0
отказались 0.003165 0.0 0.0
отключили 0.003165 0.0 0.0
отличается 0.003165 4.60517 0.014573
очень 0.003165 0.0 0.0
ошибку 0.003165 0.0 0.0
параллельному 0.003165 3.506558 0.011097
переднего 0.003165 0.0 0.0
передним 0.003165 3.218876 0.010186
пересаживается 0.003165 3.506558 0.011097
период 0.003165 0.0 0.0
периферия 0.003165 0.0 0.0
персональные 0.003165 0.0 0.0
персональных 0.003165 0.0 0.0
пиар 0.003165 0.0 0.0
пк 0.003165 0.0 0.0
планшеты 0.003165 0.0 0.0
платформа 0.003165 0.0 0.0
пн 0.003165 0.0 0.0
подвел 0.003165 0.0 0.0
поднял 0.003165 0.0 0.0
подробнее 0.003165 0.0 0.0
поиск 0.003165 0.0 0.0
пока 0.003165 0.0 0.0
полезные 0.003165 0.0 0.0
политика 0.003165 0.0 0.0
политикой 0.003165 0.0 0.0
полноприводными 0.003165 0.0 0.0
полётов 0.003165 0.0 0.0
попали 0.003165 3.506558 0.011097
попробовать 0.003165 0.0 0.0
популярная 0.003165 0.0 0.0
популярны 0.003165 0.0 0.0
популярные 0.003165 2.813411 0.008903
популярных 0.003165 0.0 0.0
посещать 0.003165 0.0 0.0
постепенно 0.003165 3.506558 0.011097
правила 0.003165 0.0 0.0
прайс 0.003165 0.0 0.0
представлен 0.003165 0.0 0.0
преимущественно 0.003165 4.60517 0.014573
прибавка 0.003165 0.0 0.0
привода 0.003165 0.0 0.0
приводом 0.003165 2.525729 0.007993
принтеры 0.003165 0.0 0.0
причины 0.003165 0.0 0.0
пробизнес 0.003165 0.0 0.0
проведения 0.003165 0.0 0.0
программы 0.003165 0.0 0.0
продавать 0.003165 0.0 0.0
продажи 0.003165 0.0 0.0
продолжая 0.003165 0.0 0.0
проектов 0.003165 0.0 0.0
проекторы 0.003165 0.0 0.0
проекты 0.003165 0.0 0.0
пролить 0.003165 0.0 0.0
процессы 0.003165 0.0 0.0
пт 0.003165 0.0 0.0
работы 0.003165 0.0 0.0
радиатора 0.003165 3.506558 0.011097
реальных 0.003165 0.0 0.0
результаты 0.003165 0.0 0.0
рейтинг 0.003165 2.995732 0.00948
реклама 0.003165 0.0 0.0
решает 0.003165 0.0 0.0
решеткой 0.003165 4.60517 0.014573
россии 0.003165 0.0 0.0
российский 0.003165 3.218876 0.010186
российской 0.003165 3.506558 0.011097
россия 0.003165 0.0 0.0
россияне 0.003165 0.0 0.0
рублей 0.003165 0.0 0.0
рф 0.003165 2.120264 0.00671
рынок 0.003165 0.0 0.0
сайте 0.003165 0.0 0.0
сайты 0.003165 0.0 0.0
самая 0.003165 0.0 0.0
самолётах 0.003165 0.0 0.0
самые 0.003165 2.995732 0.00948
самый 0.003165 2.813411 0.008903
самых 0.003165 0.0 0.0
сантиметров 0.003165 0.0 0.0
сб 0.003165 0.0 0.0
сбора 0.003165 0.0 0.0
сборки 0.003165 2.813411 0.008903
свет 0.003165 0.0 0.0
светодиодной 0.003165 4.60517 0.014573
своей 0.003165 0.0 0.0
связи 0.003165 0.0 0.0
связь 0.003165 0.0 0.0
сегодня 0.003165 0.0 0.0
серверы 0.003165 0.0 0.0
сервисы 0.003165 0.0 0.0
сертификацию 0.003165 0.0 0.0
сети 0.003165 0.0 0.0
сидений 0.003165 4.60517 0.014573
скидок 0.003165 4.60517 0.014573
скоро 0.003165 0.0 0.0
сложности 0.003165 0.0 0.0
смартфонов 0.003165 3.218876 0.010186
снова 0.003165 0.0 0.0
советский 0.003165 0.0 0.0
соглашаетесь 0.003165 0.0 0.0
сообщается 0.003165 3.506558 0.011097
спасти 0.003165 0.0 0.0
ср 0.003165 0.0 0.0
среда 0.003165 0.0 0.0
ссылки 0.003165 0.0 0.0
стал 0.003165 0.0 0.0
стартуют 0.003165 0.0 0.0
статистика 0.003165 0.0 0.0
статьи 0.003165 0.0 0.0
стоимость 0.003165 0.0 0.0
стоимостью 0.003165 3.506558 0.011097
сша 0.003165 0.0 0.0
тайконавты 0.003165 0.0 0.0
тв 0.003165 0.0 0.0
теги 0.003165 0.0 0.0
текст 0.003165 0.0 0.0
технический 0.003165 0.0 0.0
топ 0.003165 0.0 0.0
третьем 0.003165 3.218876 0.010186
тульской 0.003165 4.60517 0.014573
турбомотором 0.003165 3.506558 0.011097
тыс 0.003165 0.0 0.0
убрали 0.003165 0.0 0.0
упасть 0.003165 0.0 0.0
устаревшие 0.003165 3.912023 0.01238
устройства 0.003165 0.0 0.0
ученым 0.003165 0.0 0.0
учетом 0.003165 3.912023 0.01238
файлы 0.003165 0.0 0.0
флагман 0.003165 0.0 0.0
флагманского 0.003165 0.0 0.0
фото 0.003165 0.0 0.0
фундаментальные 0.003165 0.0 0.0
хитом 0.003165 0.0 0.0
цены 0.003165 0.0 0.0
чарт 0.003165 3.506558 0.011097
части 0.003165 0.0 0.0
человека 0.003165 0.0 0.0
чт 0.003165 0.0 0.0
экспорт 0.003165 0.0 0.0
электрические 0.003165 3.218876 0.010186
эмбрионы 0.003165 0.0 0.0
южной 0.003165 0.0 0.0
