авиалайнера 0.001931 0.0 0.0
австралии 0.001931 0.0 0.0
автоваз 0.001931 0.0 0.0
автоматом 0.001931 0.0 0.0
автономных 0.001931 2.813411 0.005431
автопроизводителя 0.001931 0.0 0.0
автор 0.001931 0.0 0.0
авторы 0.001931 0.0 0.0
администрацией 0.001931 0.0 0.0
адрес 0.001931 0.0 0.0
активирующихся 0.001931 4.60517 0.00889
активная 0.001931 4.60517 0.00889
активно 0.001931 2.407946 0.004649
алгоритмы 0.001931 3.218876 0.006214
амбиций 0.001931 4.60517 0.00889
америке 0.001931 0.0 0.0
анализ 0.001931 1.966113 0.003796
аналитики 0.001931 0.0 0.0
аппаратов 0.001931 2.525729 0.004876
астероидов 0.001931 3.506558 0.006769
батареи 0.001931 3.506558 0.006769
белка 0.001931 0.0 0.0
беспокойство 0.001931 4.60517 0.00889
биологические 0.001931 0.0 0.0
биологических 0.001931 0.0 0.0
ближайшие 0.001931 2.813411 0.005431
ближнем 0.001931 0.0 0.0
блоги 0.001931 0.0 0.0
блокировок 0.001931 4.60517 0.00889
болты 0.001931 4.60517 0.00889
большинством 0.001931 4.60517 0.00889
будут 0.001931 0.0 0.0
будущее 0.001931 3.218876 0.006214
быстро 0.001931 0.0 0.0
верхних 0.001931 4.60517 0.00889
весом 0.001931 0.0 0.0
взрыв 0.001931 2.995732 0.005783
видео 0.001931 0.0 0.0
видеокарты 0.001931 0.0 0.0
внедорожники 0.001931 0.0 0.0
внедрении 0.001931 3.912023 0.007552
внедрения 0.001931 3.506558 0.006769
войти 0.001931 0.0 0.0
вопрос 0.001931 1.660731 0.003206
востоке 0.001931 0.0 0.0
вс 0.001931 0.0 0.0
всему 0.001931 0.0 0.0
вт 0.001931 0.0 0.0
вторичного 0.001931 4.60517 0.00889
входят 0.001931 0.0 0.0
вывода 0.001931 3.506558 0.006769
выделите 0.001931 0.0 0.0
вызванные 0.001931 4.60517 0.00889
вызывает 0.001931 3.912023 0.007552
выполнила 0.001931 4.60517 0.00889
вырастут 0.001931 4.60517 0.00889
высокорисковых 0.001931 4.60517 0.00889
выступают 0.001931 4.60517 0.00889
выходит 0.001931 0.0 0.0
выше 0.001931 1.609438 0.003107
главную 0.001931 0.0 0.0
глобальные 0.001931 3.912023 0.007552
глубокой 0.001931 4.60517 0.00889
года 0.001931 0.0 0.0
году 0.001931 1.272966 0.002457
годы 0.001931 2.407946 0.004649
гранатой 0.001931 4.60517 0.00889
данные 0.001931 0.0 0.0
данный 0.001931 0.0 0.0
данными 0.001931 3.218876 0.006214
данных 0.001931 0.0 0.0
двигателей 0.001931 2.525729 0.004876
двигатели 0.001931 0.0 0.0
двигатель 0.001931 0.0 0.0
двух 0.001931 0.0 0.0
действий 0.001931 2.813411 0.005431
демонстрационные 0.001931 4.60517 0.00889
деорбитации 0.001931 4.60517 0.00889
деорбитация 0.001931 4.60517 0.00889
десятки 0.001931 3.912023 0.007552
дизайн 0.001931 0.0 0.0
динамике 0.001931 4.60517 0.00889
директор 0.001931 0.0 0.0
долгоживущее 0.001931 4.60517 0.00889
доли 0.001931 3.912023 0.007552
долларов 0.001931 0.0 0.0
дом 0.001931 0.0 0.0
доставили 0.001931 0.0 0.0
достигает 0.001931 0.0 0.0
единых 0.001931 4.60517 0.00889
ежесуточно 0.001931 4.60517 0.00889
естественным 0.001931 3.506558 0.006769
ещё 0.001931 1.89712 0.003662
её 0.001931 1.203973 0.002324
завершат 0.001931 0.0 0.0
завершения 0.001931 3.506558 0.006769
зависит 0.001931 2.995732 0.005783
заказчиками 0.001931 4.60517 0.00889
заменят 0.001931 3.912023 0.007552
запуски 0.001931 2.995732 0.005783
запусков 0.001931 3.218876 0.006214
затрат 0.001931 2.65926 0.005134
защитные 0.001931 3.912023 0.007552
защиты 0.001931 0.0 0.0
земле 0.001931 0.0 0.0
земли 0.001931 0.0 0.0
землёй 0.001931 3.912023 0.007552
зонд 0.001931 0.0 0.0
зонда 0.001931 0.0 0.0
игры 0.001931 0.0 0.0
иллюстрация 0.001931 2.120264 0.004093
инновационный 0.001931 0.0 0.0
интерфейса 0.001931 3.218876 0.006214
информации 0.001931 0.0 0.0
инфраструктура 0.001931 4.60517 0.00889
инцидент 0.001931 2.995732 0.005783
ионной 0.001931 2.995732 0.005783
использования 0.001931 0.0 0.0
исследований 0.001931 0.0 0.0
исследователей 0.001931 3.912023 0.007552
исследовательской 0.001931 3.506558 0.006769
источник 0.001931 0.0 0.0
источников 0.001931 3.912023 0.007552
календарь 0.001931 0.0 0.0
категории 0.001931 0.0 0.0
качестве 0.001931 2.813411 0.005431
кг 0.001931 0.0 0.0
километров 0.001931 0.0 0.0
китай 0.001931 1.171183 0.002261
китайские 0.001931 2.525729 0.004876
клапанов 0.001931 4.60517 0.00889
классическим 0.001931 0.0 0.0
клон 0.001931 0.0 0.0
км 0.001931 1.309333 0.002528
комментирования 0.001931 0.0 0.0
коммерческие 0.001931 2.995732 0.005783
коммерческих 0.001931 2.995732 0.005783
компьютер 0.001931 2.207275 0.004261
комфортный 0.001931 0.0 0.0
конференция 0.001931 0.0 0.0
концепций 0.001931 4.60517 0.00889
координации 0.001931 3.912023 0.007552
корее 0.001931 0.0 0.0
корпуса 0.001931 0.0 0.0
космические 0.001931 2.207275 0.004261
космический 0.001931 2.302585 0.004445
космическим 0.001931 2.995732 0.005783
космос 0.001931 0.0 0.0
космоса 0.001931 0.0 0.0
которой 0.001931 2.65926 0.005134
которые 0.001931 1.309333 0.002528
критической 0.001931 4.60517 0.00889
кроссовера 0.001931 0.0 0.0
кроссоверы 0.001931 0.0 0.0
кубических 0.001931 0.0 0.0
куки 0.001931 0.0 0.0
купол 0.001931 4.60517 0.00889
лет 0.001931 0.0 0.0
летать 0.001931 0.0 0.0
лету 0.001931 0.0 0.0
листа 0.001931 0.0 0.0
литий 0.001931 3.912023 0.007552
ловушку 0.001931 4.60517 0.00889
люки 0.001931 4.60517 0.00889
магнитной 0.001931 4.60517 0.00889
мае 0.001931 0.0 0.0
май 0.001931 0.0 0.0
манипуляторов 0.001931 4.60517 0.00889
манёвров 0.001931 4.60517 0.00889
марка 0.001931 0.0 0.0
массой 0.001931 3.506558 0.006769
масштабирования 0.001931 4.60517 0.00889
материалов 0.001931 0.0 0.0
машину 0.001931 0.0 0.0
маю 0.001931 3.218876 0.006214
мая 0.001931 0.0 0.0
мегагруппировки 0.001931 3.506558 0.006769
межпланетный 0.001931 0.0 0.0
менее 0.001931 2.207275 0.004261
меняет 0.001931 0.0 0.0
меры 0.001931 2.65926 0.005134
метрового 0.001931 0.0 0.0
миллиметра 0.001931 4.60517 0.00889
миллионов 0.001931 0.0 0.0
минимизация 0.001931 4.60517 0.00889
миру 0.001931 0.0 0.0
миссии 0.001931 1.514128 0.002923
миссий 0.001931 2.407946 0.004649
мишенями 0.001931 4.60517 0.00889
мкс 0.001931 2.813411 0.005431
мобильные 0.001931 0.0 0.0
могла 0.001931 2.995732 0.005783
могут 0.001931 0.0 0.0
модель 0.001931 1.469676 0.002837
модуля 0.001931 3.912023 0.007552
мозг 0.001931 2.813411 0.005431
момент 0.001931 0.0 0.0
мониторинга 0.001931 4.60517 0.00889
мониторы 0.001931 0.0 0.0
мотобрендов 0.001931 0.0 0.0
мотоциклов 0.001931 0.0 0.0
мс 0.001931 0.0 0.0
мультимедиа 0.001931 0.0 0.0
мусор 0.001931 2.813411 0.005431
мусора 0.001931 3.218876 0.006214
мусором 0.001931 3.912023 0.007552
нажмите 0.001931 0.0 0.0
назвал 0.001931 0.0 0.0
названием 0.001931 0.0 0.0
накопление 0.001931 4.60517 0.00889
населения 0.001931 4.60517 0.00889
настаивают 0.001931 4.60517 0.00889
начнут 0.001931 2.995732 0.005783
нашей 0.001931 0.0 0.0
наши 0.001931 0.0 0.0
нашли 0.001931 0.0 0.0
недостаточно 0.001931 3.506558 0.006769
неконтролируемые 0.001931 4.60517 0.00889
необходимы 0.001931 3.912023 0.007552
нерабочих 0.001931 4.60517 0.00889
низкая 0.001931 3.912023 0.007552
новости 0.001931 0.0 0.0
новые 0.001931 0.0 0.0
новый 0.001931 0.0 0.0
новым 0.001931 1.714798 0.00331
новых 0.001931 1.771957 0.003421
норм 0.001931 2.65926 0.005134
носители 0.001931 0.0 0.0
ноутбуки 0.001931 0.0 0.0
нужны 0.001931 0.0 0.0
обезвреживание 0.001931 4.60517 0.00889
обзоры 0.001931 0.0 0.0
обладает 0.001931 3.506558 0.006769
обломками 0.001931 4.60517 0.00889
обломков 0.001931 3.912023 0.007552
обмен 0.001931 3.506558 0.006769
обнаруживаются 0.001931 4.60517 0.00889
обработки 0.001931 0.0 0.0
образцы 0.001931 0.0 0.0
объектов 0.001931 2.813411 0.005431
объекты 0.001931 3.506558 0.006769
объявлена 0.001931 0.0 0.0
одним 0.001931 2.525729 0.004876
одной 0.001931 1.832581 0.003538
одноклассник 0.001931 0.0 0.0
оказалась 0.001931 3.912023 0.007552
околоземная 0.001931 3.912023 0.007552
опасность 0.001931 2.407946 0.004649
операторов 0.001931 4.60517 0.00889
оптических 0.001931 4.60517 0.00889
орбита 0.001931 2.65926 0.005134
орбитальная 0.001931 4.60517 0.00889
орбитальной 0.001931 3.506558 0.006769
орбитах 0.001931 4.60517 0.00889
орбите 0.001931 0.0 0.0
орбиты 0.001931 2.65926 0.005134
ос 0.001931 0.0 0.0
освоения 0.001931 4.60517 0.00889
осколок 0.001931 2.813411 0.005431
основную 0.001931 4.60517 0.00889
особенно 0.001931 1.609438 0.003107
особое 0.001931 4.60517 0.00889
особую 0.001931 3.912023 0.007552
оставила 0.001931 2.813411 0.005431
оставленные 0.001931 4.60517 0.00889
останутся 0.001931 3.506558 0.006769
остаются 0.001931 2.813411 0.005431
осязанием 0.001931 3.506558 0.006769
отдадут 0.001931 0.0 0.0
отечественного 0.001931 0.0 0.0
отказа 0.001931 0.0 0.0
отказались 0.001931 0.0 0.0
отказами 0.001931 4.60517 0.00889
отключили 0.001931 0.0 0.0
открытый 0.001931 2.813411 0.005431
очень 0.001931 0.0 0.0
очистка 0.001931 4.60517 0.00889
очистки 0.001931 4.60517 0.00889
ошибку 0.001931 0.0 0.0
парализованных 0.001931 3.506558 0.006769
пассивацию 0.001931 4.60517 0.00889
пассивация 0.001931 4.60517 0.00889
переднего 0.001931 0.0 0.0
перекрёстке 0.001931 4.60517 0.00889
пересмотра 0.001931 4.60517 0.00889
переходит 0.001931 3.912023 0.007552
период 0.001931 0.0 0.0
периферия 0.001931 0.0 0.0
персональные 0.001931 0.0 0.0
персональных 0.001931 0.0 0.0
перспективы 0.001931 3.506558 0.006769
пиар 0.001931 0.0 0.0
пилотируемых 0.001931 3.912023 0.007552
пк 0.001931 0.0 0.0
планета 0.001931 2.995732 0.005783
планового 0.001931 4.60517 0.00889
планшеты 0.001931 0.0 0.0
платформа 0.001931 0.0 0.0
платформы 0.001931 2.407946 0.004649
пн 0.001931 0.0 0.0
подвел 0.001931 0.0 0.0
поднял 0.001931 0.0 0.0
подробнее 0.001931 0.0 0.0
подходов 0.001931 4.60517 0.00889
поиск 0.001931 0.0 0.0
пока 0.001931 0.0 0.0
показывает 0.001931 3.506558 0.006769
поколений 0.001931 4.60517 0.00889
покрывая 0.001931 4.60517 0.00889
покрытие 0.001931 4.60517 0.00889
поле 0.001931 0.0 0.0
полезные 0.001931 0.0 0.0
политика 0.001931 0.0 0.0
политикой 0.001931 0.0 0.0
полная 0.001931 3.506558 0.006769
полноприводными 0.001931 0.0 0.0
полярных 0.001931 4.60517 0.00889
полётов 0.001931 0.0 0.0
полёты 0.001931 2.525729 0.004876
попробовать 0.001931 0.0 0.0
популярная 0.001931 0.0 0.0
популярных 0.001931 0.0 0.0
посещать 0.001931 0.0 0.0
последние 0.001931 3.506558 0.006769
постепенно 0.001931 3.506558 0.006769
потере 0.001931 3.506558 0.006769
правила 0.001931 0.0 0.0
прайс 0.001931 0.0 0.0
практику 0.001931 4.60517 0.00889
превратиться 0.001931 4.60517 0.00889
предложило 0.001931 4.60517 0.00889
предотвращающих 0.001931 4.60517 0.00889
предписывает 0.001931 4.60517 0.00889
представлен 0.001931 0.0 0.0
представляют 0.001931 3.912023 0.007552
прибавка 0.001931 0.0 0.0
приблизились 0.001931 3.506558 0.006769
привода 0.001931 0.0 0.0
пример 0.001931 1.660731 0.003206
принтеры 0.001931 0.0 0.0
приняты 0.001931 4.60517 0.00889
природу 0.001931 3.218876 0.006214
причины 0.001931 0.0 0.0
пробизнес 0.001931 0.0 0.0
проблему 0.001931 3.218876 0.006214
проведения 0.001931 0.0 0.0
провоцировать 0.001931 4.60517 0.00889
программ 0.001931 0.0 0.0
программных 0.001931 4.60517 0.00889
программы 0.001931 0.0 0.0
продавать 0.001931 0.0 0.0
продажи 0.001931 0.0 0.0
продолжает 0.001931 2.407946 0.004649
продолжая 0.001931 0.0 0.0
проектированию 0.001931 3.912023 0.007552
проектирования 0.001931 3.912023 0.007552
проектов 0.001931 0.0 0.0
проекторы 0.001931 0.0 0.0
проекты 0.001931 0.0 0.0
пролить 0.001931 0.0 0.0
процессы 0.001931 0.0 0.0
пт 0.001931 0.0 0.0
пять 0.001931 2.995732 0.005783
работу 0.001931 2.525729 0.004876
работы 0.001931 0.0 0.0
радаров 0.001931 4.60517 0.00889
развивают 0.001931 4.60517 0.00889
развёртывания 0.001931 3.506558 0.006769
развёртывающий 0.001931 4.60517 0.00889
размером 0.001931 3.218876 0.006214
разрозненными 0.001931 4.60517 0.00889
разрушения 0.001931 4.60517 0.00889
разы 0.001931 3.912023 0.007552
реальных 0.001931 0.0 0.0
результаты 0.001931 0.0 0.0
реклама 0.001931 0.0 0.0
решает 0.001931 0.0 0.0
решений 0.001931 2.525729 0.004876
риски 0.001931 3.218876 0.006214
рисков 0.001931 2.995732 0.005783
роботизированных 0.001931 4.60517 0.00889
россии 0.001931 0.0 0.0
россияне 0.001931 0.0 0.0
рост 0.001931 0.755023 0.001458
рублей 0.001931 0.0 0.0
ручной 0.001931 4.60517 0.00889
рынок 0.001931 0.0 0.0
сайте 0.001931 0.0 0.0
сайты 0.001931 0.0 0.0
самая 0.001931 0.0 0.0
самолётах 0.001931 0.0 0.0
самых 0.001931 0.0 0.0
сантиметров 0.001931 0.0 0.0
сантиметровый 0.001931 4.60517 0.00889
сб 0.001931 0.0 0.0
сближений 0.001931 4.60517 0.00889
сбора 0.001931 0.0 0.0
сброса 0.001931 4.60517 0.00889
свет 0.001931 0.0 0.0
своей 0.001931 0.0 0.0
связаны 0.001931 3.912023 0.007552
связи 0.001931 0.0 0.0
связь 0.001931 0.0 0.0
сегодня 0.001931 0.0 0.0
серверы 0.001931 0.0 0.0
сервисы 0.001931 0.0 0.0
сертификацию 0.001931 0.0 0.0
сетей 0.001931 2.525729 0.004876
сети 0.001931 0.0 0.0
силы 0.001931 4.60517 0.00889
систем 0.001931 0.653926 0.001262
ситуация 0.001931 3.218876 0.006214
скол 0.001931 1.514128 0.002923
скоро 0.001931 0.0 0.0
скорости 0.001931 2.813411 0.005431
следующих 0.001931 3.506558 0.006769
сложности 0.001931 0.0 0.0
сложность 0.001931 3.506558 0.006769
см 0.001931 0.0 0.0
смену 0.001931 2.995732 0.005783
снижения 0.001931 3.912023 0.007552
снова 0.001931 0.0 0.0
советский 0.001931 0.0 0.0
совместных 0.001931 4.60517 0.00889
соглашаетесь 0.001931 0.0 0.0
создал 0.001931 2.120264 0.004093
созданию 0.001931 2.525729 0.004876
созданная 0.001931 4.60517 0.00889
сократить 0.001931 2.65926 0.005134
сопоставимой 0.001931 4.60517 0.00889
спасти 0.001931 0.0 0.0
спутники 0.001931 2.995732 0.005783
спутников 0.001931 2.65926 0.005134
ср 0.001931 0.0 0.0
среда 0.001931 0.0 0.0
срок 0.001931 2.207275 0.004261
ссылки 0.001931 0.0 0.0
ста 0.001931 0.0 0.0
ставят 0.001931 2.813411 0.005431
стал 0.001931 0.0 0.0
стали 0.001931 2.65926 0.005134
сталкивается 0.001931 4.60517 0.00889
стандарт 0.001931 1.832581 0.003538
стандартов 0.001931 3.218876 0.006214
стандарты 0.001931 3.506558 0.006769
станции 0.001931 2.813411 0.005431
станций 0.001931 3.218876 0.006214
станциям 0.001931 3.506558 0.006769
стартуют 0.001931 0.0 0.0
статистика 0.001931 0.0 0.0
стать 0.001931 0.0 0.0
статьи 0.001931 0.0 0.0
стекле 0.001931 3.912023 0.007552
стоимость 0.001931 0.0 0.0
столкновений 0.001931 4.60517 0.00889
столкновения 0.001931 3.218876 0.006214
стороны 0.001931 2.525729 0.004876
стремительный 0.001931 4.60517 0.00889
структурной 0.001931 4.60517 0.00889
ступеней 0.001931 3.506558 0.006769
ступени 0.001931 2.813411 0.005431
стыковки 0.001931 4.60517 0.00889
сша 0.001931 0.0 0.0
тайконавты 0.001931 0.0 0.0
тв 0.001931 0.0 0.0
теги 0.001931 0.0 0.0
текст 0.001931 0.0 0.0
технический 0.001931 0.0 0.0
технологий 0.001931 1.771957 0.003421
топ 0.001931 0.0 0.0
топлива 0.001931 2.65926 0.005134
требует 0.001931 2.302585 0.004445
требуют 0.001931 2.65926 0.005134
триангуляции 0.001931 4.60517 0.00889
тротила 0.001931 4.60517 0.00889
тыс 0.001931 0.0 0.0
убрали 0.001931 0.0 0.0
увеличения 0.001931 3.506558 0.006769
угрожает 0.001931 3.506558 0.006769
угрозой 0.001931 2.65926 0.005134
удаления 0.001931 4.60517 0.00889
ужесточения 0.001931 4.60517 0.00889
уклонения 0.001931 3.912023 0.007552
улучшения 0.001931 3.218876 0.006214
упасть 0.001931 0.0 0.0
усилия 0.001931 4.60517 0.00889
услуга 0.001931 4.60517 0.00889
усталостью 0.001931 4.60517 0.00889
устройства 0.001931 0.0 0.0
усугубляет 0.001931 3.912023 0.007552
ухудшаться 0.001931 4.60517 0.00889
ученым 0.001931 0.0 0.0
учёные 0.001931 1.966113 0.003796
файлы 0.001931 0.0 0.0
фиксирует 0.001931 3.912023 0.007552
флагманского 0.001931 0.0 0.0
фото 0.001931 0.0 0.0
фрагмент 0.001931 3.218876 0.006214
фрагментарными 0.001931 4.60517 0.00889
фундаментальные 0.001931 0.0 0.0
хитом 0.001931 0.0 0.0
цены 0.001931 0.0 0.0
части 0.001931 0.0 0.0
частица 0.001931 3.218876 0.006214
частыми 0.001931 3.506558 0.006769
часть 0.001931 2.407946 0.004649
человека 0.001931 0.0 0.0
числа 0.001931 3.912023 0.007552
чт 0.001931 0.0 0.0
эксперты 0.001931 2.813411 0.005431
экспозицией 0.001931 3.912023 0.007552
экспорт 0.001931 0.0 0.0
эмбрионы 0.001931 0.0 0.0
энергией 0.001931 2.995732 0.005783
энергии 0.001931 2.207275 0.004261
энергосистем 0.001931 4.60517 0.00889
южной 0.001931 0.0 0.0
яркий 0.001931 4.60517 0.00889
