абсолютно 0.002551 2.407946 0.006143
авиалайнера 0.002551 0.0 0.0
австралии 0.002551 0.0 0.0
автоваз 0.002551 0.0 0.0
автоматически 0.002551 2.995732 0.007642
автоматом 0.002551 0.0 0.0
автомобили 0.002551 1.966113 0.005016
автономных 0.002551 2.813411 0.007177
автопроизводителя 0.002551 0.0 0.0
автор 0.002551 0.0 0.0
авторы 0.002551 0.0 0.0
агентов 0.002551 4.60517 0.011748
администрацией 0.002551 0.0 0.0
адрес 0.002551 0.0 0.0
америке 0.002551 0.0 0.0
анализатор 0.002551 3.912023 0.00998
анализирует 0.002551 4.60517 0.011748
аналитики 0.002551 0.0 0.0
анонсировала 0.002551 2.813411 0.007177
архитектура 0.002551 3.218876 0.008211
атак 0.002551 2.995732 0.007642
атаки 0.002551 4.60517 0.011748
баги 0.002551 3.506558 0.008945
багов 0.002551 4.60517 0.011748
базе 0.002551 2.995732 0.007642
безопасности 0.002551 1.966113 0.005016
белка 0.002551 0.0 0.0
бенчмарк 0.002551 3.912023 0.00998
биологические 0.002551 0.0 0.0
биологических 0.002551 0.0 0.0
ближнем 0.002551 0.0 0.0
блоги 0.002551 0.0 0.0
блокирует 0.002551 3.912023 0.00998
блокирующий 0.002551 4.60517 0.011748
больших 0.002551 3.506558 0.008945
борьба 0.002551 4.60517 0.011748
ботов 0.002551 2.525729 0.006443
будут 0.002551 0.0 0.0
быстро 0.002551 0.0 0.0
весом 0.002551 0.0 0.0
взломов 0.002551 3.506558 0.008945
видео 0.002551 0.0 0.0
видеокарты 0.002551 0.0 0.0
включает 0.002551 2.525729 0.006443
внедорожники 0.002551 0.0 0.0
внимание 0.002551 2.65926 0.006784
возможность 0.002551 1.966113 0.005016
войти 0.002551 0.0 0.0
востоке 0.002551 0.0 0.0
вредоносного 0.002551 3.506558 0.008945
вредоносных 0.002551 4.60517 0.011748
времени 0.002551 1.89712 0.00484
вс 0.002551 0.0 0.0
всему 0.002551 0.0 0.0
вт 0.002551 0.0 0.0
второй 0.002551 3.218876 0.008211
входных 0.002551 4.60517 0.011748
входят 0.002551 0.0 0.0
выделите 0.002551 0.0 0.0
выходит 0.002551 0.0 0.0
выявляя 0.002551 4.60517 0.011748
генеративный 0.002551 3.218876 0.008211
генерацию 0.002551 3.912023 0.00998
главную 0.002551 0.0 0.0
года 0.002551 0.0 0.0
данные 0.002551 0.0 0.0
данный 0.002551 0.0 0.0
данных 0.002551 0.0 0.0
даёт 0.002551 2.995732 0.007642
двигатели 0.002551 0.0 0.0
двигатель 0.002551 0.0 0.0
двух 0.002551 0.0 0.0
действий 0.002551 2.813411 0.007177
день 0.002551 2.207275 0.005631
джейлбрейка 0.002551 4.60517 0.011748
дизайн 0.002551 0.0 0.0
директор 0.002551 0.0 0.0
долларов 0.002551 0.0 0.0
дом 0.002551 0.0 0.0
доставили 0.002551 0.0 0.0
достигает 0.002551 0.0 0.0
доступ 0.002551 1.347074 0.003436
завершат 0.002551 0.0 0.0
закрытым 0.002551 4.60517 0.011748
запасом 0.002551 2.65926 0.006784
запрещена 0.002551 3.506558 0.008945
запросы 0.002551 3.506558 0.008945
запустила 0.002551 2.65926 0.006784
защитить 0.002551 3.506558 0.008945
защиту 0.002551 3.506558 0.008945
защиты 0.002551 0.0 0.0
земле 0.002551 0.0 0.0
земли 0.002551 0.0 0.0
злоумышленники 0.002551 4.60517 0.011748
зонд 0.002551 0.0 0.0
зонда 0.002551 0.0 0.0
игры 0.002551 0.0 0.0
изолированной 0.002551 4.60517 0.011748
ии 0.002551 0.0 0.0
иллюстрация 0.002551 2.120264 0.005409
инновационный 0.002551 0.0 0.0
инструментов 0.002551 3.506558 0.008945
инструменты 0.002551 2.65926 0.006784
информации 0.002551 0.0 0.0
инъекции 0.002551 4.60517 0.011748
использования 0.002551 0.0 0.0
используют 0.002551 2.995732 0.007642
исправлять 0.002551 4.60517 0.011748
исследований 0.002551 0.0 0.0
источник 0.002551 0.0 0.0
календарь 0.002551 0.0 0.0
категории 0.002551 0.0 0.0
кг 0.002551 0.0 0.0
кибербезопасность 0.002551 3.912023 0.00998
киберрисков 0.002551 4.60517 0.011748
киберугрозы 0.002551 4.60517 0.011748
километров 0.002551 0.0 0.0
классическим 0.002551 0.0 0.0
клон 0.002551 0.0 0.0
км 0.002551 1.309333 0.00334
кода 0.002551 2.525729 0.006443
коде 0.002551 3.912023 0.00998
комбинировать 0.002551 3.912023 0.00998
комментирования 0.002551 0.0 0.0
компания 0.002551 0.820981 0.002094
компонент 0.002551 2.407946 0.006143
комфортный 0.002551 0.0 0.0
контента 0.002551 3.912023 0.00998
конференция 0.002551 0.0 0.0
корее 0.002551 0.0 0.0
корпуса 0.002551 0.0 0.0
косвенные 0.002551 4.60517 0.011748
космос 0.002551 0.0 0.0
космоса 0.002551 0.0 0.0
кроссовера 0.002551 0.0 0.0
кроссоверы 0.002551 0.0 0.0
кубических 0.002551 0.0 0.0
куки 0.002551 0.0 0.0
летать 0.002551 0.0 0.0
лету 0.002551 0.0 0.0
листа 0.002551 0.0 0.0
логику 0.002551 4.60517 0.011748
мае 0.002551 0.0 0.0
май 0.002551 0.0 0.0
марка 0.002551 0.0 0.0
материалов 0.002551 0.0 0.0
машин 0.002551 0.0 0.0
машину 0.002551 0.0 0.0
мая 0.002551 0.0 0.0
межпланетный 0.002551 0.0 0.0
меняет 0.002551 0.0 0.0
метрового 0.002551 0.0 0.0
миллионов 0.002551 0.0 0.0
миру 0.002551 0.0 0.0
многоуровневую 0.002551 4.60517 0.011748
мобильные 0.002551 0.0 0.0
могут 0.002551 0.0 0.0
моделей 0.002551 2.120264 0.005409
модели 0.002551 1.139434 0.002907
модульная 0.002551 4.60517 0.011748
момент 0.002551 0.0 0.0
мониторы 0.002551 0.0 0.0
мотобрендов 0.002551 0.0 0.0
мотоциклов 0.002551 0.0 0.0
мошенничеством 0.002551 4.60517 0.011748
мс 0.002551 0.0 0.0
мультимедиа 0.002551 0.0 0.0
нажмите 0.002551 0.0 0.0
назвал 0.002551 0.0 0.0
названием 0.002551 0.0 0.0
научился 0.002551 3.506558 0.008945
нашей 0.002551 0.0 0.0
наши 0.002551 0.0 0.0
нашли 0.002551 0.0 0.0
небезопасных 0.002551 4.60517 0.011748
новая 0.002551 3.218876 0.008211
новости 0.002551 0.0 0.0
новые 0.002551 0.0 0.0
новый 0.002551 0.0 0.0
носители 0.002551 0.0 0.0
ноутбуки 0.002551 0.0 0.0
нужны 0.002551 0.0 0.0
обзоры 0.002551 0.0 0.0
обнаружение 0.002551 3.912023 0.00998
обнаруженные 0.002551 4.60517 0.011748
обновлённые 0.002551 3.506558 0.008945
обрабатывать 0.002551 4.60517 0.011748
обработки 0.002551 0.0 0.0
образцы 0.002551 0.0 0.0
обхода 0.002551 3.506558 0.008945
объявлена 0.002551 0.0 0.0
ограничений 0.002551 2.65926 0.006784
одноклассник 0.002551 0.0 0.0
опубликованное 0.002551 3.506558 0.008945
орбите 0.002551 0.0 0.0
ос 0.002551 0.0 0.0
отдадут 0.002551 0.0 0.0
отдельное 0.002551 3.912023 0.00998
отечественного 0.002551 0.0 0.0
отказа 0.002551 0.0 0.0
отказались 0.002551 0.0 0.0
отключили 0.002551 0.0 0.0
открытый 0.002551 2.813411 0.007177
отметили 0.002551 2.995732 0.007642
отслеживает 0.002551 3.912023 0.00998
оценки 0.002551 3.218876 0.008211
очень 0.002551 0.0 0.0
ошибку 0.002551 0.0 0.0
параллельно 0.002551 1.89712 0.00484
партнёрам 0.002551 3.912023 0.00998
передавая 0.002551 3.912023 0.00998
переднего 0.002551 0.0 0.0
перехват 0.002551 4.60517 0.011748
период 0.002551 0.0 0.0
периферия 0.002551 0.0 0.0
персональные 0.002551 0.0 0.0
персональных 0.002551 0.0 0.0
пиар 0.002551 0.0 0.0
пк 0.002551 0.0 0.0
планшеты 0.002551 0.0 0.0
платформа 0.002551 0.0 0.0
пн 0.002551 0.0 0.0
подвел 0.002551 0.0 0.0
поддержки 0.002551 3.912023 0.00998
поднял 0.002551 0.0 0.0
подробнее 0.002551 0.0 0.0
позволяет 0.002551 1.832581 0.004675
позволяя 0.002551 3.912023 0.00998
поиск 0.002551 0.0 0.0
пока 0.002551 0.0 0.0
полезные 0.002551 0.0 0.0
политика 0.002551 0.0 0.0
политикой 0.002551 0.0 0.0
полноприводными 0.002551 0.0 0.0
пользовательские 0.002551 4.60517 0.011748
полётов 0.002551 0.0 0.0
поможет 0.002551 2.995732 0.007642
понять 0.002551 3.506558 0.008945
попробовать 0.002551 0.0 0.0
популярная 0.002551 0.0 0.0
популярных 0.002551 0.0 0.0
попытки 0.002551 3.218876 0.008211
посещать 0.002551 0.0 0.0
последний 0.002551 3.218876 0.008211
пояснили 0.002551 4.60517 0.011748
правила 0.002551 0.0 0.0
прайс 0.002551 0.0 0.0
предоставляя 0.002551 3.912023 0.00998
предотвращая 0.002551 4.60517 0.011748
представила 0.002551 1.832581 0.004675
представлен 0.002551 0.0 0.0
представляет 0.002551 2.813411 0.007177
прибавка 0.002551 0.0 0.0
привлекла 0.002551 4.60517 0.011748
привода 0.002551 0.0 0.0
призванный 0.002551 4.60517 0.011748
признана 0.002551 3.506558 0.008945
приложения 0.002551 3.218876 0.008211
принтеры 0.002551 0.0 0.0
причины 0.002551 0.0 0.0
пробизнес 0.002551 0.0 0.0
проведения 0.002551 0.0 0.0
программу 0.002551 4.60517 0.011748
программы 0.002551 0.0 0.0
продавать 0.002551 0.0 0.0
продажи 0.002551 0.0 0.0
продано 0.002551 2.995732 0.007642
продолжая 0.002551 0.0 0.0
проектов 0.002551 0.0 0.0
проекторы 0.002551 0.0 0.0
проекты 0.002551 0.0 0.0
пролить 0.002551 0.0 0.0
промптов 0.002551 3.912023 0.00998
процессы 0.002551 0.0 0.0
прямые 0.002551 4.60517 0.011748
пт 0.002551 0.0 0.0
работы 0.002551 0.0 0.0
разработчикам 0.002551 3.912023 0.00998
разработчики 0.002551 3.218876 0.008211
ранний 0.002551 4.60517 0.011748
реальном 0.002551 3.506558 0.008945
реальных 0.002551 0.0 0.0
результаты 0.002551 0.0 0.0
реклама 0.002551 0.0 0.0
рекорд 0.002551 2.120264 0.005409
репозитории 0.002551 4.60517 0.011748
решает 0.002551 0.0 0.0
решение 0.002551 2.040221 0.005205
решениям 0.002551 3.506558 0.008945
россии 0.002551 0.0 0.0
россияне 0.002551 0.0 0.0
рублей 0.002551 0.0 0.0
рынок 0.002551 0.0 0.0
сайте 0.002551 0.0 0.0
сайты 0.002551 0.0 0.0
самая 0.002551 0.0 0.0
самолётах 0.002551 0.0 0.0
самых 0.002551 0.0 0.0
сантиметров 0.002551 0.0 0.0
сб 0.002551 0.0 0.0
сбора 0.002551 0.0 0.0
свет 0.002551 0.0 0.0
своей 0.002551 0.0 0.0
связи 0.002551 0.0 0.0
связь 0.002551 0.0 0.0
сегодня 0.002551 0.0 0.0
серверы 0.002551 0.0 0.0
сервисы 0.002551 0.0 0.0
сертификацию 0.002551 0.0 0.0
сети 0.002551 0.0 0.0
система 0.002551 1.514128 0.003863
системы 0.002551 1.469676 0.003749
скоро 0.002551 0.0 0.0
скриптов 0.002551 4.60517 0.011748
сложности 0.002551 0.0 0.0
слои 0.002551 4.60517 0.011748
снова 0.002551 0.0 0.0
собой 0.002551 3.218876 0.008211
собственные 0.002551 3.218876 0.008211
советский 0.002551 0.0 0.0
современных 0.002551 3.912023 0.00998
соглашаетесь 0.002551 0.0 0.0
создавать 0.002551 3.218876 0.008211
сообщества 0.002551 3.912023 0.00998
сочетает 0.002551 2.995732 0.007642
спасти 0.002551 0.0 0.0
способности 0.002551 2.995732 0.007642
ср 0.002551 0.0 0.0
среда 0.002551 0.0 0.0
среде 0.002551 3.912023 0.00998
ссылки 0.002551 0.0 0.0
стал 0.002551 0.0 0.0
стандартизирует 0.002551 4.60517 0.011748
стартуют 0.002551 0.0 0.0
статистика 0.002551 0.0 0.0
статический 0.002551 3.912023 0.00998
статьи 0.002551 0.0 0.0
стоимость 0.002551 0.0 0.0
сторонние 0.002551 3.506558 0.008945
сценариев 0.002551 3.506558 0.008945
сша 0.002551 0.0 0.0
тайконавты 0.002551 0.0 0.0
тв 0.002551 0.0 0.0
теги 0.002551 0.0 0.0
текст 0.002551 0.0 0.0
тестирование 0.002551 2.995732 0.007642
технический 0.002551 0.0 0.0
технология 0.002551 2.302585 0.005874
топ 0.002551 0.0 0.0
третий 0.002551 4.60517 0.011748
трёхкомпонентная 0.002551 4.60517 0.011748
тыс 0.002551 0.0 0.0
убрали 0.002551 0.0 0.0
упасть 0.002551 0.0 0.0
уровня 0.002551 3.218876 0.008211
установили 0.002551 2.65926 0.006784
устранении 0.002551 4.60517 0.011748
устройства 0.002551 0.0 0.0
ученым 0.002551 0.0 0.0
уязвимостей 0.002551 4.60517 0.011748
уязвимости 0.002551 4.60517 0.011748
фаззинг 0.002551 4.60517 0.011748
файлы 0.002551 0.0 0.0
фейкового 0.002551 4.60517 0.011748
финальных 0.002551 3.506558 0.008945
фишинговых 0.002551 4.60517 0.011748
флагманского 0.002551 0.0 0.0
фокусе 0.002551 4.60517 0.011748
фото 0.002551 0.0 0.0
фреймворк 0.002551 3.218876 0.008211
фреймворка 0.002551 4.60517 0.011748
фундаментальные 0.002551 0.0 0.0
хитом 0.002551 0.0 0.0
хода 0.002551 1.609438 0.004106
целей 0.002551 3.506558 0.008945
цены 0.002551 0.0 0.0
части 0.002551 0.0 0.0
чат 0.002551 1.049822 0.002678
человека 0.002551 0.0 0.0
чинить 0.002551 3.218876 0.008211
чт 0.002551 0.0 0.0
экспериментальным 0.002551 4.60517 0.011748
экспорт 0.002551 0.0 0.0
экстремистской 0.002551 3.912023 0.00998
элемент 0.002551 2.813411 0.007177
эмбрионы 0.002551 0.0 0.0
этапа 0.002551 3.912023 0.00998
эффективность 0.002551 2.120264 0.005409
южной 0.002551 0.0 0.0
ядро 0.002551 3.218876 0.008211
языковые 0.002551 3.506558 0.008945
языковых 0.002551 4.60517 0.011748
