абсолютно 0.002326 2.407946 0.0056
авиалайнера 0.002326 0.0 0.0
австралии 0.002326 0.0 0.0
автоваз 0.002326 0.0 0.0
автоматом 0.002326 0.0 0.0
автопроизводителя 0.002326 0.0 0.0
автор 0.002326 0.0 0.0
авторы 0.002326 0.0 0.0
агентства 0.002326 3.912023 0.009098
агентство 0.002326 3.218876 0.007486
администрацией 0.002326 0.0 0.0
администрация 0.002326 3.218876 0.007486
адрес 0.002326 0.0 0.0
америке 0.002326 0.0 0.0
аналитики 0.002326 0.0 0.0
астронавтов 0.002326 2.995732 0.006967
белка 0.002326 0.0 0.0
биологические 0.002326 0.0 0.0
биологических 0.002326 0.0 0.0
ближнем 0.002326 0.0 0.0
блоги 0.002326 0.0 0.0
будут 0.002326 0.0 0.0
будущее 0.002326 3.218876 0.007486
быстро 0.002326 0.0 0.0
верхней 0.002326 3.506558 0.008155
верхнюю 0.002326 4.60517 0.01071
весом 0.002326 0.0 0.0
видео 0.002326 0.0 0.0
видеокарты 0.002326 0.0 0.0
виктора 0.002326 4.60517 0.01071
внедорожники 0.002326 0.0 0.0
водорода 0.002326 3.912023 0.009098
войти 0.002326 0.0 0.0
вопрос 0.002326 1.660731 0.003862
вопросом 0.002326 2.995732 0.006967
востоке 0.002326 0.0 0.0
вс 0.002326 0.0 0.0
всему 0.002326 0.0 0.0
вт 0.002326 0.0 0.0
входят 0.002326 0.0 0.0
выделите 0.002326 0.0 0.0
выполнена 0.002326 4.60517 0.01071
высадка 0.002326 3.912023 0.009098
выходит 0.002326 0.0 0.0
гидравлическом 0.002326 4.60517 0.01071
главную 0.002326 0.0 0.0
гловера 0.002326 4.60517 0.01071
года 0.002326 0.0 0.0
годах 0.002326 2.995732 0.006967
году 0.002326 1.272966 0.00296
гонка 0.002326 3.912023 0.009098
график 0.002326 2.813411 0.006543
данные 0.002326 0.0 0.0
данный 0.002326 0.0 0.0
данным 0.002326 1.89712 0.004412
данных 0.002326 0.0 0.0
дважды 0.002326 3.912023 0.009098
двигателей 0.002326 2.525729 0.005874
двигатели 0.002326 0.0 0.0
двигатель 0.002326 0.0 0.0
двигателя 0.002326 1.89712 0.004412
двигателями 0.002326 2.65926 0.006184
двух 0.002326 0.0 0.0
демонтировали 0.002326 4.60517 0.01071
демонтированный 0.002326 4.60517 0.01071
джереми 0.002326 4.60517 0.01071
дизайн 0.002326 0.0 0.0
директор 0.002326 0.0 0.0
долларов 0.002326 0.0 0.0
дом 0.002326 0.0 0.0
доставили 0.002326 0.0 0.0
доставлять 0.002326 3.912023 0.009098
достигает 0.002326 0.0 0.0
ещё 0.002326 1.89712 0.004412
её 0.002326 1.203973 0.0028
жидкого 0.002326 3.506558 0.008155
завершат 0.002326 0.0 0.0
завершая 0.002326 4.60517 0.01071
замена 0.002326 2.995732 0.006967
заменило 0.002326 3.506558 0.008155
заменяет 0.002326 3.912023 0.009098
запасных 0.002326 4.60517 0.01071
запланированная 0.002326 4.60517 0.01071
запуски 0.002326 2.995732 0.006967
затраты 0.002326 3.506558 0.008155
защиты 0.002326 0.0 0.0
заявляет 0.002326 3.506558 0.008155
здания 0.002326 2.040221 0.004745
земле 0.002326 0.0 0.0
земли 0.002326 0.0 0.0
земной 0.002326 2.813411 0.006543
зонд 0.002326 0.0 0.0
зонда 0.002326 0.0 0.0
игры 0.002326 0.0 0.0
имени 0.002326 3.218876 0.007486
инженеры 0.002326 2.525729 0.005874
инновационный 0.002326 0.0 0.0
инспекционного 0.002326 4.60517 0.01071
интеграцию 0.002326 2.813411 0.006543
информации 0.002326 0.0 0.0
использовался 0.002326 4.60517 0.01071
использования 0.002326 0.0 0.0
исследований 0.002326 0.0 0.0
история 0.002326 4.60517 0.01071
источник 0.002326 0.0 0.0
каждый 0.002326 2.525729 0.005874
календарь 0.002326 0.0 0.0
калифорнийская 0.002326 3.506558 0.008155
камеру 0.002326 3.912023 0.009098
категории 0.002326 0.0 0.0
кг 0.002326 0.0 0.0
кеннеди 0.002326 3.912023 0.009098
километров 0.002326 0.0 0.0
кислорода 0.002326 3.506558 0.008155
клапана 0.002326 4.60517 0.01071
классическим 0.002326 0.0 0.0
клон 0.002326 0.0 0.0
комментирования 0.002326 0.0 0.0
коммерческих 0.002326 2.995732 0.006967
компания 0.002326 0.820981 0.001909
компонентов 0.002326 3.912023 0.009098
комфортный 0.002326 0.0 0.0
конференция 0.002326 0.0 0.0
корее 0.002326 0.0 0.0
корпуса 0.002326 0.0 0.0
космические 0.002326 2.207275 0.005133
космическом 0.002326 3.912023 0.009098
космос 0.002326 0.0 0.0
космоса 0.002326 0.0 0.0
кох 0.002326 3.912023 0.009098
криогенную 0.002326 4.60517 0.01071
кристины 0.002326 3.912023 0.009098
кроссовера 0.002326 0.0 0.0
кроссоверы 0.002326 0.0 0.0
кубических 0.002326 0.0 0.0
куки 0.002326 0.0 0.0
летал 0.002326 4.60517 0.01071
летать 0.002326 0.0 0.0
лету 0.002326 0.0 0.0
листа 0.002326 0.0 0.0
луне 0.002326 2.813411 0.006543
лунная 0.002326 3.912023 0.009098
лунной 0.002326 2.995732 0.006967
луну 0.002326 3.218876 0.007486
луны 0.002326 3.218876 0.007486
мае 0.002326 0.0 0.0
май 0.002326 0.0 0.0
марка 0.002326 0.0 0.0
марс 0.002326 2.525729 0.005874
марсу 0.002326 4.60517 0.01071
материалов 0.002326 0.0 0.0
машину 0.002326 0.0 0.0
мая 0.002326 0.0 0.0
межпланетный 0.002326 0.0 0.0
меняет 0.002326 0.0 0.0
место 0.002326 1.832581 0.004262
метрового 0.002326 0.0 0.0
миллионов 0.002326 0.0 0.0
миру 0.002326 0.0 0.0
миссии 0.002326 1.514128 0.003521
миссия 0.002326 2.120264 0.004931
млн 0.002326 1.108663 0.002578
млрд 0.002326 2.302585 0.005355
мобильные 0.002326 0.0 0.0
могут 0.002326 0.0 0.0
модернизированные 0.002326 4.60517 0.01071
момент 0.002326 0.0 0.0
мониторы 0.002326 0.0 0.0
монтажного 0.002326 4.60517 0.01071
мотобрендов 0.002326 0.0 0.0
мотоциклов 0.002326 0.0 0.0
мощнее 0.002326 3.218876 0.007486
мс 0.002326 0.0 0.0
мультимедиа 0.002326 0.0 0.0
надёжность 0.002326 2.813411 0.006543
нажмите 0.002326 0.0 0.0
назад 0.002326 2.65926 0.006184
назвал 0.002326 0.0 0.0
названием 0.002326 0.0 0.0
нарушат 0.002326 4.60517 0.01071
началась 0.002326 4.60517 0.01071
начали 0.002326 4.60517 0.01071
начало 0.002326 2.813411 0.006543
нашей 0.002326 0.0 0.0
наши 0.002326 0.0 0.0
нашли 0.002326 0.0 0.0
неделе 0.002326 2.995732 0.006967
недель 0.002326 3.506558 0.008155
несколько 0.002326 2.525729 0.005874
ними 0.002326 2.040221 0.004745
нового 0.002326 2.995732 0.006967
новой 0.002326 2.207275 0.005133
новом 0.002326 3.506558 0.008155
новости 0.002326 0.0 0.0
новые 0.002326 0.0 0.0
новый 0.002326 0.0 0.0
номером 0.002326 3.912023 0.009098
носители 0.002326 0.0 0.0
ноутбуки 0.002326 0.0 0.0
нужны 0.002326 0.0 0.0
обзоры 0.002326 0.0 0.0
облёта 0.002326 4.60517 0.01071
оборудования 0.002326 3.218876 0.007486
обработки 0.002326 0.0 0.0
образцы 0.002326 0.0 0.0
обходятся 0.002326 4.60517 0.01071
объявлена 0.002326 0.0 0.0
одноклассник 0.002326 0.0 0.0
операций 0.002326 3.218876 0.007486
опираясь 0.002326 4.60517 0.01071
орбите 0.002326 0.0 0.0
орбиты 0.002326 2.65926 0.006184
орлеане 0.002326 4.60517 0.01071
ос 0.002326 0.0 0.0
основной 0.002326 3.506558 0.008155
основных 0.002326 3.912023 0.009098
остановить 0.002326 4.60517 0.01071
остаётся 0.002326 2.040221 0.004745
отдадут 0.002326 0.0 0.0
отечественного 0.002326 0.0 0.0
отказа 0.002326 0.0 0.0
отказались 0.002326 0.0 0.0
отключили 0.002326 0.0 0.0
отмену 0.002326 4.60517 0.01071
отправит 0.002326 4.60517 0.01071
отправки 0.002326 3.912023 0.009098
очень 0.002326 0.0 0.0
ошибку 0.002326 0.0 0.0
параллельно 0.002326 1.89712 0.004412
первая 0.002326 2.813411 0.006543
первый 0.002326 2.65926 0.006184
переднего 0.002326 0.0 0.0
период 0.002326 0.0 0.0
периферия 0.002326 0.0 0.0
персональные 0.002326 0.0 0.0
персональных 0.002326 0.0 0.0
пиар 0.002326 0.0 0.0
пилотируемого 0.002326 4.60517 0.01071
пилотируемые 0.002326 4.60517 0.01071
пилотируемый 0.002326 4.60517 0.01071
пк 0.002326 0.0 0.0
планшеты 0.002326 0.0 0.0
планы 0.002326 3.218876 0.007486
платформа 0.002326 0.0 0.0
пн 0.002326 0.0 0.0
подачу 0.002326 4.60517 0.01071
подвел 0.002326 0.0 0.0
подготовки 0.002326 3.218876 0.007486
поднял 0.002326 0.0 0.0
подобных 0.002326 3.218876 0.007486
подробнее 0.002326 0.0 0.0
позиции 0.002326 2.813411 0.006543
поиск 0.002326 0.0 0.0
пока 0.002326 0.0 0.0
полезные 0.002326 0.0 0.0
политика 0.002326 0.0 0.0
политикой 0.002326 0.0 0.0
политические 0.002326 4.60517 0.01071
полная 0.002326 3.506558 0.008155
полноприводными 0.002326 0.0 0.0
пользу 0.002326 1.560648 0.003629
полёт 0.002326 0.0 0.0
полётах 0.002326 4.60517 0.01071
полётов 0.002326 0.0 0.0
полёты 0.002326 2.525729 0.005874
помощью 0.002326 2.120264 0.004931
попробовать 0.002326 0.0 0.0
популярная 0.002326 0.0 0.0
популярных 0.002326 0.0 0.0
посещать 0.002326 0.0 0.0
последний 0.002326 3.218876 0.007486
правила 0.002326 0.0 0.0
прайс 0.002326 0.0 0.0
пределы 0.002326 3.506558 0.008155
предназначенной 0.002326 4.60517 0.01071
представлен 0.002326 0.0 0.0
президента 0.002326 3.218876 0.007486
прибавка 0.002326 0.0 0.0
привода 0.002326 0.0 0.0
приводе 0.002326 4.60517 0.01071
принтеры 0.002326 0.0 0.0
приоритете 0.002326 4.60517 0.01071
причиной 0.002326 4.60517 0.01071
причины 0.002326 0.0 0.0
пробизнес 0.002326 0.0 0.0
проблемой 0.002326 3.506558 0.008155
проведения 0.002326 0.0 0.0
проводились 0.002326 3.912023 0.009098
программа 0.002326 3.506558 0.008155
программы 0.002326 0.0 0.0
продавать 0.002326 0.0 0.0
продажи 0.002326 0.0 0.0
продолжая 0.002326 0.0 0.0
продолжит 0.002326 3.506558 0.008155
проектов 0.002326 0.0 0.0
проекторы 0.002326 0.0 0.0
проекты 0.002326 0.0 0.0
пролить 0.002326 0.0 0.0
прорыве 0.002326 3.506558 0.008155
процедуры 0.002326 4.60517 0.01071
процессы 0.002326 0.0 0.0
пт 0.002326 0.0 0.0
пятой 0.002326 4.60517 0.01071
работает 0.002326 2.525729 0.005874
работы 0.002326 0.0 0.0
разработанного 0.002326 3.912023 0.009098
разработку 0.002326 2.995732 0.006967
ракет 0.002326 1.560648 0.003629
ракете 0.002326 2.995732 0.006967
ракету 0.002326 2.995732 0.006967
ракеты 0.002326 2.040221 0.004745
ранее 0.002326 1.771957 0.004121
располагает 0.002326 4.60517 0.01071
рассматривает 0.002326 3.218876 0.007486
реактор 0.002326 2.65926 0.006184
реальных 0.002326 0.0 0.0
регулирующего 0.002326 4.60517 0.01071
резерва 0.002326 4.60517 0.01071
результаты 0.002326 0.0 0.0
реклама 0.002326 0.0 0.0
решает 0.002326 0.0 0.0
решения 0.002326 2.040221 0.004745
рида 0.002326 3.218876 0.007486
россии 0.002326 0.0 0.0
россияне 0.002326 0.0 0.0
рублей 0.002326 0.0 0.0
рынок 0.002326 0.0 0.0
сайте 0.002326 0.0 0.0
сайты 0.002326 0.0 0.0
самая 0.002326 0.0 0.0
самолётах 0.002326 0.0 0.0
самых 0.002326 0.0 0.0
сантиметров 0.002326 0.0 0.0
сб 0.002326 0.0 0.0
сбора 0.002326 0.0 0.0
сборку 0.002326 3.912023 0.009098
свет 0.002326 0.0 0.0
своей 0.002326 0.0 0.0
связи 0.002326 0.0 0.0
связь 0.002326 0.0 0.0
сгорания 0.002326 3.912023 0.009098
сегодня 0.002326 0.0 0.0
серверы 0.002326 0.0 0.0
сервисы 0.002326 0.0 0.0
сертификацию 0.002326 0.0 0.0
сертифицирован 0.002326 3.912023 0.009098
сети 0.002326 0.0 0.0
синтезе 0.002326 3.506558 0.008155
скоро 0.002326 0.0 0.0
сложности 0.002326 0.0 0.0
смеси 0.002326 4.60517 0.01071
снова 0.002326 0.0 0.0
собранной 0.002326 4.60517 0.01071
собранный 0.002326 4.60517 0.01071
собранных 0.002326 4.60517 0.01071
советский 0.002326 0.0 0.0
соглашаетесь 0.002326 0.0 0.0
содержит 0.002326 3.912023 0.009098
созданный 0.002326 3.218876 0.007486
сохранив 0.002326 3.506558 0.008155
сохраняет 0.002326 2.995732 0.006967
спасти 0.002326 0.0 0.0
специалисты 0.002326 2.995732 0.006967
ср 0.002326 0.0 0.0
среда 0.002326 0.0 0.0
ссылки 0.002326 0.0 0.0
ставят 0.002326 2.813411 0.006543
стал 0.002326 0.0 0.0
стала 0.002326 2.995732 0.006967
стартуют 0.002326 0.0 0.0
статистика 0.002326 0.0 0.0
статьи 0.002326 0.0 0.0
стоимость 0.002326 0.0 0.0
стоимостью 0.002326 3.506558 0.008155
ступени 0.002326 2.813411 0.006543
ступень 0.002326 3.218876 0.007486
сша 0.002326 0.0 0.0
тайконавты 0.002326 0.0 0.0
такие 0.002326 1.714798 0.003988
тв 0.002326 0.0 0.0
теги 0.002326 0.0 0.0
текст 0.002326 0.0 0.0
термоядерном 0.002326 3.506558 0.008155
тестирует 0.002326 2.65926 0.006184
технический 0.002326 0.0 0.0
технологии 0.002326 1.514128 0.003521
токамаков 0.002326 3.506558 0.008155
топ 0.002326 0.0 0.0
тыс 0.002326 0.0 0.0
уайсмена 0.002326 4.60517 0.01071
убрали 0.002326 0.0 0.0
угрожают 0.002326 4.60517 0.01071
упасть 0.002326 0.0 0.0
управления 0.002326 2.040221 0.004745
управляемом 0.002326 3.506558 0.008155
установили 0.002326 2.65926 0.006184
установлены 0.002326 3.912023 0.009098
установят 0.002326 4.60517 0.01071
устойчивости 0.002326 3.506558 0.008155
устройства 0.002326 0.0 0.0
утечек 0.002326 3.506558 0.008155
утечка 0.002326 4.60517 0.01071
ученым 0.002326 0.0 0.0
файлы 0.002326 0.0 0.0
флагманского 0.002326 0.0 0.0
флориде 0.002326 4.60517 0.01071
флориду 0.002326 4.60517 0.01071
фото 0.002326 0.0 0.0
фундаментальные 0.002326 0.0 0.0
хансена 0.002326 4.60517 0.01071
хитом 0.002326 0.0 0.0
цена 0.002326 1.714798 0.003988
центре 0.002326 2.995732 0.006967
цены 0.002326 0.0 0.0
частей 0.002326 3.912023 0.009098
части 0.002326 0.0 0.0
человека 0.002326 0.0 0.0
четыре 0.002326 2.813411 0.006543
четырёх 0.002326 2.813411 0.006543
чт 0.002326 0.0 0.0
чья 0.002326 3.912023 0.009098
шаттлов 0.002326 3.506558 0.008155
штуку 0.002326 4.60517 0.01071
экземпляр 0.002326 4.60517 0.01071
экипаж 0.002326 3.218876 0.007486
экспорт 0.002326 0.0 0.0
экстренно 0.002326 3.506558 0.008155
эмбрионы 0.002326 0.0 0.0
эпохи 0.002326 4.60517 0.01071
южной 0.002326 0.0 0.0
