авиалайнера 0.002899 0.0 0.0
австралии 0.002899 0.0 0.0
авто 0.002899 0.0 0.0
автоваз 0.002899 0.0 0.0
автогиганты 0.002899 4.60517 0.013348
автоматом 0.002899 0.0 0.0
автомобилей 0.002899 2.207275 0.006398
автомобилями 0.002899 4.60517 0.013348
автопроизводителя 0.002899 0.0 0.0
автор 0.002899 0.0 0.0
авторы 0.002899 0.0 0.0
администрацией 0.002899 0.0 0.0
адрес 0.002899 0.0 0.0
американский 0.002899 2.813411 0.008155
американцы 0.002899 4.60517 0.013348
америке 0.002899 0.0 0.0
аналитики 0.002899 0.0 0.0
апреле 0.002899 3.912023 0.011339
апрелем 0.002899 4.60517 0.013348
апрель 0.002899 3.218876 0.00933
апреля 0.002899 1.966113 0.005699
белка 0.002899 0.0 0.0
бесплатной 0.002899 3.506558 0.010164
бестселлером 0.002899 4.60517 0.013348
биологические 0.002899 0.0 0.0
биологических 0.002899 0.0 0.0
ближнем 0.002899 0.0 0.0
блоги 0.002899 0.0 0.0
бренд 0.002899 0.0 0.0
брендов 0.002899 0.0 0.0
будут 0.002899 0.0 0.0
быстро 0.002899 0.0 0.0
бьют 0.002899 2.302585 0.006674
бьём 0.002899 4.60517 0.013348
великобритании 0.002899 3.506558 0.010164
версии 0.002899 1.714798 0.00497
весом 0.002899 0.0 0.0
видео 0.002899 0.0 0.0
видеокарты 0.002899 0.0 0.0
вице 0.002899 3.912023 0.011339
внедорожники 0.002899 0.0 0.0
войти 0.002899 0.0 0.0
востоке 0.002899 0.0 0.0
впечатляющий 0.002899 3.912023 0.011339
вс 0.002899 0.0 0.0
всему 0.002899 0.0 0.0
вт 0.002899 0.0 0.0
входят 0.002899 0.0 0.0
выделите 0.002899 0.0 0.0
выросли 0.002899 3.912023 0.011339
выходит 0.002899 0.0 0.0
гибридной 0.002899 3.506558 0.010164
главную 0.002899 0.0 0.0
года 0.002899 0.0 0.0
годом 0.002899 4.60517 0.013348
году 0.002899 1.272966 0.00369
данные 0.002899 0.0 0.0
данный 0.002899 0.0 0.0
данных 0.002899 0.0 0.0
двигатели 0.002899 0.0 0.0
двигатель 0.002899 0.0 0.0
двузначный 0.002899 4.60517 0.013348
двух 0.002899 0.0 0.0
дебют 0.002899 3.912023 0.011339
дизайн 0.002899 0.0 0.0
директор 0.002899 0.0 0.0
долларов 0.002899 0.0 0.0
дом 0.002899 0.0 0.0
доставили 0.002899 0.0 0.0
достигает 0.002899 0.0 0.0
другие 0.002899 2.040221 0.005914
единицы 0.002899 4.60517 0.013348
завершат 0.002899 0.0 0.0
запустила 0.002899 2.65926 0.007708
зарядных 0.002899 3.218876 0.00933
защиты 0.002899 0.0 0.0
заявил 0.002899 2.207275 0.006398
земле 0.002899 0.0 0.0
земли 0.002899 0.0 0.0
зонд 0.002899 0.0 0.0
зонда 0.002899 0.0 0.0
игры 0.002899 0.0 0.0
имеет 0.002899 2.65926 0.007708
импульс 0.002899 2.65926 0.007708
индивидуальные 0.002899 3.912023 0.011339
инновационный 0.002899 0.0 0.0
информации 0.002899 0.0 0.0
использования 0.002899 0.0 0.0
исследований 0.002899 0.0 0.0
источник 0.002899 0.0 0.0
календарь 0.002899 0.0 0.0
категории 0.002899 0.0 0.0
кг 0.002899 0.0 0.0
километров 0.002899 0.0 0.0
классическим 0.002899 0.0 0.0
клиентов 0.002899 3.912023 0.011339
клон 0.002899 0.0 0.0
км 0.002899 1.309333 0.003795
количестве 0.002899 3.912023 0.011339
комментирования 0.002899 0.0 0.0
компании 0.002899 1.347074 0.003905
комфортный 0.002899 0.0 0.0
конференция 0.002899 0.0 0.0
корее 0.002899 0.0 0.0
корейских 0.002899 4.60517 0.013348
корпуса 0.002899 0.0 0.0
космос 0.002899 0.0 0.0
космоса 0.002899 0.0 0.0
кроссовер 0.002899 0.0 0.0
кроссовера 0.002899 0.0 0.0
кроссоверы 0.002899 0.0 0.0
кубических 0.002899 0.0 0.0
куки 0.002899 0.0 0.0
летать 0.002899 0.0 0.0
лету 0.002899 0.0 0.0
лидером 0.002899 3.218876 0.00933
листа 0.002899 0.0 0.0
мае 0.002899 0.0 0.0
май 0.002899 0.0 0.0
марка 0.002899 0.0 0.0
марки 0.002899 3.912023 0.011339
материалов 0.002899 0.0 0.0
машину 0.002899 0.0 0.0
машины 0.002899 1.771957 0.005136
мая 0.002899 0.0 0.0
межпланетный 0.002899 0.0 0.0
меняет 0.002899 0.0 0.0
месяцев 0.002899 2.813411 0.008155
месяцем 0.002899 4.60517 0.013348
метрового 0.002899 0.0 0.0
миллионов 0.002899 0.0 0.0
минивэн 0.002899 4.60517 0.013348
миру 0.002899 0.0 0.0
многом 0.002899 3.218876 0.00933
мобильные 0.002899 0.0 0.0
могут 0.002899 0.0 0.0
моделей 0.002899 2.120264 0.006146
модели 0.002899 1.139434 0.003303
модельный 0.002899 4.60517 0.013348
момент 0.002899 0.0 0.0
мониторы 0.002899 0.0 0.0
мотобрендов 0.002899 0.0 0.0
мотоциклов 0.002899 0.0 0.0
мс 0.002899 0.0 0.0
мультимедиа 0.002899 0.0 0.0
нажмите 0.002899 0.0 0.0
назвал 0.002899 0.0 0.0
названием 0.002899 0.0 0.0
наиболее 0.002899 3.218876 0.00933
наш 0.002899 0.0 0.0
нашей 0.002899 0.0 0.0
наши 0.002899 0.0 0.0
нашла 0.002899 3.912023 0.011339
нашли 0.002899 0.0 0.0
ненамного 0.002899 4.60517 0.013348
новейшая 0.002899 3.506558 0.010164
новинка 0.002899 3.506558 0.010164
новой 0.002899 2.207275 0.006398
новости 0.002899 0.0 0.0
новые 0.002899 0.0 0.0
новый 0.002899 0.0 0.0
носители 0.002899 0.0 0.0
ноутбуки 0.002899 0.0 0.0
нужны 0.002899 0.0 0.0
обе 0.002899 0.616186 0.001786
обзоры 0.002899 0.0 0.0
обновлённого 0.002899 4.60517 0.013348
обработки 0.002899 0.0 0.0
образцы 0.002899 0.0 0.0
общим 0.002899 4.60517 0.013348
объявлена 0.002899 0.0 0.0
одноклассник 0.002899 0.0 0.0
операциям 0.002899 3.912023 0.011339
орбите 0.002899 0.0 0.0
ос 0.002899 0.0 0.0
отдадут 0.002899 0.0 0.0
отечественного 0.002899 0.0 0.0
отказа 0.002899 0.0 0.0
отказались 0.002899 0.0 0.0
отключили 0.002899 0.0 0.0
отличный 0.002899 4.60517 0.013348
отметил 0.002899 1.469676 0.00426
отстаёт 0.002899 3.218876 0.00933
охотно 0.002899 4.60517 0.013348
очень 0.002899 0.0 0.0
ошибку 0.002899 0.0 0.0
паркер 0.002899 4.60517 0.013348
переднего 0.002899 0.0 0.0
период 0.002899 0.0 0.0
периферия 0.002899 0.0 0.0
персональные 0.002899 0.0 0.0
персональных 0.002899 0.0 0.0
пиар 0.002899 0.0 0.0
пк 0.002899 0.0 0.0
планшеты 0.002899 0.0 0.0
платформа 0.002899 0.0 0.0
пн 0.002899 0.0 0.0
повышать 0.002899 4.60517 0.013348
подвел 0.002899 0.0 0.0
поднял 0.002899 0.0 0.0
подробнее 0.002899 0.0 0.0
подряд 0.002899 4.60517 0.013348
поиск 0.002899 0.0 0.0
пока 0.002899 0.0 0.0
показал 0.002899 2.040221 0.005914
показали 0.002899 2.813411 0.008155
покупателей 0.002899 4.60517 0.013348
полезные 0.002899 0.0 0.0
политика 0.002899 0.0 0.0
политикой 0.002899 0.0 0.0
полноприводными 0.002899 0.0 0.0
полным 0.002899 2.995732 0.008683
полётов 0.002899 0.0 0.0
попробовать 0.002899 0.0 0.0
популярная 0.002899 0.0 0.0
популярные 0.002899 2.813411 0.008155
популярных 0.002899 0.0 0.0
посещать 0.002899 0.0 0.0
правила 0.002899 0.0 0.0
прайс 0.002899 0.0 0.0
представлен 0.002899 0.0 0.0
президент 0.002899 2.65926 0.007708
прибавка 0.002899 0.0 0.0
привода 0.002899 0.0 0.0
приводом 0.002899 2.525729 0.007321
принтеры 0.002899 0.0 0.0
причины 0.002899 0.0 0.0
пробизнес 0.002899 0.0 0.0
проведения 0.002899 0.0 0.0
программы 0.002899 0.0 0.0
продаваемых 0.002899 4.60517 0.013348
продавать 0.002899 0.0 0.0
продаж 0.002899 0.0 0.0
продажам 0.002899 4.60517 0.013348
продажи 0.002899 0.0 0.0
проданными 0.002899 3.912023 0.011339
продемонстрировала 0.002899 4.60517 0.013348
продолжают 0.002899 4.60517 0.013348
продолжая 0.002899 0.0 0.0
продолжим 0.002899 4.60517 0.013348
проектов 0.002899 0.0 0.0
проекторы 0.002899 0.0 0.0
проекты 0.002899 0.0 0.0
пролить 0.002899 0.0 0.0
процессы 0.002899 0.0 0.0
прошлого 0.002899 3.218876 0.00933
прошлом 0.002899 3.218876 0.00933
прошлым 0.002899 4.60517 0.013348
пт 0.002899 0.0 0.0
работы 0.002899 0.0 0.0
раздают 0.002899 3.506558 0.010164
разошедшийся 0.002899 4.60517 0.013348
раскупают 0.002899 4.60517 0.013348
расходует 0.002899 3.506558 0.010164
реальных 0.002899 0.0 0.0
результат 0.002899 0.0 0.0
результаты 0.002899 0.0 0.0
реклама 0.002899 0.0 0.0
рекордный 0.002899 3.506558 0.010164
рекордным 0.002899 3.218876 0.00933
рекорды 0.002899 3.506558 0.010164
решает 0.002899 0.0 0.0
россии 0.002899 0.0 0.0
россияне 0.002899 0.0 0.0
рост 0.002899 0.755023 0.002188
рублей 0.002899 0.0 0.0
рынок 0.002899 0.0 0.0
рэнди 0.002899 4.60517 0.013348
ряд 0.002899 1.660731 0.004814
сайте 0.002899 0.0 0.0
сайты 0.002899 0.0 0.0
самая 0.002899 0.0 0.0
самолётах 0.002899 0.0 0.0
самых 0.002899 0.0 0.0
сантиметров 0.002899 0.0 0.0
сб 0.002899 0.0 0.0
сбора 0.002899 0.0 0.0
свет 0.002899 0.0 0.0
своей 0.002899 0.0 0.0
связи 0.002899 0.0 0.0
связь 0.002899 0.0 0.0
сегодня 0.002899 0.0 0.0
седан 0.002899 2.65926 0.007708
седьмым 0.002899 4.60517 0.013348
семь 0.002899 3.912023 0.011339
серверы 0.002899 0.0 0.0
сервисы 0.002899 0.0 0.0
сертификацию 0.002899 0.0 0.0
сети 0.002899 0.0 0.0
скидками 0.002899 2.813411 0.008155
скоро 0.002899 0.0 0.0
сложности 0.002899 0.0 0.0
снова 0.002899 0.0 0.0
совершенствовать 0.002899 3.506558 0.010164
советский 0.002899 0.0 0.0
соглашаетесь 0.002899 0.0 0.0
спасти 0.002899 0.0 0.0
ср 0.002899 0.0 0.0
сравнении 0.002899 3.912023 0.011339
сравнению 0.002899 3.506558 0.010164
среда 0.002899 0.0 0.0
ссылки 0.002899 0.0 0.0
стал 0.002899 0.0 0.0
станций 0.002899 3.218876 0.00933
стартуют 0.002899 0.0 0.0
статистика 0.002899 0.0 0.0
статьи 0.002899 0.0 0.0
стоимость 0.002899 0.0 0.0
сша 0.002899 0.0 0.0
тайконавты 0.002899 0.0 0.0
тв 0.002899 0.0 0.0
теги 0.002899 0.0 0.0
текст 0.002899 0.0 0.0
технический 0.002899 0.0 0.0
топ 0.002899 0.0 0.0
тыс 0.002899 0.0 0.0
убрали 0.002899 0.0 0.0
увеличились 0.002899 4.60517 0.013348
удовлетворённость 0.002899 4.60517 0.013348
укрепляет 0.002899 3.912023 0.011339
уотсон 0.002899 4.60517 0.013348
упасть 0.002899 0.0 0.0
усиливает 0.002899 2.65926 0.007708
установили 0.002899 2.65926 0.007708
установкой 0.002899 2.995732 0.008683
устройства 0.002899 0.0 0.0
ученым 0.002899 0.0 0.0
файлы 0.002899 0.0 0.0
флагманского 0.002899 0.0 0.0
фото 0.002899 0.0 0.0
фундаментальные 0.002899 0.0 0.0
хитом 0.002899 0.0 0.0
цены 0.002899 0.0 0.0
части 0.002899 0.0 0.0
человека 0.002899 0.0 0.0
четыре 0.002899 2.813411 0.008155
чт 0.002899 0.0 0.0
шансы 0.002899 3.506558 0.010164
штурмовать 0.002899 4.60517 0.013348
экспорт 0.002899 0.0 0.0
электрифицированных 0.002899 4.60517 0.013348
эмбрионы 0.002899 0.0 0.0
эрик 0.002899 4.60517 0.013348
южной 0.002899 0.0 0.0
южнокорейские 0.002899 4.60517 0.013348
