авария 0.002469 3.218876 0.007948
авиалайнера 0.002469 0.0 0.0
австралии 0.002469 0.0 0.0
автоваз 0.002469 0.0 0.0
автоматом 0.002469 0.0 0.0
автопроизводителя 0.002469 0.0 0.0
автор 0.002469 0.0 0.0
авторы 0.002469 0.0 0.0
администрацией 0.002469 0.0 0.0
адрес 0.002469 0.0 0.0
америке 0.002469 0.0 0.0
анализ 0.002469 1.966113 0.004855
аналитики 0.002469 0.0 0.0
астрономия 0.002469 3.506558 0.008658
астрономы 0.002469 3.506558 0.008658
астрофизика 0.002469 4.60517 0.011371
астрофизики 0.002469 3.912023 0.009659
белка 0.002469 0.0 0.0
биологические 0.002469 0.0 0.0
биологических 0.002469 0.0 0.0
ближе 0.002469 2.813411 0.006947
ближнем 0.002469 0.0 0.0
блоги 0.002469 0.0 0.0
будут 0.002469 0.0 0.0
быстро 0.002469 0.0 0.0
весом 0.002469 0.0 0.0
взрыв 0.002469 2.995732 0.007397
взрыва 0.002469 3.912023 0.009659
видео 0.002469 0.0 0.0
видеокарты 0.002469 0.0 0.0
видна 0.002469 4.60517 0.011371
влиять 0.002469 3.506558 0.008658
внедорожники 0.002469 0.0 0.0
возникающие 0.002469 4.60517 0.011371
возродить 0.002469 3.506558 0.008658
войти 0.002469 0.0 0.0
востоке 0.002469 0.0 0.0
врезался 0.002469 4.60517 0.011371
вс 0.002469 0.0 0.0
всему 0.002469 0.0 0.0
вт 0.002469 0.0 0.0
входят 0.002469 0.0 0.0
выделите 0.002469 0.0 0.0
вызванный 0.002469 4.60517 0.011371
высоких 0.002469 2.995732 0.007397
выходит 0.002469 0.0 0.0
галактики 0.002469 3.912023 0.009659
гарвард 0.002469 4.60517 0.011371
гигантская 0.002469 4.60517 0.011371
гигантскую 0.002469 3.506558 0.008658
главную 0.002469 0.0 0.0
года 0.002469 0.0 0.0
годах 0.002469 2.995732 0.007397
группа 0.002469 3.506558 0.008658
данные 0.002469 0.0 0.0
данный 0.002469 0.0 0.0
данных 0.002469 0.0 0.0
двигатели 0.002469 0.0 0.0
двигатель 0.002469 0.0 0.0
движущейся 0.002469 4.60517 0.011371
движущиеся 0.002469 4.60517 0.011371
движущихся 0.002469 4.60517 0.011371
двух 0.002469 0.0 0.0
демонстрирует 0.002469 2.995732 0.007397
дизайн 0.002469 0.0 0.0
директор 0.002469 0.0 0.0
длиной 0.002469 4.60517 0.011371
долларов 0.002469 0.0 0.0
дом 0.002469 0.0 0.0
дополнительное 0.002469 3.506558 0.008658
доставили 0.002469 0.0 0.0
достигает 0.002469 0.0 0.0
завершат 0.002469 0.0 0.0
заметен 0.002469 3.912023 0.009659
западного 0.002469 3.912023 0.009659
зафиксировано 0.002469 3.912023 0.009659
защиты 0.002469 0.0 0.0
звездой 0.002469 4.60517 0.011371
звёзд 0.002469 3.506558 0.008658
звёзды 0.002469 4.60517 0.011371
земле 0.002469 0.0 0.0
земли 0.002469 0.0 0.0
змея 0.002469 4.60517 0.011371
зонд 0.002469 0.0 0.0
зонда 0.002469 0.0 0.0
игры 0.002469 0.0 0.0
излучение 0.002469 3.506558 0.008658
излучении 0.002469 4.60517 0.011371
изображение 0.002469 1.514128 0.003739
инновационный 0.002469 0.0 0.0
информации 0.002469 0.0 0.0
исказившим 0.002469 4.60517 0.011371
исказило 0.002469 4.60517 0.011371
искривились 0.002469 4.60517 0.011371
использования 0.002469 0.0 0.0
исследование 0.002469 2.120264 0.005235
исследований 0.002469 0.0 0.0
источник 0.002469 0.0 0.0
календарь 0.002469 0.0 0.0
категории 0.002469 0.0 0.0
кг 0.002469 0.0 0.0
кембриджа 0.002469 4.60517 0.011371
километров 0.002469 0.0 0.0
классическим 0.002469 0.0 0.0
клон 0.002469 0.0 0.0
колоссальной 0.002469 4.60517 0.011371
комментирования 0.002469 0.0 0.0
комфортный 0.002469 0.0 0.0
конференция 0.002469 0.0 0.0
корее 0.002469 0.0 0.0
корпуса 0.002469 0.0 0.0
космическая 0.002469 2.995732 0.007397
космических 0.002469 2.302585 0.005685
космос 0.002469 0.0 0.0
космоса 0.002469 0.0 0.0
кости 0.002469 3.912023 0.009659
которые 0.002469 1.309333 0.003233
которым 0.002469 3.912023 0.009659
кроссовера 0.002469 0.0 0.0
кроссоверы 0.002469 0.0 0.0
крупномасштабные 0.002469 4.60517 0.011371
кубических 0.002469 0.0 0.0
куки 0.002469 0.0 0.0
лет 0.002469 0.0 0.0
летать 0.002469 0.0 0.0
лету 0.002469 0.0 0.0
листа 0.002469 0.0 0.0
магнитное 0.002469 3.506558 0.008658
магнитные 0.002469 4.60517 0.011371
магнитных 0.002469 3.506558 0.008658
мае 0.002469 0.0 0.0
май 0.002469 0.0 0.0
майском 0.002469 4.60517 0.011371
марка 0.002469 0.0 0.0
массивных 0.002469 3.506558 0.008658
материалов 0.002469 0.0 0.0
машину 0.002469 0.0 0.0
мая 0.002469 0.0 0.0
международная 0.002469 3.912023 0.009659
межпланетный 0.002469 0.0 0.0
меняет 0.002469 0.0 0.0
метрового 0.002469 0.0 0.0
миллиона 0.002469 2.995732 0.007397
миллионов 0.002469 0.0 0.0
миру 0.002469 0.0 0.0
млечного 0.002469 3.218876 0.007948
млечный 0.002469 3.218876 0.007948
мобильные 0.002469 0.0 0.0
могут 0.002469 0.0 0.0
момент 0.002469 0.0 0.0
мониторы 0.002469 0.0 0.0
мотобрендов 0.002469 0.0 0.0
мотоциклов 0.002469 0.0 0.0
мощность 0.002469 1.560648 0.003853
мс 0.002469 0.0 0.0
мультимедиа 0.002469 0.0 0.0
нажмите 0.002469 0.0 0.0
назвал 0.002469 0.0 0.0
названием 0.002469 0.0 0.0
напоминающей 0.002469 4.60517 0.011371
научились 0.002469 4.60517 0.011371
научные 0.002469 3.912023 0.009659
находится 0.002469 3.506558 0.008658
нашей 0.002469 0.0 0.0
наши 0.002469 0.0 0.0
нашли 0.002469 0.0 0.0
нейтронной 0.002469 4.60517 0.011371
нейтронные 0.002469 3.912023 0.009659
новом 0.002469 3.506558 0.008658
новости 0.002469 0.0 0.0
новые 0.002469 0.0 0.0
новый 0.002469 0.0 0.0
номере 0.002469 4.60517 0.011371
носители 0.002469 0.0 0.0
ноутбуки 0.002469 0.0 0.0
нужны 0.002469 0.0 0.0
обзоры 0.002469 0.0 0.0
области 0.002469 2.120264 0.005235
обнаружили 0.002469 2.995732 0.007397
обновления 0.002469 2.525729 0.006236
обработки 0.002469 0.0 0.0
образцы 0.002469 0.0 0.0
обсерватории 0.002469 3.506558 0.008658
объединившем 0.002469 4.60517 0.011371
объекта 0.002469 3.506558 0.008658
объекты 0.002469 3.506558 0.008658
объявлена 0.002469 0.0 0.0
огромную 0.002469 4.60517 0.011371
одноклассник 0.002469 0.0 0.0
оказалось 0.002469 2.995732 0.007397
операции 0.002469 3.912023 0.009659
опубликованное 0.002469 3.506558 0.008658
орбите 0.002469 0.0 0.0
ос 0.002469 0.0 0.0
оставляя 0.002469 3.218876 0.007948
осуществляется 0.002469 3.912023 0.009659
отдадут 0.002469 0.0 0.0
отдельные 0.002469 4.60517 0.011371
отечественного 0.002469 0.0 0.0
отказа 0.002469 0.0 0.0
отказались 0.002469 0.0 0.0
отключили 0.002469 0.0 0.0
открытие 0.002469 2.525729 0.006236
относятся 0.002469 4.60517 0.011371
очень 0.002469 0.0 0.0
ошибку 0.002469 0.0 0.0
пепла 0.002469 3.506558 0.008658
переднего 0.002469 0.0 0.0
перелом 0.002469 3.912023 0.009659
период 0.002469 0.0 0.0
периферия 0.002469 0.0 0.0
персональные 0.002469 0.0 0.0
персональных 0.002469 0.0 0.0
пиар 0.002469 0.0 0.0
пк 0.002469 0.0 0.0
планшеты 0.002469 0.0 0.0
платформа 0.002469 0.0 0.0
пн 0.002469 0.0 0.0
повредил 0.002469 3.506558 0.008658
повреждения 0.002469 3.506558 0.008658
подвел 0.002469 0.0 0.0
поднял 0.002469 0.0 0.0
подробнее 0.002469 0.0 0.0
поиск 0.002469 0.0 0.0
пока 0.002469 0.0 0.0
показал 0.002469 2.040221 0.005038
показали 0.002469 2.813411 0.006947
показывает 0.002469 3.506558 0.008658
поле 0.002469 0.0 0.0
полезные 0.002469 0.0 0.0
полей 0.002469 3.912023 0.009659
политика 0.002469 0.0 0.0
политикой 0.002469 0.0 0.0
полноприводными 0.002469 0.0 0.0
получила 0.002469 2.407946 0.005946
полётов 0.002469 0.0 0.0
помощи 0.002469 3.218876 0.007948
помощью 0.002469 2.120264 0.005235
попробовать 0.002469 0.0 0.0
популярная 0.002469 0.0 0.0
популярных 0.002469 0.0 0.0
посещать 0.002469 0.0 0.0
правила 0.002469 0.0 0.0
прайс 0.002469 0.0 0.0
представлен 0.002469 0.0 0.0
прибавка 0.002469 0.0 0.0
привода 0.002469 0.0 0.0
придаёт 0.002469 4.60517 0.011371
принтеры 0.002469 0.0 0.0
причины 0.002469 0.0 0.0
пробизнес 0.002469 0.0 0.0
проведения 0.002469 0.0 0.0
провела 0.002469 2.65926 0.006566
программой 0.002469 4.60517 0.011371
программы 0.002469 0.0 0.0
продавать 0.002469 0.0 0.0
продаж 0.002469 0.0 0.0
продажи 0.002469 0.0 0.0
продолжая 0.002469 0.0 0.0
проектов 0.002469 0.0 0.0
проекторы 0.002469 0.0 0.0
проекты 0.002469 0.0 0.0
проливает 0.002469 4.60517 0.011371
пролить 0.002469 0.0 0.0
процессы 0.002469 0.0 0.0
пт 0.002469 0.0 0.0
пульсар 0.002469 3.506558 0.008658
пульсаром 0.002469 4.60517 0.011371
пульсары 0.002469 4.60517 0.011371
пути 0.002469 2.813411 0.006947
путь 0.002469 2.120264 0.005235
работы 0.002469 0.0 0.0
радиодиапазоне 0.002469 4.60517 0.011371
радиоизлучения 0.002469 4.60517 0.011371
радиосигналы 0.002469 4.60517 0.011371
радиотелескоп 0.002469 4.60517 0.011371
радиотелескопа 0.002469 4.60517 0.011371
радиотелескопов 0.002469 4.60517 0.011371
разогнанных 0.002469 4.60517 0.011371
разрыв 0.002469 3.218876 0.007948
распознавать 0.002469 4.60517 0.011371
расположены 0.002469 4.60517 0.011371
расстоянии 0.002469 2.995732 0.007397
расчётам 0.002469 4.60517 0.011371
реальных 0.002469 0.0 0.0
результаты 0.002469 0.0 0.0
реклама 0.002469 0.0 0.0
рентген 0.002469 4.60517 0.011371
рентгеновский 0.002469 4.60517 0.011371
рентгеновского 0.002469 4.60517 0.011371
рентгеновское 0.002469 4.60517 0.011371
рентгеновской 0.002469 4.60517 0.011371
рентгеновском 0.002469 4.60517 0.011371
решает 0.002469 0.0 0.0
россии 0.002469 0.0 0.0
россияне 0.002469 0.0 0.0
рублей 0.002469 0.0 0.0
рынок 0.002469 0.0 0.0
рядом 0.002469 3.912023 0.009659
сайте 0.002469 0.0 0.0
сайты 0.002469 0.0 0.0
самая 0.002469 0.0 0.0
самолётах 0.002469 0.0 0.0
самых 0.002469 0.0 0.0
сантиметров 0.002469 0.0 0.0
сб 0.002469 0.0 0.0
сбора 0.002469 0.0 0.0
сверхплотные 0.002469 4.60517 0.011371
свет 0.002469 0.0 0.0
световых 0.002469 3.506558 0.008658
своей 0.002469 0.0 0.0
связи 0.002469 0.0 0.0
связь 0.002469 0.0 0.0
сделанное 0.002469 4.60517 0.011371
северо 0.002469 4.60517 0.011371
сегодня 0.002469 0.0 0.0
серверы 0.002469 0.0 0.0
сервисы 0.002469 0.0 0.0
сертификацию 0.002469 0.0 0.0
серый 0.002469 4.60517 0.011371
сети 0.002469 0.0 0.0
синие 0.002469 4.60517 0.011371
синий 0.002469 4.60517 0.011371
скелеты 0.002469 4.60517 0.011371
скоро 0.002469 0.0 0.0
скорости 0.002469 2.813411 0.006947
скорость 0.002469 2.302585 0.005685
скоростью 0.002469 3.506558 0.008658
след 0.002469 0.0 0.0
следы 0.002469 3.506558 0.008658
сложности 0.002469 0.0 0.0
смитсоновского 0.002469 4.60517 0.011371
снимке 0.002469 3.912023 0.009659
снимок 0.002469 3.912023 0.009659
снова 0.002469 0.0 0.0
советский 0.002469 0.0 0.0
соглашаетесь 0.002469 0.0 0.0
составное 0.002469 4.60517 0.011371
состоит 0.002469 3.506558 0.008658
сотрудничество 0.002469 2.65926 0.006566
спасти 0.002469 0.0 0.0
специалистов 0.002469 4.60517 0.011371
ср 0.002469 0.0 0.0
сравнения 0.002469 3.506558 0.008658
среда 0.002469 0.0 0.0
ссылки 0.002469 0.0 0.0
стал 0.002469 0.0 0.0
стартуют 0.002469 0.0 0.0
статистика 0.002469 0.0 0.0
статьи 0.002469 0.0 0.0
стоимость 0.002469 0.0 0.0
столкновение 0.002469 4.60517 0.011371
столкновения 0.002469 3.218876 0.007948
структура 0.002469 3.218876 0.007948
структуру 0.002469 2.813411 0.006947
структуры 0.002469 2.525729 0.006236
сша 0.002469 0.0 0.0
тайконавты 0.002469 0.0 0.0
тв 0.002469 0.0 0.0
теги 0.002469 0.0 0.0
текст 0.002469 0.0 0.0
телескоп 0.002469 2.813411 0.006947
телескопов 0.002469 3.912023 0.009659
технический 0.002469 0.0 0.0
тонкая 0.002469 4.60517 0.011371
топ 0.002469 0.0 0.0
точке 0.002469 4.60517 0.011371
точки 0.002469 4.60517 0.011371
тыс 0.002469 0.0 0.0
убрали 0.002469 0.0 0.0
университета 0.002469 2.120264 0.005235
упасть 0.002469 0.0 0.0
управление 0.002469 2.525729 0.006236
урезали 0.002469 3.506558 0.008658
успешным 0.002469 2.995732 0.007397
устройства 0.002469 0.0 0.0
ученым 0.002469 0.0 0.0
учёных 0.002469 4.60517 0.011371
файлы 0.002469 0.0 0.0
филамента 0.002469 4.60517 0.011371
флагманского 0.002469 0.0 0.0
формирующие 0.002469 4.60517 0.011371
фото 0.002469 0.0 0.0
фундаментальные 0.002469 0.0 0.0
хантсвилле 0.002469 4.60517 0.011371
хит 0.002469 0.0 0.0
хитом 0.002469 0.0 0.0
цвет 0.002469 2.302585 0.005685
центра 0.002469 2.65926 0.006566
центре 0.002469 2.995732 0.007397
центром 0.002469 4.60517 0.011371
центру 0.002469 4.60517 0.011371
цены 0.002469 0.0 0.0
чандра 0.002469 4.60517 0.011371
чандры 0.002469 4.60517 0.011371
час 0.002469 0.0 0.0
части 0.002469 0.0 0.0
частиц 0.002469 2.525729 0.006236
человека 0.002469 0.0 0.0
чт 0.002469 0.0 0.0
экспорт 0.002469 0.0 0.0
эмбрионы 0.002469 0.0 0.0
энергий 0.002469 3.912023 0.009659
южной 0.002469 0.0 0.0
явный 0.002469 4.60517 0.011371
