абсолютного 0.002273 3.912023 0.008891
авиалайнера 0.002273 0.0 0.0
австралии 0.002273 0.0 0.0
автоваз 0.002273 0.0 0.0
автоматически 0.002273 2.995732 0.006808
автоматом 0.002273 0.0 0.0
автопроизводителя 0.002273 0.0 0.0
автор 0.002273 0.0 0.0
авторы 0.002273 0.0 0.0
администрацией 0.002273 0.0 0.0
адрес 0.002273 0.0 0.0
америке 0.002273 0.0 0.0
аналитики 0.002273 0.0 0.0
аналогами 0.002273 4.60517 0.010466
атомные 0.002273 3.218876 0.007316
атомными 0.002273 4.60517 0.010466
атомов 0.002273 3.912023 0.008891
атомы 0.002273 3.912023 0.008891
банках 0.002273 4.60517 0.010466
безопасность 0.002273 2.525729 0.00574
белка 0.002273 0.0 0.0
беспилотников 0.002273 3.912023 0.008891
биологические 0.002273 0.0 0.0
биологических 0.002273 0.0 0.0
биржи 0.002273 3.912023 0.008891
ближнем 0.002273 0.0 0.0
блоги 0.002273 0.0 0.0
бот 0.002273 0.0 0.0
будут 0.002273 0.0 0.0
быстро 0.002273 0.0 0.0
вверх 0.002273 3.912023 0.008891
весом 0.002273 0.0 0.0
вибрируют 0.002273 4.60517 0.010466
видео 0.002273 0.0 0.0
видеокарты 0.002273 0.0 0.0
включили 0.002273 3.506558 0.007969
владислав 0.002273 4.60517 0.010466
влияет 0.002273 3.506558 0.007969
вместе 0.002273 2.65926 0.006044
внедорожники 0.002273 0.0 0.0
воздействием 0.002273 4.60517 0.010466
войти 0.002273 0.0 0.0
волоса 0.002273 4.60517 0.010466
востоке 0.002273 0.0 0.0
времени 0.002273 1.89712 0.004312
время 0.002273 1.427116 0.003243
времён 0.002273 4.60517 0.010466
вс 0.002273 0.0 0.0
всемирное 0.002273 3.912023 0.008891
всему 0.002273 0.0 0.0
вт 0.002273 0.0 0.0
второй 0.002273 3.218876 0.007316
входят 0.002273 0.0 0.0
выделите 0.002273 0.0 0.0
выходит 0.002273 0.0 0.0
гаджетов 0.002273 4.60517 0.010466
гергинов 0.002273 4.60517 0.010466
главную 0.002273 0.0 0.0
глобального 0.002273 3.218876 0.007316
глобальное 0.002273 4.60517 0.010466
глобальной 0.002273 3.218876 0.007316
года 0.002273 0.0 0.0
годы 0.002273 2.407946 0.005473
данные 0.002273 0.0 0.0
данный 0.002273 0.0 0.0
данных 0.002273 0.0 0.0
дважды 0.002273 3.912023 0.008891
двигатели 0.002273 0.0 0.0
двигатель 0.002273 0.0 0.0
двух 0.002273 0.0 0.0
дизайн 0.002273 0.0 0.0
динозавров 0.002273 4.60517 0.010466
директор 0.002273 0.0 0.0
добавили 0.002273 4.60517 0.010466
долларов 0.002273 0.0 0.0
дом 0.002273 0.0 0.0
доставили 0.002273 0.0 0.0
достигает 0.002273 0.0 0.0
достижение 0.002273 3.912023 0.008891
другими 0.002273 3.506558 0.007969
ежесекундно 0.002273 4.60517 0.010466
ещё 0.002273 1.89712 0.004312
её 0.002273 1.203973 0.002736
жизнь 0.002273 3.912023 0.008891
завершат 0.002273 0.0 0.0
зависит 0.002273 2.995732 0.006808
заданном 0.002273 4.60517 0.010466
заняло 0.002273 4.60517 0.010466
запускали 0.002273 3.506558 0.007969
запустили 0.002273 3.912023 0.008891
запущены 0.002273 3.218876 0.007316
заставляет 0.002273 2.813411 0.006394
затем 0.002273 2.813411 0.006394
защиты 0.002273 0.0 0.0
земле 0.002273 0.0 0.0
земли 0.002273 0.0 0.0
зонд 0.002273 0.0 0.0
зонда 0.002273 0.0 0.0
игры 0.002273 0.0 0.0
излучением 0.002273 4.60517 0.010466
импульс 0.002273 2.65926 0.006044
инженеры 0.002273 2.525729 0.00574
инновационный 0.002273 0.0 0.0
институте 0.002273 3.506558 0.007969
интернет 0.002273 2.65926 0.006044
информации 0.002273 0.0 0.0
использования 0.002273 0.0 0.0
исследований 0.002273 0.0 0.0
источник 0.002273 0.0 0.0
календарь 0.002273 0.0 0.0
калибрующей 0.002273 4.60517 0.010466
камеру 0.002273 3.912023 0.008891
категории 0.002273 0.0 0.0
кг 0.002273 0.0 0.0
километров 0.002273 0.0 0.0
классическим 0.002273 0.0 0.0
клон 0.002273 0.0 0.0
колебаний 0.002273 3.506558 0.007969
колорадо 0.002273 3.506558 0.007969
комментирования 0.002273 0.0 0.0
комфортный 0.002273 0.0 0.0
конференция 0.002273 0.0 0.0
корее 0.002273 0.0 0.0
корпуса 0.002273 0.0 0.0
корректирует 0.002273 4.60517 0.010466
космос 0.002273 0.0 0.0
космоса 0.002273 0.0 0.0
которая 0.002273 1.560648 0.003547
которое 0.002273 2.525729 0.00574
которые 0.002273 1.309333 0.002976
которых 0.002273 2.813411 0.006394
кроссовера 0.002273 0.0 0.0
кроссоверы 0.002273 0.0 0.0
кубических 0.002273 0.0 0.0
куки 0.002273 0.0 0.0
лабораторный 0.002273 4.60517 0.010466
лазерами 0.002273 3.912023 0.008891
лежит 0.002273 3.218876 0.007316
лет 0.002273 0.0 0.0
летать 0.002273 0.0 0.0
лету 0.002273 0.0 0.0
лиз 0.002273 0.84397 0.001918
листа 0.002273 0.0 0.0
лучшими 0.002273 4.60517 0.010466
любая 0.002273 3.912023 0.008891
магнитных 0.002273 3.506558 0.007969
мае 0.002273 0.0 0.0
май 0.002273 0.0 0.0
марка 0.002273 0.0 0.0
материалов 0.002273 0.0 0.0
машину 0.002273 0.0 0.0
мая 0.002273 0.0 0.0
межконтинентальных 0.002273 4.60517 0.010466
межпланетный 0.002273 0.0 0.0
менее 0.002273 2.207275 0.005017
меньше 0.002273 2.407946 0.005473
меняет 0.002273 0.0 0.0
месяцами 0.002273 4.60517 0.010466
металл 0.002273 3.218876 0.007316
метрового 0.002273 0.0 0.0
микроволн 0.002273 3.912023 0.008891
микроволновую 0.002273 4.60517 0.010466
микроволновым 0.002273 4.60517 0.010466
микрон 0.002273 3.912023 0.008891
миллиардов 0.002273 4.60517 0.010466
миллионов 0.002273 0.0 0.0
мир 0.002273 0.0 0.0
мирового 0.002273 4.60517 0.010466
мировые 0.002273 3.912023 0.008891
мировыми 0.002273 4.60517 0.010466
миру 0.002273 0.0 0.0
млн 0.002273 1.108663 0.00252
мобильные 0.002273 0.0 0.0
могут 0.002273 0.0 0.0
моделью 0.002273 3.506558 0.007969
момент 0.002273 0.0 0.0
мониторы 0.002273 0.0 0.0
мотобрендов 0.002273 0.0 0.0
мотоциклов 0.002273 0.0 0.0
мс 0.002273 0.0 0.0
мультимедиа 0.002273 0.0 0.0
навигации 0.002273 3.218876 0.007316
навигационные 0.002273 4.60517 0.010466
навигацию 0.002273 3.506558 0.007969
надёжность 0.002273 2.813411 0.006394
нажмите 0.002273 0.0 0.0
назад 0.002273 2.65926 0.006044
назвал 0.002273 0.0 0.0
названием 0.002273 0.0 0.0
напрямую 0.002273 3.506558 0.007969
нарушить 0.002273 4.60517 0.010466
настройки 0.002273 3.506558 0.007969
научных 0.002273 3.218876 0.007316
национальном 0.002273 3.912023 0.008891
национальные 0.002273 4.60517 0.010466
наш 0.002273 0.0 0.0
нашей 0.002273 0.0 0.0
наши 0.002273 0.0 0.0
нашли 0.002273 0.0 0.0
нашумевший 0.002273 3.506558 0.007969
незаметно 0.002273 4.60517 0.010466
неизменной 0.002273 4.60517 0.010466
новости 0.002273 0.0 0.0
новые 0.002273 0.0 0.0
новый 0.002273 0.0 0.0
носители 0.002273 0.0 0.0
ноутбуки 0.002273 0.0 0.0
нужно 0.002273 2.65926 0.006044
нужны 0.002273 0.0 0.0
нуля 0.002273 3.506558 0.007969
обеспечивает 0.002273 2.407946 0.005473
обзоры 0.002273 0.0 0.0
облако 0.002273 3.912023 0.008891
обработки 0.002273 0.0 0.0
образцы 0.002273 0.0 0.0
объявлена 0.002273 0.0 0.0
одной 0.002273 1.832581 0.004165
одноклассник 0.002273 0.0 0.0
определения 0.002273 3.912023 0.008891
оптическим 0.002273 4.60517 0.010466
орбите 0.002273 0.0 0.0
ос 0.002273 0.0 0.0
осколок 0.002273 2.813411 0.006394
основе 0.002273 2.207275 0.005017
основой 0.002273 3.218876 0.007316
останутся 0.002273 3.506558 0.007969
отдадут 0.002273 0.0 0.0
отдела 0.002273 3.218876 0.007316
отечественного 0.002273 0.0 0.0
отказа 0.002273 0.0 0.0
отказались 0.002273 0.0 0.0
отклоняется 0.002273 4.60517 0.010466
отключили 0.002273 0.0 0.0
отмечает 0.002273 4.60517 0.010466
оторвался 0.002273 3.506558 0.007969
отсчитывает 0.002273 4.60517 0.010466
официального 0.002273 3.218876 0.007316
охлаждённых 0.002273 4.60517 0.010466
очень 0.002273 0.0 0.0
ошибка 0.002273 3.912023 0.008891
ошибку 0.002273 0.0 0.0
первый 0.002273 2.65926 0.006044
переднего 0.002273 0.0 0.0
переопределяют 0.002273 4.60517 0.010466
перепадов 0.002273 4.60517 0.010466
перестроили 0.002273 4.60517 0.010466
перехода 0.002273 3.912023 0.008891
период 0.002273 0.0 0.0
периферия 0.002273 0.0 0.0
персональные 0.002273 0.0 0.0
персональных 0.002273 0.0 0.0
пиар 0.002273 0.0 0.0
пк 0.002273 0.0 0.0
планшеты 0.002273 0.0 0.0
планы 0.002273 3.218876 0.007316
платформа 0.002273 0.0 0.0
платформе 0.002273 2.65926 0.006044
пн 0.002273 0.0 0.0
повседневная 0.002273 4.60517 0.010466
погрешность 0.002273 4.60517 0.010466
погрешностью 0.002273 4.60517 0.010466
подбрасывают 0.002273 3.912023 0.008891
подвел 0.002273 0.0 0.0
поднял 0.002273 0.0 0.0
подобных 0.002273 3.218876 0.007316
подробнее 0.002273 0.0 0.0
поиск 0.002273 0.0 0.0
пока 0.002273 0.0 0.0
полезные 0.002273 0.0 0.0
полей 0.002273 3.912023 0.008891
политика 0.002273 0.0 0.0
политикой 0.002273 0.0 0.0
полноприводными 0.002273 0.0 0.0
полёте 0.002273 4.60517 0.010466
полётов 0.002273 0.0 0.0
понятие 0.002273 4.60517 0.010466
попробовать 0.002273 0.0 0.0
популярная 0.002273 0.0 0.0
популярных 0.002273 0.0 0.0
посещать 0.002273 0.0 0.0
правила 0.002273 0.0 0.0
прайс 0.002273 0.0 0.0
представлен 0.002273 0.0 0.0
предыдущей 0.002273 3.506558 0.007969
прибавка 0.002273 0.0 0.0
привода 0.002273 0.0 0.0
принтеры 0.002273 0.0 0.0
природой 0.002273 4.60517 0.010466
причины 0.002273 0.0 0.0
пробизнес 0.002273 0.0 0.0
проведения 0.002273 0.0 0.0
проверяет 0.002273 4.60517 0.010466
программы 0.002273 0.0 0.0
продавать 0.002273 0.0 0.0
продажи 0.002273 0.0 0.0
продолжая 0.002273 0.0 0.0
проектов 0.002273 0.0 0.0
проекторы 0.002273 0.0 0.0
проекты 0.002273 0.0 0.0
пролить 0.002273 0.0 0.0
пропускают 0.002273 4.60517 0.010466
процессы 0.002273 0.0 0.0
пт 0.002273 0.0 0.0
пульсировать 0.002273 4.60517 0.010466
пять 0.002273 2.995732 0.006808
работали 0.002273 2.65926 0.006044
работают 0.002273 2.65926 0.006044
работы 0.002273 0.0 0.0
разместят 0.002273 3.506558 0.007969
ракету 0.002273 2.995732 0.006808
реальных 0.002273 0.0 0.0
редкий 0.002273 4.60517 0.010466
результат 0.002273 0.0 0.0
результаты 0.002273 0.0 0.0
рейсов 0.002273 3.912023 0.008891
реклама 0.002273 0.0 0.0
решает 0.002273 0.0 0.0
ритме 0.002273 4.60517 0.010466
россии 0.002273 0.0 0.0
россияне 0.002273 0.0 0.0
рублей 0.002273 0.0 0.0
руководитель 0.002273 2.813411 0.006394
рынок 0.002273 0.0 0.0
сайте 0.002273 0.0 0.0
сайты 0.002273 0.0 0.0
самая 0.002273 0.0 0.0
самолётах 0.002273 0.0 0.0
самых 0.002273 0.0 0.0
сантиметров 0.002273 0.0 0.0
сб 0.002273 0.0 0.0
сбора 0.002273 0.0 0.0
сверяли 0.002273 4.60517 0.010466
свет 0.002273 0.0 0.0
своей 0.002273 0.0 0.0
связи 0.002273 0.0 0.0
связь 0.002273 0.0 0.0
сегодня 0.002273 0.0 0.0
секунду 0.002273 3.506558 0.007969
секунды 0.002273 2.207275 0.005017
серверов 0.002273 4.60517 0.010466
серверы 0.002273 0.0 0.0
сервисы 0.002273 0.0 0.0
сертификацию 0.002273 0.0 0.0
сети 0.002273 0.0 0.0
сигнале 0.002273 4.60517 0.010466
синхронизацию 0.002273 3.912023 0.008891
синхронизирует 0.002273 4.60517 0.010466
система 0.002273 1.514128 0.003441
системы 0.002273 1.469676 0.00334
сказала 0.002273 4.60517 0.010466
скоро 0.002273 0.0 0.0
сложности 0.002273 0.0 0.0
смартфона 0.002273 2.813411 0.006394
снова 0.002273 0.0 0.0
советский 0.002273 0.0 0.0
соглашаетесь 0.002273 0.0 0.0
создание 0.002273 2.525729 0.00574
сопоставимо 0.002273 3.912023 0.008891
составила 0.002273 3.506558 0.007969
спасти 0.002273 0.0 0.0
спутники 0.002273 2.995732 0.006808
ср 0.002273 0.0 0.0
сразу 0.002273 2.813411 0.006394
среда 0.002273 0.0 0.0
ссылки 0.002273 0.0 0.0
стабильность 0.002273 2.995732 0.006808
стал 0.002273 0.0 0.0
стали 0.002273 2.65926 0.006044
стандартов 0.002273 3.218876 0.007316
станет 0.002273 1.714798 0.003897
стартуют 0.002273 0.0 0.0
статистика 0.002273 0.0 0.0
статьи 0.002273 0.0 0.0
стоимость 0.002273 0.0 0.0
столько 0.002273 2.407946 0.005473
странах 0.002273 4.60517 0.010466
сша 0.002273 0.0 0.0
тайконавты 0.002273 0.0 0.0
такие 0.002273 1.714798 0.003897
тв 0.002273 0.0 0.0
теги 0.002273 0.0 0.0
текст 0.002273 0.0 0.0
температуры 0.002273 3.912023 0.008891
тестирует 0.002273 2.65926 0.006044
технический 0.002273 0.0 0.0
технологии 0.002273 1.514128 0.003441
технологий 0.002273 1.771957 0.004027
технология 0.002273 2.302585 0.005233
тоньше 0.002273 4.60517 0.010466
топ 0.002273 0.0 0.0
точности 0.002273 2.813411 0.006394
точность 0.002273 1.832581 0.004165
точностью 0.002273 2.302585 0.005233
точным 0.002273 3.912023 0.008891
транзакции 0.002273 4.60517 0.010466
транзакций 0.002273 3.912023 0.008891
тыс 0.002273 0.0 0.0
тысяч 0.002273 2.407946 0.005473
убрали 0.002273 0.0 0.0
умных 0.002273 3.506558 0.007969
упасть 0.002273 0.0 0.0
усиливает 0.002273 2.65926 0.006044
установок 0.002273 2.995732 0.006808
устройства 0.002273 0.0 0.0
устройство 0.002273 2.65926 0.006044
ученым 0.002273 0.0 0.0
файлы 0.002273 0.0 0.0
физик 0.002273 2.995732 0.006808
финансовая 0.002273 3.912023 0.008891
финансовых 0.002273 3.912023 0.008891
флагманского 0.002273 0.0 0.0
фондовые 0.002273 4.60517 0.010466
фото 0.002273 0.0 0.0
фундаментальные 0.002273 0.0 0.0
хитом 0.002273 0.0 0.0
ход 0.002273 0.0 0.0
цезиевые 0.002273 4.60517 0.010466
цезий 0.002273 4.60517 0.010466
центрах 0.002273 4.60517 0.010466
цены 0.002273 0.0 0.0
часам 0.002273 4.60517 0.010466
часами 0.002273 4.60517 0.010466
часов 0.002273 2.525729 0.00574
части 0.002273 0.0 0.0
частота 0.002273 3.506558 0.007969
частотой 0.002273 3.506558 0.007969
частоты 0.002273 3.912023 0.008891
частью 0.002273 3.218876 0.007316
часы 0.002273 2.65926 0.006044
чат 0.002273 1.049822 0.002386
человека 0.002273 0.0 0.0
чт 0.002273 0.0 0.0
чьи 0.002273 3.912023 0.008891
эксперимент 0.002273 1.832581 0.004165
экспорт 0.002273 0.0 0.0
электросети 0.002273 4.60517 0.010466
эмбрионы 0.002273 0.0 0.0
эталона 0.002273 3.506558 0.007969
эталоном 0.002273 4.60517 0.010466
южной 0.002273 0.0 0.0
