авиалайнера 0.003067 0.0 0.0
австралии 0.003067 0.0 0.0
автоваз 0.003067 0.0 0.0
автоматом 0.003067 0.0 0.0
автопроизводителя 0.003067 0.0 0.0
автор 0.003067 0.0 0.0
авторы 0.003067 0.0 0.0
администрацией 0.003067 0.0 0.0
адрес 0.003067 0.0 0.0
америке 0.003067 0.0 0.0
аналитики 0.003067 0.0 0.0
базе 0.003067 2.995732 0.009189
базы 0.003067 3.912023 0.012
белка 0.003067 0.0 0.0
бесперебойного 0.003067 4.60517 0.014126
биологические 0.003067 0.0 0.0
биологических 0.003067 0.0 0.0
ближе 0.003067 2.813411 0.00863
ближнем 0.003067 0.0 0.0
блоги 0.003067 0.0 0.0
будут 0.003067 0.0 0.0
будущем 0.003067 2.995732 0.009189
быстрее 0.003067 2.407946 0.007386
быстро 0.003067 0.0 0.0
вдвое 0.003067 2.995732 0.009189
версии 0.003067 1.714798 0.00526
версию 0.003067 2.813411 0.00863
версия 0.003067 2.65926 0.008157
весом 0.003067 0.0 0.0
взаимодействие 0.003067 3.506558 0.010756
видео 0.003067 0.0 0.0
видеокарты 0.003067 0.0 0.0
внедорожники 0.003067 0.0 0.0
войти 0.003067 0.0 0.0
востоке 0.003067 0.0 0.0
время 0.003067 1.427116 0.004378
вс 0.003067 0.0 0.0
всей 0.003067 3.506558 0.010756
всему 0.003067 0.0 0.0
вступили 0.003067 4.60517 0.014126
вт 0.003067 0.0 0.0
втором 0.003067 2.813411 0.00863
входят 0.003067 0.0 0.0
выделите 0.003067 0.0 0.0
вынужденным 0.003067 4.60517 0.014126
выпустила 0.003067 4.60517 0.014126
выпущена 0.003067 3.912023 0.012
выход 0.003067 0.0 0.0
выходит 0.003067 0.0 0.0
главную 0.003067 0.0 0.0
года 0.003067 0.0 0.0
данные 0.003067 0.0 0.0
данный 0.003067 0.0 0.0
данных 0.003067 0.0 0.0
двигатели 0.003067 0.0 0.0
двигатель 0.003067 0.0 0.0
двух 0.003067 0.0 0.0
дизайн 0.003067 0.0 0.0
директор 0.003067 0.0 0.0
долларов 0.003067 0.0 0.0
дом 0.003067 0.0 0.0
доставили 0.003067 0.0 0.0
достигает 0.003067 0.0 0.0
завершат 0.003067 0.0 0.0
запуск 0.003067 1.272966 0.003905
запуска 0.003067 1.771957 0.005435
запущены 0.003067 3.218876 0.009874
защиты 0.003067 0.0 0.0
заявляет 0.003067 3.506558 0.010756
земле 0.003067 0.0 0.0
земли 0.003067 0.0 0.0
зонд 0.003067 0.0 0.0
зонда 0.003067 0.0 0.0
игры 0.003067 0.0 0.0
инновационный 0.003067 0.0 0.0
информации 0.003067 0.0 0.0
исполнительный 0.003067 4.60517 0.014126
использование 0.003067 2.207275 0.006771
использования 0.003067 0.0 0.0
использовать 0.003067 2.525729 0.007748
исследований 0.003067 0.0 0.0
истечет 0.003067 4.60517 0.014126
историю 0.003067 3.218876 0.009874
источник 0.003067 0.0 0.0
каждый 0.003067 2.525729 0.007748
календарь 0.003067 0.0 0.0
калифорнийская 0.003067 3.506558 0.010756
категории 0.003067 0.0 0.0
кг 0.003067 0.0 0.0
километров 0.003067 0.0 0.0
классическим 0.003067 0.0 0.0
классических 0.003067 3.218876 0.009874
клон 0.003067 0.0 0.0
комментирования 0.003067 0.0 0.0
компании 0.003067 1.347074 0.004132
компания 0.003067 0.820981 0.002518
компьютеры 0.003067 2.65926 0.008157
комфортный 0.003067 0.0 0.0
конференция 0.003067 0.0 0.0
корее 0.003067 0.0 0.0
корпуса 0.003067 0.0 0.0
космос 0.003067 0.0 0.0
космоса 0.003067 0.0 0.0
которая 0.003067 1.560648 0.004787
кроссовера 0.003067 0.0 0.0
кроссоверы 0.003067 0.0 0.0
кубических 0.003067 0.0 0.0
куки 0.003067 0.0 0.0
летать 0.003067 0.0 0.0
лету 0.003067 0.0 0.0
листа 0.003067 0.0 0.0
лицензия 0.003067 4.60517 0.014126
мае 0.003067 0.0 0.0
май 0.003067 0.0 0.0
майских 0.003067 3.912023 0.012
марка 0.003067 0.0 0.0
материалов 0.003067 0.0 0.0
машину 0.003067 0.0 0.0
мая 0.003067 0.0 0.0
межпланетный 0.003067 0.0 0.0
меняет 0.003067 0.0 0.0
метрового 0.003067 0.0 0.0
миллионов 0.003067 0.0 0.0
миру 0.003067 0.0 0.0
мобильные 0.003067 0.0 0.0
мобильных 0.003067 3.506558 0.010756
могут 0.003067 0.0 0.0
момент 0.003067 0.0 0.0
мониторы 0.003067 0.0 0.0
мотобрендов 0.003067 0.0 0.0
мотоциклов 0.003067 0.0 0.0
мощнее 0.003067 3.218876 0.009874
мс 0.003067 0.0 0.0
мультимедиа 0.003067 0.0 0.0
нажмите 0.003067 0.0 0.0
назвал 0.003067 0.0 0.0
названием 0.003067 0.0 0.0
началом 0.003067 3.912023 0.012
начался 0.003067 3.912023 0.012
нашей 0.003067 0.0 0.0
наши 0.003067 0.0 0.0
нашли 0.003067 0.0 0.0
недавно 0.003067 2.813411 0.00863
независимой 0.003067 4.60517 0.014126
новости 0.003067 0.0 0.0
новые 0.003067 0.0 0.0
новый 0.003067 0.0 0.0
нормальной 0.003067 3.912023 0.012
носители 0.003067 0.0 0.0
ноутбук 0.003067 0.0 0.0
ноутбуки 0.003067 0.0 0.0
нужны 0.003067 0.0 0.0
обеспечения 0.003067 2.995732 0.009189
обзоры 0.003067 0.0 0.0
обработки 0.003067 0.0 0.0
образцы 0.003067 0.0 0.0
объявил 0.003067 1.966113 0.006031
объявлена 0.003067 0.0 0.0
объявлено 0.003067 4.60517 0.014126
одноклассник 0.003067 0.0 0.0
ожидается 0.003067 2.813411 0.00863
орбите 0.003067 0.0 0.0
ос 0.003067 0.0 0.0
отдадут 0.003067 0.0 0.0
отечественного 0.003067 0.0 0.0
отказа 0.003067 0.0 0.0
отказались 0.003067 0.0 0.0
отключили 0.003067 0.0 0.0
официальное 0.003067 3.912023 0.012
очень 0.003067 0.0 0.0
ошибку 0.003067 0.0 0.0
первом 0.003067 2.525729 0.007748
переводят 0.003067 3.506558 0.010756
переднего 0.003067 0.0 0.0
перейдут 0.003067 4.60517 0.014126
переключения 0.003067 4.60517 0.014126
период 0.003067 0.0 0.0
периферия 0.003067 0.0 0.0
персональные 0.003067 0.0 0.0
персональных 0.003067 0.0 0.0
пиар 0.003067 0.0 0.0
пишет 0.003067 4.60517 0.014126
пк 0.003067 0.0 0.0
планшетах 0.003067 4.60517 0.014126
планшеты 0.003067 0.0 0.0
платформа 0.003067 0.0 0.0
пн 0.003067 0.0 0.0
подвел 0.003067 0.0 0.0
поднял 0.003067 0.0 0.0
подробнее 0.003067 0.0 0.0
поиск 0.003067 0.0 0.0
пока 0.003067 0.0 0.0
полезные 0.003067 0.0 0.0
политика 0.003067 0.0 0.0
политикой 0.003067 0.0 0.0
полноприводными 0.003067 0.0 0.0
полностью 0.003067 2.207275 0.006771
пользователей 0.003067 2.65926 0.008157
пользовательской 0.003067 3.912023 0.012
полётов 0.003067 0.0 0.0
попробовать 0.003067 0.0 0.0
популярная 0.003067 0.0 0.0
популярных 0.003067 0.0 0.0
посещать 0.003067 0.0 0.0
похоже 0.003067 2.813411 0.00863
правила 0.003067 0.0 0.0
праздников 0.003067 3.912023 0.012
прайс 0.003067 0.0 0.0
председатель 0.003067 4.60517 0.014126
представлен 0.003067 0.0 0.0
представлены 0.003067 3.506558 0.010756
прибавка 0.003067 0.0 0.0
привода 0.003067 0.0 0.0
приложения 0.003067 3.218876 0.009874
приложениям 0.003067 4.60517 0.014126
принтеры 0.003067 0.0 0.0
причины 0.003067 0.0 0.0
пробизнес 0.003067 0.0 0.0
проведения 0.003067 0.0 0.0
программного 0.003067 3.912023 0.012
программы 0.003067 0.0 0.0
продавать 0.003067 0.0 0.0
продажи 0.003067 0.0 0.0
продолжать 0.003067 3.912023 0.012
продолжая 0.003067 0.0 0.0
проектов 0.003067 0.0 0.0
проекторы 0.003067 0.0 0.0
проекты 0.003067 0.0 0.0
производитель 0.003067 1.966113 0.006031
пролить 0.003067 0.0 0.0
прорыве 0.003067 3.506558 0.010756
процессы 0.003067 0.0 0.0
пт 0.003067 0.0 0.0
работы 0.003067 0.0 0.0
различного 0.003067 4.60517 0.014126
разработает 0.003067 4.60517 0.014126
ранее 0.003067 1.771957 0.005435
реактор 0.003067 2.65926 0.008157
реализации 0.003067 3.912023 0.012
реальных 0.003067 0.0 0.0
результаты 0.003067 0.0 0.0
реклама 0.003067 0.0 0.0
решает 0.003067 0.0 0.0
россии 0.003067 0.0 0.0
россияне 0.003067 0.0 0.0
роста 0.003067 2.525729 0.007748
рублей 0.003067 0.0 0.0
рынок 0.003067 0.0 0.0
сайте 0.003067 0.0 0.0
сайты 0.003067 0.0 0.0
самая 0.003067 0.0 0.0
самолётах 0.003067 0.0 0.0
самых 0.003067 0.0 0.0
сантиметров 0.003067 0.0 0.0
сб 0.003067 0.0 0.0
сбора 0.003067 0.0 0.0
свет 0.003067 0.0 0.0
своей 0.003067 0.0 0.0
связи 0.003067 0.0 0.0
связь 0.003067 0.0 0.0
сегодня 0.003067 0.0 0.0
серверы 0.003067 0.0 0.0
сервисы 0.003067 0.0 0.0
сертификацию 0.003067 0.0 0.0
сети 0.003067 0.0 0.0
синтезе 0.003067 3.506558 0.010756
систему 0.003067 2.525729 0.007748
скоро 0.003067 0.0 0.0
сложности 0.003067 0.0 0.0
смартфонами 0.003067 3.506558 0.010756
смартфоны 0.003067 3.912023 0.012
сможет 0.003067 2.995732 0.009189
снова 0.003067 0.0 0.0
советский 0.003067 0.0 0.0
современные 0.003067 2.302585 0.007063
соглашаетесь 0.003067 0.0 0.0
соответствовать 0.003067 4.60517 0.014126
спасти 0.003067 0.0 0.0
специально 0.003067 3.506558 0.010756
ср 0.003067 0.0 0.0
сразу 0.003067 2.813411 0.00863
среда 0.003067 0.0 0.0
ссылки 0.003067 0.0 0.0
стал 0.003067 0.0 0.0
становится 0.003067 3.506558 0.010756
стартуют 0.003067 0.0 0.0
статистика 0.003067 0.0 0.0
статьи 0.003067 0.0 0.0
стоимость 0.003067 0.0 0.0
сша 0.003067 0.0 0.0
тайконавты 0.003067 0.0 0.0
тв 0.003067 0.0 0.0
теги 0.003067 0.0 0.0
текст 0.003067 0.0 0.0
телефонах 0.003067 4.60517 0.014126
термоядерном 0.003067 3.506558 0.010756
технический 0.003067 0.0 0.0
токамаков 0.003067 3.506558 0.010756
топ 0.003067 0.0 0.0
тыс 0.003067 0.0 0.0
убрали 0.003067 0.0 0.0
удалит 0.003067 4.60517 0.014126
упасть 0.003067 0.0 0.0
управляемом 0.003067 3.506558 0.010756
устройства 0.003067 0.0 0.0
уходит 0.003067 3.506558 0.010756
ученым 0.003067 0.0 0.0
файлы 0.003067 0.0 0.0
фактически 0.003067 3.912023 0.012
финальная 0.003067 4.60517 0.014126
флагманского 0.003067 0.0 0.0
фото 0.003067 0.0 0.0
фундаментальные 0.003067 0.0 0.0
хитом 0.003067 0.0 0.0
цены 0.003067 0.0 0.0
части 0.003067 0.0 0.0
человека 0.003067 0.0 0.0
чт 0.003067 0.0 0.0
чэндун 0.003067 4.60517 0.014126
экосистемы 0.003067 3.506558 0.010756
экспорт 0.003067 0.0 0.0
эмбрионы 0.003067 0.0 0.0
эмулятор 0.003067 4.60517 0.014126
эру 0.003067 2.525729 0.007748
этапе 0.003067 3.912023 0.012
южной 0.003067 0.0 0.0
