авиалайнера 0.002525 0.0 0.0
австралии 0.002525 0.0 0.0
автоваз 0.002525 0.0 0.0
автоматизации 0.002525 3.218876 0.008128
автоматизация 0.002525 3.506558 0.008855
автоматизированного 0.002525 4.60517 0.011629
автоматом 0.002525 0.0 0.0
автономная 0.002525 3.912023 0.009879
автопроизводителя 0.002525 0.0 0.0
автор 0.002525 0.0 0.0
авторы 0.002525 0.0 0.0
администрацией 0.002525 0.0 0.0
адрес 0.002525 0.0 0.0
америке 0.002525 0.0 0.0
аналитики 0.002525 0.0 0.0
бармены 0.002525 4.60517 0.011629
белка 0.002525 0.0 0.0
беременности 0.002525 3.506558 0.008855
биологические 0.002525 0.0 0.0
биологических 0.002525 0.0 0.0
ближнем 0.002525 0.0 0.0
блоги 0.002525 0.0 0.0
блюд 0.002525 3.506558 0.008855
бокса 0.002525 4.60517 0.011629
будут 0.002525 0.0 0.0
булочку 0.002525 4.60517 0.011629
бургера 0.002525 3.506558 0.008855
бургеры 0.002525 4.60517 0.011629
быстро 0.002525 0.0 0.0
весом 0.002525 0.0 0.0
видео 0.002525 0.0 0.0
видеокарты 0.002525 0.0 0.0
внедорожники 0.002525 0.0 0.0
внедрение 0.002525 2.813411 0.007105
войти 0.002525 0.0 0.0
востоке 0.002525 0.0 0.0
времени 0.002525 1.89712 0.004791
время 0.002525 1.427116 0.003604
вс 0.002525 0.0 0.0
всему 0.002525 0.0 0.0
вт 0.002525 0.0 0.0
входят 0.002525 0.0 0.0
выделите 0.002525 0.0 0.0
выйти 0.002525 3.218876 0.008128
высокую 0.002525 3.218876 0.008128
выходит 0.002525 0.0 0.0
гатосе 0.002525 4.60517 0.011629
гибридный 0.002525 3.218876 0.008128
гигиену 0.002525 4.60517 0.011629
главную 0.002525 0.0 0.0
года 0.002525 0.0 0.0
гостеприимства 0.002525 4.60517 0.011629
готов 0.002525 1.237874 0.003126
готовит 0.002525 2.65926 0.006715
данные 0.002525 0.0 0.0
данный 0.002525 0.0 0.0
данным 0.002525 1.89712 0.004791
данных 0.002525 0.0 0.0
дают 0.002525 1.609438 0.004064
двигатели 0.002525 0.0 0.0
двигатель 0.002525 0.0 0.0
двух 0.002525 0.0 0.0
демонстрирующий 0.002525 4.60517 0.011629
дизайн 0.002525 0.0 0.0
директор 0.002525 0.0 0.0
долларов 0.002525 0.0 0.0
долю 0.002525 3.506558 0.008855
дом 0.002525 0.0 0.0
доставили 0.002525 0.0 0.0
достигает 0.002525 0.0 0.0
другие 0.002525 2.040221 0.005152
животах 0.002525 3.506558 0.008855
живых 0.002525 3.506558 0.008855
заведениях 0.002525 4.60517 0.011629
завершает 0.002525 4.60517 0.011629
завершат 0.002525 0.0 0.0
заводов 0.002525 4.60517 0.011629
задач 0.002525 1.609438 0.004064
запасами 0.002525 3.912023 0.009879
запасы 0.002525 4.60517 0.011629
запустил 0.002525 2.040221 0.005152
затем 0.002525 2.813411 0.007105
затрат 0.002525 2.65926 0.006715
защиты 0.002525 0.0 0.0
заявил 0.002525 2.207275 0.005574
земле 0.002525 0.0 0.0
земли 0.002525 0.0 0.0
зонд 0.002525 0.0 0.0
зонда 0.002525 0.0 0.0
зоны 0.002525 2.995732 0.007565
игры 0.002525 0.0 0.0
имитации 0.002525 3.506558 0.008855
ингредиентов 0.002525 4.60517 0.011629
индивидуальные 0.002525 3.912023 0.009879
инновации 0.002525 3.912023 0.009879
инновационный 0.002525 0.0 0.0
интеллектуальная 0.002525 4.60517 0.011629
информации 0.002525 0.0 0.0
использования 0.002525 0.0 0.0
исследований 0.002525 0.0 0.0
исследовать 0.002525 3.218876 0.008128
источник 0.002525 0.0 0.0
кадров 0.002525 2.65926 0.006715
каждый 0.002525 2.525729 0.006378
календарь 0.002525 0.0 0.0
калифорнии 0.002525 2.65926 0.006715
кастомизацию 0.002525 4.60517 0.011629
категории 0.002525 0.0 0.0
кг 0.002525 0.0 0.0
километров 0.002525 0.0 0.0
китай 0.002525 1.171183 0.002958
классическим 0.002525 0.0 0.0
клон 0.002525 0.0 0.0
кода 0.002525 2.525729 0.006378
команда 0.002525 2.120264 0.005354
комментирования 0.002525 0.0 0.0
компактная 0.002525 4.60517 0.011629
комфортный 0.002525 0.0 0.0
конвейера 0.002525 3.912023 0.009879
контрабанда 0.002525 3.506558 0.008855
контролируя 0.002525 4.60517 0.011629
контроля 0.002525 3.218876 0.008128
конференция 0.002525 0.0 0.0
концепции 0.002525 4.60517 0.011629
корее 0.002525 0.0 0.0
корпуса 0.002525 0.0 0.0
космос 0.002525 0.0 0.0
космоса 0.002525 0.0 0.0
кроссовера 0.002525 0.0 0.0
кроссоверы 0.002525 0.0 0.0
кубических 0.002525 0.0 0.0
куки 0.002525 0.0 0.0
кулинарные 0.002525 4.60517 0.011629
кухней 0.002525 4.60517 0.011629
кухни 0.002525 4.60517 0.011629
кухню 0.002525 3.506558 0.008855
кухня 0.002525 4.60517 0.011629
лет 0.002525 0.0 0.0
летать 0.002525 0.0 0.0
лету 0.002525 0.0 0.0
листа 0.002525 0.0 0.0
лобстерах 0.002525 3.506558 0.008855
лука 0.002525 4.60517 0.011629
людей 0.002525 2.302585 0.005815
мае 0.002525 0.0 0.0
май 0.002525 0.0 0.0
марк 0.002525 0.0 0.0
марка 0.002525 0.0 0.0
масштабирование 0.002525 3.912023 0.009879
материалов 0.002525 0.0 0.0
машину 0.002525 0.0 0.0
мая 0.002525 0.0 0.0
межпланетный 0.002525 0.0 0.0
менеджеров 0.002525 4.60517 0.011629
меняет 0.002525 0.0 0.0
метрового 0.002525 0.0 0.0
миллионов 0.002525 0.0 0.0
миру 0.002525 0.0 0.0
мобильные 0.002525 0.0 0.0
могут 0.002525 0.0 0.0
момент 0.002525 0.0 0.0
мониторы 0.002525 0.0 0.0
монотонного 0.002525 4.60517 0.011629
мотобрендов 0.002525 0.0 0.0
мотоциклов 0.002525 0.0 0.0
мс 0.002525 0.0 0.0
мультимедиа 0.002525 0.0 0.0
надёжность 0.002525 2.813411 0.007105
нажмите 0.002525 0.0 0.0
назвал 0.002525 0.0 0.0
названием 0.002525 0.0 0.0
называет 0.002525 3.912023 0.009879
накладных 0.002525 3.506558 0.008855
начинку 0.002525 4.60517 0.011629
нашей 0.002525 0.0 0.0
наши 0.002525 0.0 0.0
нашли 0.002525 0.0 0.0
необходимостью 0.002525 4.60517 0.011629
новости 0.002525 0.0 0.0
новые 0.002525 0.0 0.0
новый 0.002525 0.0 0.0
носители 0.002525 0.0 0.0
ноутбуки 0.002525 0.0 0.0
нужны 0.002525 0.0 0.0
обеспечивают 0.002525 3.912023 0.009879
обзоры 0.002525 0.0 0.0
обработки 0.002525 0.0 0.0
образцы 0.002525 0.0 0.0
обслуживания 0.002525 4.60517 0.011629
общепита 0.002525 4.60517 0.011629
объявлена 0.002525 0.0 0.0
одноклассник 0.002525 0.0 0.0
опасного 0.002525 4.60517 0.011629
опасные 0.002525 3.506558 0.008855
опроса 0.002525 3.912023 0.009879
орбите 0.002525 0.0 0.0
ориентируясь 0.002525 4.60517 0.011629
ос 0.002525 0.0 0.0
основатель 0.002525 4.60517 0.011629
основе 0.002525 2.207275 0.005574
основу 0.002525 3.218876 0.008128
ответом 0.002525 3.912023 0.009879
отдадут 0.002525 0.0 0.0
отечественного 0.002525 0.0 0.0
отказа 0.002525 0.0 0.0
отказались 0.002525 0.0 0.0
отключили 0.002525 0.0 0.0
отрасли 0.002525 2.813411 0.007105
отслеживает 0.002525 3.912023 0.009879
очень 0.002525 0.0 0.0
ошибку 0.002525 0.0 0.0
переднего 0.002525 0.0 0.0
период 0.002525 0.0 0.0
периферия 0.002525 0.0 0.0
персональные 0.002525 0.0 0.0
персональных 0.002525 0.0 0.0
пиар 0.002525 0.0 0.0
пилотный 0.002525 3.912023 0.009879
пк 0.002525 0.0 0.0
планирования 0.002525 3.912023 0.009879
планшеты 0.002525 0.0 0.0
платформа 0.002525 0.0 0.0
пн 0.002525 0.0 0.0
подвел 0.002525 0.0 0.0
поддерживают 0.002525 3.912023 0.009879
поднял 0.002525 0.0 0.0
подробнее 0.002525 0.0 0.0
подчеркнула 0.002525 2.995732 0.007565
поиск 0.002525 0.0 0.0
пока 0.002525 0.0 0.0
полезные 0.002525 0.0 0.0
политика 0.002525 0.0 0.0
политикой 0.002525 0.0 0.0
полминуты 0.002525 3.506558 0.008855
полноприводными 0.002525 0.0 0.0
полётов 0.002525 0.0 0.0
попробовать 0.002525 0.0 0.0
популярная 0.002525 0.0 0.0
популярных 0.002525 0.0 0.0
посещать 0.002525 0.0 0.0
появятся 0.002525 3.506558 0.008855
правила 0.002525 0.0 0.0
прайс 0.002525 0.0 0.0
пределы 0.002525 3.506558 0.008855
предпринимателем 0.002525 4.60517 0.011629
предсказывает 0.002525 4.60517 0.011629
представлен 0.002525 0.0 0.0
президент 0.002525 2.65926 0.006715
прибавка 0.002525 0.0 0.0
привода 0.002525 0.0 0.0
приготовления 0.002525 4.60517 0.011629
принтеры 0.002525 0.0 0.0
причины 0.002525 0.0 0.0
пробизнес 0.002525 0.0 0.0
проблемы 0.002525 2.813411 0.007105
проведения 0.002525 0.0 0.0
прогнозированием 0.002525 4.60517 0.011629
программы 0.002525 0.0 0.0
продавать 0.002525 0.0 0.0
продажи 0.002525 0.0 0.0
продолжая 0.002525 0.0 0.0
проект 0.002525 0.0 0.0
проектов 0.002525 0.0 0.0
проекторы 0.002525 0.0 0.0
проекты 0.002525 0.0 0.0
прозрачность 0.002525 4.60517 0.011629
пролить 0.002525 0.0 0.0
промышленной 0.002525 4.60517 0.011629
промышленности 0.002525 4.60517 0.011629
промышленные 0.002525 3.506558 0.008855
процессы 0.002525 0.0 0.0
пт 0.002525 0.0 0.0
пять 0.002525 2.995732 0.007565
работников 0.002525 3.912023 0.009879
работы 0.002525 0.0 0.0
развивает 0.002525 3.506558 0.008855
размещает 0.002525 4.60517 0.011629
растущие 0.002525 4.60517 0.011629
расходы 0.002525 3.912023 0.009879
реальном 0.002525 3.506558 0.008855
реальных 0.002525 0.0 0.0
революцию 0.002525 3.912023 0.009879
результаты 0.002525 0.0 0.0
реклама 0.002525 0.0 0.0
ресторана 0.002525 4.60517 0.011629
ресторанам 0.002525 4.60517 0.011629
решает 0.002525 0.0 0.0
решения 0.002525 2.040221 0.005152
робот 0.002525 1.966113 0.004965
роботизированная 0.002525 4.60517 0.011629
роботов 0.002525 2.995732 0.007565
робототехника 0.002525 3.218876 0.008128
роботы 0.002525 3.506558 0.008855
россии 0.002525 0.0 0.0
россияне 0.002525 0.0 0.0
рублей 0.002525 0.0 0.0
рутинных 0.002525 4.60517 0.011629
рынок 0.002525 0.0 0.0
сайте 0.002525 0.0 0.0
сайты 0.002525 0.0 0.0
самая 0.002525 0.0 0.0
самолётах 0.002525 0.0 0.0
самых 0.002525 0.0 0.0
сантиметров 0.002525 0.0 0.0
сб 0.002525 0.0 0.0
сбора 0.002525 0.0 0.0
сборка 0.002525 3.218876 0.008128
сборку 0.002525 3.912023 0.009879
свет 0.002525 0.0 0.0
своей 0.002525 0.0 0.0
связи 0.002525 0.0 0.0
связь 0.002525 0.0 0.0
сегодня 0.002525 0.0 0.0
сегура 0.002525 4.60517 0.011629
секунд 0.002525 1.832581 0.004628
серверы 0.002525 0.0 0.0
сервисы 0.002525 0.0 0.0
сертификацию 0.002525 0.0 0.0
сети 0.002525 0.0 0.0
система 0.002525 1.514128 0.003824
скоро 0.002525 0.0 0.0
скорость 0.002525 2.302585 0.005815
сложности 0.002525 0.0 0.0
снова 0.002525 0.0 0.0
советский 0.002525 0.0 0.0
совместно 0.002525 3.218876 0.008128
согласны 0.002525 4.60517 0.011629
соглашаетесь 0.002525 0.0 0.0
созданного 0.002525 3.912023 0.009879
сокращает 0.002525 4.60517 0.011629
составляет 0.002525 2.407946 0.006081
сотни 0.002525 3.218876 0.008128
сотрудников 0.002525 3.912023 0.009879
соусов 0.002525 4.60517 0.011629
сочетая 0.002525 4.60517 0.011629
спасать 0.002525 3.506558 0.008855
спасти 0.002525 0.0 0.0
спор 0.002525 0.0 0.0
ср 0.002525 0.0 0.0
среда 0.002525 0.0 0.0
ссылки 0.002525 0.0 0.0
стабильность 0.002525 2.995732 0.007565
стал 0.002525 0.0 0.0
станет 0.002525 1.714798 0.00433
стартовал 0.002525 3.218876 0.008128
стартуют 0.002525 0.0 0.0
статистика 0.002525 0.0 0.0
статьи 0.002525 0.0 0.0
стоимость 0.002525 0.0 0.0
странный 0.002525 3.506558 0.008855
сферу 0.002525 2.995732 0.007565
сферы 0.002525 3.912023 0.009879
сша 0.002525 0.0 0.0
тайконавты 0.002525 0.0 0.0
тв 0.002525 0.0 0.0
теги 0.002525 0.0 0.0
текст 0.002525 0.0 0.0
текучку 0.002525 4.60517 0.011629
технический 0.002525 0.0 0.0
топ 0.002525 0.0 0.0
точность 0.002525 1.832581 0.004628
трансформирует 0.002525 4.60517 0.011629
требованиями 0.002525 3.506558 0.008855
труда 0.002525 3.506558 0.008855
тушить 0.002525 3.506558 0.008855
тыс 0.002525 0.0 0.0
убрали 0.002525 0.0 0.0
уменьшит 0.002525 3.912023 0.009879
упасть 0.002525 0.0 0.0
управление 0.002525 2.525729 0.006378
управлении 0.002525 3.506558 0.008855
упрощая 0.002525 3.912023 0.009879
устройства 0.002525 0.0 0.0
участия 0.002525 3.912023 0.009879
ученым 0.002525 0.0 0.0
файлы 0.002525 0.0 0.0
флагманского 0.002525 0.0 0.0
фото 0.002525 0.0 0.0
фундаментальные 0.002525 0.0 0.0
характерные 0.002525 4.60517 0.011629
хитом 0.002525 0.0 0.0
цены 0.002525 0.0 0.0
части 0.002525 0.0 0.0
человека 0.002525 0.0 0.0
чипов 0.002525 2.525729 0.006378
чонг 0.002525 4.60517 0.011629
чт 0.002525 0.0 0.0
шаг 0.002525 2.525729 0.006378
экзотикой 0.002525 4.60517 0.011629
экспорт 0.002525 0.0 0.0
элизабет 0.002525 3.912023 0.009879
эмбрионы 0.002525 0.0 0.0
этап 0.002525 2.207275 0.005574
эффективность 0.002525 2.120264 0.005354
южной 0.002525 0.0 0.0
ячейка 0.002525 4.60517 0.011629
