авиалайнера 0.003333 0.0 0.0
австралии 0.003333 0.0 0.0
авто 0.003333 0.0 0.0
автоваз 0.003333 0.0 0.0
автоматом 0.003333 0.0 0.0
автомобиль 0.003333 2.525729 0.008419
автопроизводителя 0.003333 0.0 0.0
автор 0.003333 0.0 0.0
авторы 0.003333 0.0 0.0
администрацией 0.003333 0.0 0.0
адрес 0.003333 0.0 0.0
американских 0.003333 2.995732 0.009986
америке 0.003333 0.0 0.0
аналитики 0.003333 0.0 0.0
антикором 0.003333 4.60517 0.015351
белка 0.003333 0.0 0.0
биологические 0.003333 0.0 0.0
биологических 0.003333 0.0 0.0
ближнем 0.003333 0.0 0.0
блоги 0.003333 0.0 0.0
будут 0.003333 0.0 0.0
быстро 0.003333 0.0 0.0
бьют 0.003333 2.302585 0.007675
вариант 0.003333 2.995732 0.009986
весом 0.003333 0.0 0.0
виде 0.003333 0.0 0.0
видео 0.003333 0.0 0.0
видеокарты 0.003333 0.0 0.0
вместе 0.003333 2.65926 0.008864
внедорожники 0.003333 0.0 0.0
внешпосылторга 0.003333 4.60517 0.015351
войти 0.003333 0.0 0.0
волгу 0.003333 3.506558 0.011689
востоке 0.003333 0.0 0.0
времени 0.003333 1.89712 0.006324
вс 0.003333 0.0 0.0
всему 0.003333 0.0 0.0
вт 0.003333 0.0 0.0
входят 0.003333 0.0 0.0
выделите 0.003333 0.0 0.0
выставили 0.003333 4.60517 0.015351
выходит 0.003333 0.0 0.0
газ 0.003333 2.995732 0.009986
гаражного 0.003333 4.60517 0.015351
главную 0.003333 0.0 0.0
года 0.003333 0.0 0.0
году 0.003333 1.272966 0.004243
данные 0.003333 0.0 0.0
данный 0.003333 0.0 0.0
данных 0.003333 0.0 0.0
двигатели 0.003333 0.0 0.0
двигатель 0.003333 0.0 0.0
двух 0.003333 0.0 0.0
дизайн 0.003333 0.0 0.0
директор 0.003333 0.0 0.0
долларов 0.003333 0.0 0.0
дом 0.003333 0.0 0.0
дороже 0.003333 3.506558 0.011689
доставили 0.003333 0.0 0.0
достигает 0.003333 0.0 0.0
завершат 0.003333 0.0 0.0
задний 0.003333 4.60517 0.015351
запчастей 0.003333 4.60517 0.015351
защиты 0.003333 0.0 0.0
земле 0.003333 0.0 0.0
земли 0.003333 0.0 0.0
зонд 0.003333 0.0 0.0
зонда 0.003333 0.0 0.0
игры 0.003333 0.0 0.0
идет 0.003333 2.65926 0.008864
инновационный 0.003333 0.0 0.0
информации 0.003333 0.0 0.0
использования 0.003333 0.0 0.0
исследований 0.003333 0.0 0.0
источник 0.003333 0.0 0.0
календарь 0.003333 0.0 0.0
капотом 0.003333 4.60517 0.015351
капсула 0.003333 4.60517 0.015351
капсуле 0.003333 4.60517 0.015351
категории 0.003333 0.0 0.0
кг 0.003333 0.0 0.0
километров 0.003333 0.0 0.0
китайских 0.003333 2.995732 0.009986
классическим 0.003333 0.0 0.0
клон 0.003333 0.0 0.0
комментирования 0.003333 0.0 0.0
комфортный 0.003333 0.0 0.0
конференция 0.003333 0.0 0.0
корее 0.003333 0.0 0.0
коробкой 0.003333 2.813411 0.009378
корпуса 0.003333 0.0 0.0
космос 0.003333 0.0 0.0
космоса 0.003333 0.0 0.0
кроссовера 0.003333 0.0 0.0
кроссоверы 0.003333 0.0 0.0
кубических 0.003333 0.0 0.0
куки 0.003333 0.0 0.0
куплена 0.003333 4.60517 0.015351
лет 0.003333 0.0 0.0
летать 0.003333 0.0 0.0
лету 0.003333 0.0 0.0
листа 0.003333 0.0 0.0
литровый 0.003333 3.506558 0.011689
мае 0.003333 0.0 0.0
май 0.003333 0.0 0.0
марка 0.003333 0.0 0.0
материалов 0.003333 0.0 0.0
машина 0.003333 2.813411 0.009378
машиной 0.003333 4.60517 0.015351
машину 0.003333 0.0 0.0
машины 0.003333 1.771957 0.005907
мая 0.003333 0.0 0.0
межпланетный 0.003333 0.0 0.0
меняет 0.003333 0.0 0.0
метрового 0.003333 0.0 0.0
механической 0.003333 3.912023 0.01304
миллионов 0.003333 0.0 0.0
миру 0.003333 0.0 0.0
млн 0.003333 1.108663 0.003696
мобильные 0.003333 0.0 0.0
могут 0.003333 0.0 0.0
момент 0.003333 0.0 0.0
мониторы 0.003333 0.0 0.0
москве 0.003333 3.912023 0.01304
мотобрендов 0.003333 0.0 0.0
мотор 0.003333 2.207275 0.007358
мотоциклов 0.003333 0.0 0.0
мощностью 0.003333 1.832581 0.006109
мс 0.003333 0.0 0.0
мультимедиа 0.003333 0.0 0.0
нажмите 0.003333 0.0 0.0
назвал 0.003333 0.0 0.0
названием 0.003333 0.0 0.0
нашей 0.003333 0.0 0.0
наши 0.003333 0.0 0.0
нашли 0.003333 0.0 0.0
новой 0.003333 2.207275 0.007358
новости 0.003333 0.0 0.0
новые 0.003333 0.0 0.0
новый 0.003333 0.0 0.0
носители 0.003333 0.0 0.0
ноутбуки 0.003333 0.0 0.0
нужны 0.003333 0.0 0.0
обзоры 0.003333 0.0 0.0
обработана 0.003333 4.60517 0.015351
обработки 0.003333 0.0 0.0
образцы 0.003333 0.0 0.0
объявлена 0.003333 0.0 0.0
одноклассник 0.003333 0.0 0.0
оказался 0.003333 3.506558 0.011689
орбите 0.003333 0.0 0.0
ос 0.003333 0.0 0.0
отдадут 0.003333 0.0 0.0
отдают 0.003333 4.60517 0.015351
отечественного 0.003333 0.0 0.0
отказа 0.003333 0.0 0.0
отказались 0.003333 0.0 0.0
отказаться 0.003333 3.218876 0.01073
отключили 0.003333 0.0 0.0
очень 0.003333 0.0 0.0
ошибку 0.003333 0.0 0.0
передач 0.003333 2.120264 0.007068
переднего 0.003333 0.0 0.0
период 0.003333 0.0 0.0
периферия 0.003333 0.0 0.0
персональные 0.003333 0.0 0.0
персональных 0.003333 0.0 0.0
пиар 0.003333 0.0 0.0
пк 0.003333 0.0 0.0
планшеты 0.003333 0.0 0.0
платформа 0.003333 0.0 0.0
пн 0.003333 0.0 0.0
подвел 0.003333 0.0 0.0
поднял 0.003333 0.0 0.0
подробнее 0.003333 0.0 0.0
поиск 0.003333 0.0 0.0
пока 0.003333 0.0 0.0
полезные 0.003333 0.0 0.0
политика 0.003333 0.0 0.0
политикой 0.003333 0.0 0.0
полноприводными 0.003333 0.0 0.0
пользу 0.003333 1.560648 0.005202
полётов 0.003333 0.0 0.0
попробовать 0.003333 0.0 0.0
популярная 0.003333 0.0 0.0
популярных 0.003333 0.0 0.0
посещать 0.003333 0.0 0.0
поставляли 0.003333 3.506558 0.011689
правила 0.003333 0.0 0.0
прайс 0.003333 0.0 0.0
представлен 0.003333 0.0 0.0
прибавка 0.003333 0.0 0.0
привод 0.003333 0.0 0.0
привода 0.003333 0.0 0.0
принтеры 0.003333 0.0 0.0
причины 0.003333 0.0 0.0
пробизнес 0.003333 0.0 0.0
проведения 0.003333 0.0 0.0
программы 0.003333 0.0 0.0
продавать 0.003333 0.0 0.0
продавца 0.003333 4.60517 0.015351
продажи 0.003333 0.0 0.0
продажу 0.003333 3.218876 0.01073
продают 0.003333 2.813411 0.009378
продолжая 0.003333 0.0 0.0
проектов 0.003333 0.0 0.0
проекторы 0.003333 0.0 0.0
проекты 0.003333 0.0 0.0
проехал 0.003333 4.60517 0.015351
производства 0.003333 2.65926 0.008864
пролить 0.003333 0.0 0.0
просят 0.003333 3.506558 0.011689
процессы 0.003333 0.0 0.0
пт 0.003333 0.0 0.0
пушечного 0.003333 4.60517 0.015351
работы 0.003333 0.0 0.0
реальных 0.003333 0.0 0.0
редкую 0.003333 4.60517 0.015351
результаты 0.003333 0.0 0.0
реклама 0.003333 0.0 0.0
речи 0.003333 2.995732 0.009986
решает 0.003333 0.0 0.0
россии 0.003333 0.0 0.0
россия 0.003333 0.0 0.0
россияне 0.003333 0.0 0.0
рублей 0.003333 0.0 0.0
рынок 0.003333 0.0 0.0
сайта 0.003333 3.912023 0.01304
сайте 0.003333 0.0 0.0
сайты 0.003333 0.0 0.0
сала 0.003333 3.506558 0.011689
самая 0.003333 0.0 0.0
самолётах 0.003333 0.0 0.0
самолётов 0.003333 3.506558 0.011689
самых 0.003333 0.0 0.0
сантиметров 0.003333 0.0 0.0
сб 0.003333 0.0 0.0
сбора 0.003333 0.0 0.0
свет 0.003333 0.0 0.0
своей 0.003333 0.0 0.0
связи 0.003333 0.0 0.0
связь 0.003333 0.0 0.0
сегодня 0.003333 0.0 0.0
серверы 0.003333 0.0 0.0
сервисы 0.003333 0.0 0.0
сертификаты 0.003333 4.60517 0.015351
сертификацию 0.003333 0.0 0.0
сети 0.003333 0.0 0.0
скоро 0.003333 0.0 0.0
скриншот 0.003333 3.912023 0.01304
словам 0.003333 2.302585 0.007675
сложности 0.003333 0.0 0.0
снова 0.003333 0.0 0.0
советский 0.003333 0.0 0.0
советского 0.003333 4.60517 0.015351
соглашаетесь 0.003333 0.0 0.0
сочетании 0.003333 4.60517 0.015351
спасти 0.003333 0.0 0.0
ср 0.003333 0.0 0.0
среда 0.003333 0.0 0.0
ссср 0.003333 4.60517 0.015351
ссылки 0.003333 0.0 0.0
стал 0.003333 0.0 0.0
стартуют 0.003333 0.0 0.0
статистика 0.003333 0.0 0.0
статьи 0.003333 0.0 0.0
стоимость 0.003333 0.0 0.0
сша 0.003333 0.0 0.0
тайконавты 0.003333 0.0 0.0
такие 0.003333 1.714798 0.005716
тарифы 0.003333 3.506558 0.011689
тв 0.003333 0.0 0.0
теги 0.003333 0.0 0.0
текст 0.003333 0.0 0.0
технический 0.003333 0.0 0.0
топ 0.003333 0.0 0.0
трампа 0.003333 2.995732 0.009986
тыс 0.003333 0.0 0.0
убрали 0.003333 0.0 0.0
универсал 0.003333 2.207275 0.007358
уникальную 0.003333 3.218876 0.01073
упасть 0.003333 0.0 0.0
установлен 0.003333 2.813411 0.009378
устройства 0.003333 0.0 0.0
ученым 0.003333 0.0 0.0
файлы 0.003333 0.0 0.0
флагманского 0.003333 0.0 0.0
фото 0.003333 0.0 0.0
фундаментальные 0.003333 0.0 0.0
хитом 0.003333 0.0 0.0
хранения 0.003333 3.912023 0.01304
цены 0.003333 0.0 0.0
части 0.003333 0.0 0.0
человека 0.003333 0.0 0.0
чт 0.003333 0.0 0.0
шведский 0.003333 3.506558 0.011689
экспорт 0.003333 0.0 0.0
экспортный 0.003333 4.60517 0.015351
эмбрионы 0.003333 0.0 0.0
южной 0.003333 0.0 0.0
