авиалайнера 0.003058 0.0 0.0
австралии 0.003058 0.0 0.0
автоваз 0.003058 0.0 0.0
автоматом 0.003058 0.0 0.0
автопроизводителя 0.003058 0.0 0.0
автор 0.003058 0.0 0.0
авторы 0.003058 0.0 0.0
администрацией 0.003058 0.0 0.0
адрес 0.003058 0.0 0.0
аккумулятора 0.003058 4.60517 0.014083
америке 0.003058 0.0 0.0
аналитики 0.003058 0.0 0.0
белка 0.003058 0.0 0.0
беспроводная 0.003058 3.912023 0.011963
биологические 0.003058 0.0 0.0
биологических 0.003058 0.0 0.0
ближнем 0.003058 0.0 0.0
блоги 0.003058 0.0 0.0
будут 0.003058 0.0 0.0
быстро 0.003058 0.0 0.0
версии 0.003058 1.714798 0.005244
весом 0.003058 0.0 0.0
видео 0.003058 0.0 0.0
видеокарты 0.003058 0.0 0.0
внедорожники 0.003058 0.0 0.0
войти 0.003058 0.0 0.0
востоке 0.003058 0.0 0.0
вс 0.003058 0.0 0.0
всему 0.003058 0.0 0.0
вт 0.003058 0.0 0.0
входят 0.003058 0.0 0.0
выделите 0.003058 0.0 0.0
выполнен 0.003058 2.407946 0.007364
выходит 0.003058 0.0 0.0
гб 0.003058 4.60517 0.014083
германии 0.003058 2.995732 0.009161
главную 0.003058 0.0 0.0
года 0.003058 0.0 0.0
грамма 0.003058 3.218876 0.009844
гц 0.003058 3.506558 0.010723
данные 0.003058 0.0 0.0
данный 0.003058 0.0 0.0
данных 0.003058 0.0 0.0
датчиком 0.003058 4.60517 0.014083
двигатели 0.003058 0.0 0.0
двигатель 0.003058 0.0 0.0
двух 0.003058 0.0 0.0
деградирует 0.003058 3.506558 0.010723
диафрагмой 0.003058 4.60517 0.014083
дизайн 0.003058 0.0 0.0
директор 0.003058 0.0 0.0
дней 0.003058 2.813411 0.008604
добилась 0.003058 4.60517 0.014083
долларов 0.003058 0.0 0.0
дом 0.003058 0.0 0.0
доставили 0.003058 0.0 0.0
достигает 0.003058 0.0 0.0
доступен 0.003058 2.65926 0.008132
других 0.003058 2.040221 0.006239
дюймового 0.003058 4.60517 0.014083
евро 0.003058 2.040221 0.006239
емкость 0.003058 4.60517 0.014083
завершат 0.003058 0.0 0.0
задней 0.003058 4.60517 0.014083
зарядка 0.003058 3.912023 0.011963
защита 0.003058 3.218876 0.009844
защитным 0.003058 4.60517 0.014083
защиты 0.003058 0.0 0.0
земле 0.003058 0.0 0.0
земли 0.003058 0.0 0.0
зонд 0.003058 0.0 0.0
зонда 0.003058 0.0 0.0
игры 0.003058 0.0 0.0
инновационный 0.003058 0.0 0.0
информации 0.003058 0.0 0.0
использования 0.003058 0.0 0.0
исследований 0.003058 0.0 0.0
источник 0.003058 0.0 0.0
кадровая 0.003058 4.60517 0.014083
календарь 0.003058 0.0 0.0
камера 0.003058 3.912023 0.011963
камеры 0.003058 3.912023 0.011963
категории 0.003058 0.0 0.0
качества 0.003058 2.995732 0.009161
кг 0.003058 0.0 0.0
километров 0.003058 0.0 0.0
классическим 0.003058 0.0 0.0
клон 0.003058 0.0 0.0
комментирования 0.003058 0.0 0.0
комфортный 0.003058 0.0 0.0
конференция 0.003058 0.0 0.0
конце 0.003058 2.207275 0.00675
корее 0.003058 0.0 0.0
корпус 0.003058 0.0 0.0
корпуса 0.003058 0.0 0.0
корпусе 0.003058 3.218876 0.009844
космос 0.003058 0.0 0.0
космоса 0.003058 0.0 0.0
кроссовера 0.003058 0.0 0.0
кроссоверы 0.003058 0.0 0.0
кубических 0.003058 0.0 0.0
куки 0.003058 0.0 0.0
летать 0.003058 0.0 0.0
лету 0.003058 0.0 0.0
листа 0.003058 0.0 0.0
мае 0.003058 0.0 0.0
май 0.003058 0.0 0.0
марка 0.003058 0.0 0.0
масса 0.003058 3.506558 0.010723
материалов 0.003058 0.0 0.0
машину 0.003058 0.0 0.0
мая 0.003058 0.0 0.0
мегапиксельным 0.003058 4.60517 0.014083
межпланетный 0.003058 0.0 0.0
меняет 0.003058 0.0 0.0
метрового 0.003058 0.0 0.0
миллионов 0.003058 0.0 0.0
минимума 0.003058 3.506558 0.010723
миру 0.003058 0.0 0.0
мобильные 0.003058 0.0 0.0
могут 0.003058 0.0 0.0
модели 0.003058 1.139434 0.003485
момент 0.003058 0.0 0.0
мониторы 0.003058 0.0 0.0
мотобрендов 0.003058 0.0 0.0
мотоциклов 0.003058 0.0 0.0
мощь 0.003058 1.89712 0.005802
мп 0.003058 0.235722 0.000721
мс 0.003058 0.0 0.0
мультимедиа 0.003058 0.0 0.0
нажмите 0.003058 0.0 0.0
назвал 0.003058 0.0 0.0
названием 0.003058 0.0 0.0
начнутся 0.003058 3.912023 0.011963
нашей 0.003058 0.0 0.0
наши 0.003058 0.0 0.0
нашли 0.003058 0.0 0.0
немецкий 0.003058 3.912023 0.011963
нецелесообразно 0.003058 3.506558 0.010723
новейший 0.003058 2.995732 0.009161
новости 0.003058 0.0 0.0
новые 0.003058 0.0 0.0
новый 0.003058 0.0 0.0
новым 0.003058 1.714798 0.005244
носители 0.003058 0.0 0.0
ноутбуки 0.003058 0.0 0.0
нужны 0.003058 0.0 0.0
обещана 0.003058 4.60517 0.014083
обзора 0.003058 3.218876 0.009844
обзоры 0.003058 0.0 0.0
оболочкой 0.003058 4.60517 0.014083
обработки 0.003058 0.0 0.0
образцы 0.003058 0.0 0.0
объявлена 0.003058 0.0 0.0
одноклассник 0.003058 0.0 0.0
озу 0.003058 3.506558 0.010723
оптической 0.003058 4.60517 0.014083
орбите 0.003058 0.0 0.0
ос 0.003058 0.0 0.0
основная 0.003058 3.912023 0.011963
особенностей 0.003058 4.60517 0.014083
отдадут 0.003058 0.0 0.0
отечественного 0.003058 0.0 0.0
отказа 0.003058 0.0 0.0
отказались 0.003058 0.0 0.0
отключили 0.003058 0.0 0.0
отложена 0.003058 3.506558 0.010723
отпечатков 0.003058 4.60517 0.014083
очень 0.003058 0.0 0.0
ошибку 0.003058 0.0 0.0
памяти 0.003058 2.995732 0.009161
панели 0.003058 2.813411 0.008604
переднего 0.003058 0.0 0.0
период 0.003058 0.0 0.0
периферия 0.003058 0.0 0.0
персональные 0.003058 0.0 0.0
персональных 0.003058 0.0 0.0
пиар 0.003058 0.0 0.0
пикселей 0.003058 3.912023 0.011963
пк 0.003058 0.0 0.0
планшеты 0.003058 0.0 0.0
платформа 0.003058 0.0 0.0
пн 0.003058 0.0 0.0
подвел 0.003058 0.0 0.0
поднял 0.003058 0.0 0.0
подождать 0.003058 3.506558 0.010723
подробнее 0.003058 0.0 0.0
подробности 0.003058 2.65926 0.008132
поиск 0.003058 0.0 0.0
пока 0.003058 0.0 0.0
полезные 0.003058 0.0 0.0
политика 0.003058 0.0 0.0
политикой 0.003058 0.0 0.0
полноприводными 0.003058 0.0 0.0
получит 0.003058 2.525729 0.007724
полётов 0.003058 0.0 0.0
попробовать 0.003058 0.0 0.0
популярная 0.003058 0.0 0.0
популярных 0.003058 0.0 0.0
посещать 0.003058 0.0 0.0
поступит 0.003058 3.912023 0.011963
правила 0.003058 0.0 0.0
прайс 0.003058 0.0 0.0
представлен 0.003058 0.0 0.0
премьеры 0.003058 4.60517 0.014083
прибавка 0.003058 0.0 0.0
привода 0.003058 0.0 0.0
принтеры 0.003058 0.0 0.0
причины 0.003058 0.0 0.0
пробизнес 0.003058 0.0 0.0
проведения 0.003058 0.0 0.0
программы 0.003058 0.0 0.0
продавать 0.003058 0.0 0.0
продажи 0.003058 0.0 0.0
продажу 0.003058 3.218876 0.009844
продолжая 0.003058 0.0 0.0
проектов 0.003058 0.0 0.0
проекторы 0.003058 0.0 0.0
проекты 0.003058 0.0 0.0
производство 0.003058 2.302585 0.007042
пролить 0.003058 0.0 0.0
просит 0.003058 2.65926 0.008132
процессы 0.003058 0.0 0.0
пт 0.003058 0.0 0.0
работать 0.003058 2.65926 0.008132
работы 0.003058 0.0 0.0
разрешение 0.003058 3.912023 0.011963
разрешением 0.003058 3.912023 0.011963
раскрыл 0.003058 2.995732 0.009161
раскрыты 0.003058 3.506558 0.010723
расположится 0.003058 4.60517 0.014083
реальных 0.003058 0.0 0.0
результаты 0.003058 0.0 0.0
реклама 0.003058 0.0 0.0
рекордной 0.003058 4.60517 0.014083
ресурс 0.003058 2.525729 0.007724
решает 0.003058 0.0 0.0
россии 0.003058 0.0 0.0
россияне 0.003058 0.0 0.0
рублей 0.003058 0.0 0.0
рынок 0.003058 0.0 0.0
сайте 0.003058 0.0 0.0
сайты 0.003058 0.0 0.0
самая 0.003058 0.0 0.0
самолётах 0.003058 0.0 0.0
самых 0.003058 0.0 0.0
сантиметров 0.003058 0.0 0.0
сб 0.003058 0.0 0.0
сбора 0.003058 0.0 0.0
сверхпрочным 0.003058 4.60517 0.014083
сверхтонкий 0.003058 4.60517 0.014083
сверхтонком 0.003058 3.506558 0.010723
сверхширокоугольная 0.003058 4.60517 0.014083
свет 0.003058 0.0 0.0
своей 0.003058 0.0 0.0
связи 0.003058 0.0 0.0
связь 0.003058 0.0 0.0
сегодня 0.003058 0.0 0.0
серверы 0.003058 0.0 0.0
сервисы 0.003058 0.0 0.0
сертификацию 0.003058 0.0 0.0
сети 0.003058 0.0 0.0
сканер 0.003058 4.60517 0.014083
склад 0.003058 2.995732 0.009161
скоро 0.003058 0.0 0.0
сложности 0.003058 0.0 0.0
смартфона 0.003058 2.813411 0.008604
снова 0.003058 0.0 0.0
советский 0.003058 0.0 0.0
соглашаетесь 0.003058 0.0 0.0
сократил 0.003058 2.995732 0.009161
сообщил 0.003058 2.525729 0.007724
составит 0.003058 3.506558 0.010723
спасти 0.003058 0.0 0.0
ср 0.003058 0.0 0.0
среда 0.003058 0.0 0.0
ссылки 0.003058 0.0 0.0
стабилизацией 0.003058 4.60517 0.014083
стал 0.003058 0.0 0.0
стартуют 0.003058 0.0 0.0
статистика 0.003058 0.0 0.0
статьи 0.003058 0.0 0.0
стекло 0.003058 3.506558 0.010723
стеклом 0.003058 4.60517 0.014083
стоимость 0.003058 0.0 0.0
сша 0.003058 0.0 0.0
тайконавты 0.003058 0.0 0.0
тв 0.003058 0.0 0.0
теги 0.003058 0.0 0.0
текст 0.003058 0.0 0.0
технический 0.003058 0.0 0.0
титан 0.003058 2.995732 0.009161
титана 0.003058 3.912023 0.011963
толщины 0.003058 4.60517 0.014083
топ 0.003058 0.0 0.0
топовой 0.003058 3.218876 0.009844
трёх 0.003058 2.207275 0.00675
тыс 0.003058 0.0 0.0
убрали 0.003058 0.0 0.0
углом 0.003058 4.60517 0.014083
ультразвуковой 0.003058 4.60517 0.014083
уникальной 0.003058 3.912023 0.011963
упасть 0.003058 0.0 0.0
устройства 0.003058 0.0 0.0
ученым 0.003058 0.0 0.0
файлы 0.003058 0.0 0.0
флагман 0.003058 0.0 0.0
флагманского 0.003058 0.0 0.0
флеш 0.003058 4.60517 0.014083
фото 0.003058 0.0 0.0
фронтальной 0.003058 4.60517 0.014083
фундаментальные 0.003058 0.0 0.0
характеристики 0.003058 2.995732 0.009161
хитом 0.003058 0.0 0.0
цветах 0.003058 4.60517 0.014083
цена 0.003058 1.714798 0.005244
цене 0.003058 2.120264 0.006484
цены 0.003058 0.0 0.0
части 0.003058 0.0 0.0
частота 0.003058 3.506558 0.010723
частотой 0.003058 3.506558 0.010723
человека 0.003058 0.0 0.0
чт 0.003058 0.0 0.0
экрана 0.003058 3.506558 0.010723
экспорт 0.003058 0.0 0.0
эмбрионы 0.003058 0.0 0.0
южной 0.003058 0.0 0.0
