авария 0.002907 3.218876 0.009357
авиалайнера 0.002907 0.0 0.0
австралии 0.002907 0.0 0.0
авто 0.002907 0.0 0.0
автоваз 0.002907 0.0 0.0
автоматом 0.002907 0.0 0.0
автомобилей 0.002907 2.207275 0.006416
автомобиля 0.002907 2.995732 0.008709
автопроизводителя 0.002907 0.0 0.0
автор 0.002907 0.0 0.0
авторы 0.002907 0.0 0.0
администрацией 0.002907 0.0 0.0
адрес 0.002907 0.0 0.0
америке 0.002907 0.0 0.0
аналитики 0.002907 0.0 0.0
базе 0.002907 2.995732 0.008709
белка 0.002907 0.0 0.0
бизнеса 0.002907 3.912023 0.011372
биологические 0.002907 0.0 0.0
биологических 0.002907 0.0 0.0
ближнем 0.002907 0.0 0.0
блоги 0.002907 0.0 0.0
будут 0.002907 0.0 0.0
будущем 0.002907 2.995732 0.008709
быстро 0.002907 0.0 0.0
быструю 0.002907 4.60517 0.013387
версии 0.002907 1.714798 0.004985
весом 0.002907 0.0 0.0
видео 0.002907 0.0 0.0
видеокарты 0.002907 0.0 0.0
внедорожники 0.002907 0.0 0.0
возможности 0.002907 2.65926 0.00773
возможность 0.002907 1.966113 0.005715
возродить 0.002907 3.506558 0.010193
возрождена 0.002907 4.60517 0.013387
возрожденная 0.002907 4.60517 0.013387
войти 0.002907 0.0 0.0
воскрешены 0.002907 4.60517 0.013387
востоке 0.002907 0.0 0.0
вс 0.002907 0.0 0.0
всему 0.002907 0.0 0.0
вт 0.002907 0.0 0.0
второе 0.002907 3.912023 0.011372
входят 0.002907 0.0 0.0
выделите 0.002907 0.0 0.0
выпустить 0.002907 4.60517 0.013387
выходит 0.002907 0.0 0.0
гигантскую 0.002907 3.506558 0.010193
главную 0.002907 0.0 0.0
года 0.002907 0.0 0.0
годовым 0.002907 4.60517 0.013387
дает 0.002907 1.514128 0.004402
дальнейшего 0.002907 4.60517 0.013387
данные 0.002907 0.0 0.0
данный 0.002907 0.0 0.0
данным 0.002907 1.89712 0.005515
данных 0.002907 0.0 0.0
двигатели 0.002907 0.0 0.0
двигатель 0.002907 0.0 0.0
двух 0.002907 0.0 0.0
дизайн 0.002907 0.0 0.0
директор 0.002907 0.0 0.0
добавила 0.002907 3.218876 0.009357
долларов 0.002907 0.0 0.0
дом 0.002907 0.0 0.0
доставили 0.002907 0.0 0.0
достигает 0.002907 0.0 0.0
достижения 0.002907 2.995732 0.008709
драйверов 0.002907 3.506558 0.010193
европейском 0.002907 4.60517 0.013387
единиц 0.002907 2.995732 0.008709
завершат 0.002907 0.0 0.0
запас 0.002907 2.120264 0.006164
зарядку 0.002907 4.60517 0.013387
защиты 0.002907 0.0 0.0
заявил 0.002907 2.207275 0.006416
земле 0.002907 0.0 0.0
земли 0.002907 0.0 0.0
зонд 0.002907 0.0 0.0
зонда 0.002907 0.0 0.0
играм 0.002907 3.506558 0.010193
игры 0.002907 0.0 0.0
изучают 0.002907 3.912023 0.011372
иметь 0.002907 4.60517 0.013387
инновационный 0.002907 0.0 0.0
интервью 0.002907 3.912023 0.011372
информации 0.002907 0.0 0.0
исключил 0.002907 3.506558 0.010193
использованием 0.002907 2.813411 0.008179
использования 0.002907 0.0 0.0
исследований 0.002907 0.0 0.0
источник 0.002907 0.0 0.0
июле 0.002907 4.60517 0.013387
календарь 0.002907 0.0 0.0
категории 0.002907 0.0 0.0
квт 0.002907 2.813411 0.008179
кг 0.002907 0.0 0.0
километров 0.002907 0.0 0.0
классическая 0.002907 4.60517 0.013387
классическим 0.002907 0.0 0.0
клон 0.002907 0.0 0.0
км 0.002907 1.309333 0.003806
комментирования 0.002907 0.0 0.0
комфортный 0.002907 0.0 0.0
конвейера 0.002907 3.912023 0.011372
конференция 0.002907 0.0 0.0
корее 0.002907 0.0 0.0
корпуса 0.002907 0.0 0.0
космическая 0.002907 2.995732 0.008709
космос 0.002907 0.0 0.0
космоса 0.002907 0.0 0.0
кроссовера 0.002907 0.0 0.0
кроссоверы 0.002907 0.0 0.0
кубических 0.002907 0.0 0.0
куки 0.002907 0.0 0.0
летать 0.002907 0.0 0.0
лету 0.002907 0.0 0.0
листа 0.002907 0.0 0.0
мае 0.002907 0.0 0.0
май 0.002907 0.0 0.0
малолитражных 0.002907 4.60517 0.013387
марка 0.002907 0.0 0.0
маркетинга 0.002907 4.60517 0.013387
мартин 0.002907 4.60517 0.013387
масштабов 0.002907 4.60517 0.013387
материалов 0.002907 0.0 0.0
машину 0.002907 0.0 0.0
мая 0.002907 0.0 0.0
межпланетный 0.002907 0.0 0.0
меняет 0.002907 0.0 0.0
метрового 0.002907 0.0 0.0
миллиона 0.002907 2.995732 0.008709
миллионов 0.002907 0.0 0.0
миру 0.002907 0.0 0.0
млечного 0.002907 3.218876 0.009357
мнению 0.002907 3.912023 0.011372
мобильные 0.002907 0.0 0.0
могли 0.002907 2.813411 0.008179
могут 0.002907 0.0 0.0
модели 0.002907 1.139434 0.003312
модель 0.002907 1.469676 0.004272
моделью 0.002907 3.506558 0.010193
момент 0.002907 0.0 0.0
мониторы 0.002907 0.0 0.0
мотобрендов 0.002907 0.0 0.0
мотоциклов 0.002907 0.0 0.0
мощностью 0.002907 1.832581 0.005327
мс 0.002907 0.0 0.0
мультимедиа 0.002907 0.0 0.0
нажмите 0.002907 0.0 0.0
назвал 0.002907 0.0 0.0
названием 0.002907 0.0 0.0
начнут 0.002907 2.995732 0.008709
нашей 0.002907 0.0 0.0
наши 0.002907 0.0 0.0
нашли 0.002907 0.0 0.0
небольших 0.002907 3.912023 0.011372
новости 0.002907 0.0 0.0
новые 0.002907 0.0 0.0
новый 0.002907 0.0 0.0
новых 0.002907 1.771957 0.005151
носители 0.002907 0.0 0.0
ноутбуки 0.002907 0.0 0.0
нужны 0.002907 0.0 0.0
обе 0.002907 0.616186 0.001791
обзоры 0.002907 0.0 0.0
области 0.002907 2.120264 0.006164
обмениваться 0.002907 3.912023 0.011372
обновлениями 0.002907 3.506558 0.010193
обработки 0.002907 0.0 0.0
образцы 0.002907 0.0 0.0
объемом 0.002907 4.60517 0.013387
объявлена 0.002907 0.0 0.0
одноклассник 0.002907 0.0 0.0
ожидается 0.002907 2.813411 0.008179
оказалось 0.002907 2.995732 0.008709
орбите 0.002907 0.0 0.0
ос 0.002907 0.0 0.0
отдадут 0.002907 0.0 0.0
отдела 0.002907 3.218876 0.009357
отечественного 0.002907 0.0 0.0
отказа 0.002907 0.0 0.0
отказались 0.002907 0.0 0.0
отключили 0.002907 0.0 0.0
очень 0.002907 0.0 0.0
ошибку 0.002907 0.0 0.0
пепла 0.002907 3.506558 0.010193
первого 0.002907 2.995732 0.008709
первоначальное 0.002907 4.60517 0.013387
переднего 0.002907 0.0 0.0
период 0.002907 0.0 0.0
периферия 0.002907 0.0 0.0
персональные 0.002907 0.0 0.0
персональных 0.002907 0.0 0.0
пиар 0.002907 0.0 0.0
пк 0.002907 0.0 0.0
планшеты 0.002907 0.0 0.0
платформа 0.002907 0.0 0.0
платформы 0.002907 2.407946 0.007
пн 0.002907 0.0 0.0
повредил 0.002907 3.506558 0.010193
подвел 0.002907 0.0 0.0
поддерживать 0.002907 3.912023 0.011372
поднял 0.002907 0.0 0.0
подробнее 0.002907 0.0 0.0
поиск 0.002907 0.0 0.0
пока 0.002907 0.0 0.0
поколение 0.002907 3.912023 0.011372
полезные 0.002907 0.0 0.0
политика 0.002907 0.0 0.0
политикой 0.002907 0.0 0.0
полноприводными 0.002907 0.0 0.0
полётов 0.002907 0.0 0.0
помощи 0.002907 3.218876 0.009357
попробовать 0.002907 0.0 0.0
популярная 0.002907 0.0 0.0
популярных 0.002907 0.0 0.0
пор 0.002907 0.0 0.0
посещать 0.002907 0.0 0.0
последними 0.002907 3.506558 0.010193
последняя 0.002907 4.60517 0.013387
правила 0.002907 0.0 0.0
прайс 0.002907 0.0 0.0
представлен 0.002907 0.0 0.0
прибавка 0.002907 0.0 0.0
привода 0.002907 0.0 0.0
принтеры 0.002907 0.0 0.0
причины 0.002907 0.0 0.0
пробизнес 0.002907 0.0 0.0
проведения 0.002907 0.0 0.0
программы 0.002907 0.0 0.0
продаваемой 0.002907 4.60517 0.013387
продавать 0.002907 0.0 0.0
продаж 0.002907 0.0 0.0
продажи 0.002907 0.0 0.0
продолжая 0.002907 0.0 0.0
проектов 0.002907 0.0 0.0
проекторы 0.002907 0.0 0.0
проекты 0.002907 0.0 0.0
пролить 0.002907 0.0 0.0
процессы 0.002907 0.0 0.0
пт 0.002907 0.0 0.0
пульсар 0.002907 3.506558 0.010193
пути 0.002907 2.813411 0.008179
работы 0.002907 0.0 0.0
разработанной 0.002907 4.60517 0.013387
рассказал 0.002907 3.506558 0.010193
расширения 0.002907 2.995732 0.008709
реальных 0.002907 0.0 0.0
результатов 0.002907 3.912023 0.011372
результаты 0.002907 0.0 0.0
реклама 0.002907 0.0 0.0
решает 0.002907 0.0 0.0
россии 0.002907 0.0 0.0
россияне 0.002907 0.0 0.0
рублей 0.002907 0.0 0.0
руководитель 0.002907 2.813411 0.008179
рынке 0.002907 2.995732 0.008709
рынок 0.002907 0.0 0.0
сайте 0.002907 0.0 0.0
сайты 0.002907 0.0 0.0
самая 0.002907 0.0 0.0
самой 0.002907 2.525729 0.007342
самолётах 0.002907 0.0 0.0
самых 0.002907 0.0 0.0
сандерс 0.002907 4.60517 0.013387
сантиметров 0.002907 0.0 0.0
сб 0.002907 0.0 0.0
сбора 0.002907 0.0 0.0
сверхмалых 0.002907 4.60517 0.013387
свет 0.002907 0.0 0.0
своего 0.002907 3.506558 0.010193
своей 0.002907 0.0 0.0
связи 0.002907 0.0 0.0
связь 0.002907 0.0 0.0
сегодня 0.002907 0.0 0.0
семейных 0.002907 4.60517 0.013387
серверы 0.002907 0.0 0.0
сервисы 0.002907 0.0 0.0
серию 0.002907 3.912023 0.011372
сертификацию 0.002907 0.0 0.0
сети 0.002907 0.0 0.0
скоро 0.002907 0.0 0.0
скорости 0.002907 2.813411 0.008179
сложности 0.002907 0.0 0.0
снова 0.002907 0.0 0.0
советский 0.002907 0.0 0.0
соглашаетесь 0.002907 0.0 0.0
соглашение 0.002907 3.912023 0.011372
сотрудничества 0.002907 3.506558 0.010193
сотрудничество 0.002907 2.65926 0.00773
сошла 0.002907 4.60517 0.013387
спасти 0.002907 0.0 0.0
ср 0.002907 0.0 0.0
среда 0.002907 0.0 0.0
ссылки 0.002907 0.0 0.0
стал 0.002907 0.0 0.0
стартуют 0.002907 0.0 0.0
статистика 0.002907 0.0 0.0
статьи 0.002907 0.0 0.0
стоимость 0.002907 0.0 0.0
стороны 0.002907 2.525729 0.007342
структуру 0.002907 2.813411 0.008179
существующего 0.002907 4.60517 0.013387
сша 0.002907 0.0 0.0
тайконавты 0.002907 0.0 0.0
тв 0.002907 0.0 0.0
теги 0.002907 0.0 0.0
текст 0.002907 0.0 0.0
теоретически 0.002907 3.912023 0.011372
тех 0.002907 0.0 0.0
технический 0.002907 0.0 0.0
технологиями 0.002907 3.912023 0.011372
топ 0.002907 0.0 0.0
тыс 0.002907 0.0 0.0
убрали 0.002907 0.0 0.0
укороченной 0.002907 4.60517 0.013387
упасть 0.002907 0.0 0.0
успешным 0.002907 2.995732 0.008709
успешных 0.002907 4.60517 0.013387
устройства 0.002907 0.0 0.0
ученым 0.002907 0.0 0.0
учетом 0.002907 3.912023 0.011372
файлы 0.002907 0.0 0.0
флагманского 0.002907 0.0 0.0
фото 0.002907 0.0 0.0
фундаментальные 0.002907 0.0 0.0
хит 0.002907 0.0 0.0
хитом 0.002907 0.0 0.0
хода 0.002907 1.609438 0.004679
ходе 0.002907 2.65926 0.00773
цены 0.002907 0.0 0.0
час 0.002907 0.0 0.0
части 0.002907 0.0 0.0
человека 0.002907 0.0 0.0
чт 0.002907 0.0 0.0
шасси 0.002907 3.912023 0.011372
экспорт 0.002907 0.0 0.0
электрическая 0.002907 3.912023 0.011372
электромобилей 0.002907 4.60517 0.013387
электромобили 0.002907 4.60517 0.013387
эмбрионы 0.002907 0.0 0.0
эффективных 0.002907 3.912023 0.011372
южной 0.002907 0.0 0.0
