авиалайнера 0.00339 0.0 0.0
австралии 0.00339 0.0 0.0
автоваз 0.00339 0.0 0.0
автоматизированной 0.00339 3.506558 0.011887
автоматом 0.00339 0.0 0.0
автопроизводителя 0.00339 0.0 0.0
автор 0.00339 0.0 0.0
авторы 0.00339 0.0 0.0
администрацией 0.00339 0.0 0.0
адрес 0.00339 0.0 0.0
америке 0.00339 0.0 0.0
аналитики 0.00339 0.0 0.0
белка 0.00339 0.0 0.0
биологические 0.00339 0.0 0.0
биологических 0.00339 0.0 0.0
ближнем 0.00339 0.0 0.0
блоги 0.00339 0.0 0.0
будут 0.00339 0.0 0.0
быстро 0.00339 0.0 0.0
ваш 0.00339 3.506558 0.011887
вдохновляют 0.00339 4.60517 0.015611
весом 0.00339 0.0 0.0
видео 0.00339 0.0 0.0
видеокарты 0.00339 0.0 0.0
внедорожники 0.00339 0.0 0.0
войти 0.00339 0.0 0.0
востоке 0.00339 0.0 0.0
время 0.00339 1.427116 0.004838
вс 0.00339 0.0 0.0
всему 0.00339 0.0 0.0
вскоре 0.00339 3.912023 0.013261
вт 0.00339 0.0 0.0
входят 0.00339 0.0 0.0
выделите 0.00339 0.0 0.0
выходит 0.00339 0.0 0.0
главную 0.00339 0.0 0.0
говорится 0.00339 4.60517 0.015611
год 0.00339 0.0 0.0
года 0.00339 0.0 0.0
данные 0.00339 0.0 0.0
данный 0.00339 0.0 0.0
данных 0.00339 0.0 0.0
двигатели 0.00339 0.0 0.0
двигатель 0.00339 0.0 0.0
двух 0.00339 0.0 0.0
дизайн 0.00339 0.0 0.0
директор 0.00339 0.0 0.0
долларов 0.00339 0.0 0.0
дом 0.00339 0.0 0.0
дополнительное 0.00339 3.506558 0.011887
доставили 0.00339 0.0 0.0
достигает 0.00339 0.0 0.0
достижения 0.00339 2.995732 0.010155
завершат 0.00339 0.0 0.0
задержку 0.00339 4.60517 0.015611
защиты 0.00339 0.0 0.0
заявлении 0.00339 3.506558 0.011887
земле 0.00339 0.0 0.0
земли 0.00339 0.0 0.0
зонд 0.00339 0.0 0.0
зонда 0.00339 0.0 0.0
игроков 0.00339 3.506558 0.011887
игры 0.00339 0.0 0.0
извинилась 0.00339 4.60517 0.015611
инновационный 0.00339 0.0 0.0
интерес 0.00339 2.407946 0.008163
информации 0.00339 0.0 0.0
исключением 0.00339 4.60517 0.015611
искренне 0.00339 4.60517 0.015611
использования 0.00339 0.0 0.0
исследований 0.00339 0.0 0.0
источник 0.00339 0.0 0.0
календарь 0.00339 0.0 0.0
категории 0.00339 0.0 0.0
качества 0.00339 2.995732 0.010155
кг 0.00339 0.0 0.0
километров 0.00339 0.0 0.0
классическим 0.00339 0.0 0.0
клон 0.00339 0.0 0.0
команду 0.00339 4.60517 0.015611
комментирования 0.00339 0.0 0.0
компания 0.00339 0.820981 0.002783
комфортный 0.00339 0.0 0.0
конференция 0.00339 0.0 0.0
корее 0.00339 0.0 0.0
коробкой 0.00339 2.813411 0.009537
корпуса 0.00339 0.0 0.0
корпусе 0.00339 3.218876 0.010911
космос 0.00339 0.0 0.0
космоса 0.00339 0.0 0.0
кроссовера 0.00339 0.0 0.0
кроссоверы 0.00339 0.0 0.0
кубических 0.00339 0.0 0.0
куки 0.00339 0.0 0.0
летать 0.00339 0.0 0.0
лету 0.00339 0.0 0.0
листа 0.00339 0.0 0.0
мае 0.00339 0.0 0.0
май 0.00339 0.0 0.0
марка 0.00339 0.0 0.0
материалов 0.00339 0.0 0.0
машину 0.00339 0.0 0.0
мая 0.00339 0.0 0.0
межпланетный 0.00339 0.0 0.0
меняет 0.00339 0.0 0.0
местная 0.00339 3.506558 0.011887
метрового 0.00339 0.0 0.0
миллионов 0.00339 0.0 0.0
миру 0.00339 0.0 0.0
млн 0.00339 1.108663 0.003758
мобильные 0.00339 0.0 0.0
могут 0.00339 0.0 0.0
момент 0.00339 0.0 0.0
мониторы 0.00339 0.0 0.0
мотобрендов 0.00339 0.0 0.0
мотоциклов 0.00339 0.0 0.0
мощь 0.00339 1.89712 0.006431
мп 0.00339 0.235722 0.000799
мс 0.00339 0.0 0.0
мультимедиа 0.00339 0.0 0.0
нажмите 0.00339 0.0 0.0
назвал 0.00339 0.0 0.0
названием 0.00339 0.0 0.0
нашей 0.00339 0.0 0.0
наши 0.00339 0.0 0.0
нашли 0.00339 0.0 0.0
нашу 0.00339 2.995732 0.010155
невероятно 0.00339 4.60517 0.015611
необходимо 0.00339 2.407946 0.008163
новости 0.00339 0.0 0.0
новые 0.00339 0.0 0.0
новый 0.00339 0.0 0.0
новыми 0.00339 2.65926 0.009014
носители 0.00339 0.0 0.0
ноутбуки 0.00339 0.0 0.0
нужны 0.00339 0.0 0.0
обзоры 0.00339 0.0 0.0
обработки 0.00339 0.0 0.0
образцы 0.00339 0.0 0.0
объявила 0.00339 2.995732 0.010155
объявлена 0.00339 0.0 0.0
одноклассник 0.00339 0.0 0.0
ожидаемого 0.00339 4.60517 0.015611
ожидания 0.00339 3.912023 0.013261
орбите 0.00339 0.0 0.0
ос 0.00339 0.0 0.0
отдадут 0.00339 0.0 0.0
отечественного 0.00339 0.0 0.0
отказа 0.00339 0.0 0.0
отказались 0.00339 0.0 0.0
отключили 0.00339 0.0 0.0
отложена 0.00339 3.506558 0.011887
отметив 0.00339 4.60517 0.015611
очень 0.00339 0.0 0.0
ошибку 0.00339 0.0 0.0
передач 0.00339 2.120264 0.007187
переднего 0.00339 0.0 0.0
перенесён 0.00339 4.60517 0.015611
период 0.00339 0.0 0.0
периферия 0.00339 0.0 0.0
персональные 0.00339 0.0 0.0
персональных 0.00339 0.0 0.0
пиар 0.00339 0.0 0.0
пк 0.00339 0.0 0.0
планшеты 0.00339 0.0 0.0
платформа 0.00339 0.0 0.0
пн 0.00339 0.0 0.0
поблагодарила 0.00339 4.60517 0.015611
подвел 0.00339 0.0 0.0
поддержка 0.00339 3.912023 0.013261
поделиться 0.00339 4.60517 0.015611
поднял 0.00339 0.0 0.0
подождать 0.00339 3.506558 0.011887
подождем 0.00339 4.60517 0.015611
подробнее 0.00339 0.0 0.0
подробностями 0.00339 4.60517 0.015611
подчёркивают 0.00339 2.995732 0.010155
позже 0.00339 4.60517 0.015611
поиск 0.00339 0.0 0.0
пока 0.00339 0.0 0.0
полезные 0.00339 0.0 0.0
политика 0.00339 0.0 0.0
политикой 0.00339 0.0 0.0
полноприводными 0.00339 0.0 0.0
полётов 0.00339 0.0 0.0
пообещала 0.00339 4.60517 0.015611
попробовать 0.00339 0.0 0.0
популярная 0.00339 0.0 0.0
популярных 0.00339 0.0 0.0
посещать 0.00339 0.0 0.0
правила 0.00339 0.0 0.0
прайс 0.00339 0.0 0.0
превзойти 0.00339 3.912023 0.013261
представлен 0.00339 0.0 0.0
предыдущими 0.00339 4.60517 0.015611
прибавка 0.00339 0.0 0.0
привода 0.00339 0.0 0.0
принтеры 0.00339 0.0 0.0
причины 0.00339 0.0 0.0
пробизнес 0.00339 0.0 0.0
проведения 0.00339 0.0 0.0
программы 0.00339 0.0 0.0
продавать 0.00339 0.0 0.0
продажи 0.00339 0.0 0.0
продолжая 0.00339 0.0 0.0
проектами 0.00339 3.218876 0.010911
проектов 0.00339 0.0 0.0
проекторы 0.00339 0.0 0.0
проекты 0.00339 0.0 0.0
пролить 0.00339 0.0 0.0
просит 0.00339 2.65926 0.009014
процессы 0.00339 0.0 0.0
пт 0.00339 0.0 0.0
работы 0.00339 0.0 0.0
разработчики 0.00339 3.218876 0.010911
раскрыты 0.00339 3.506558 0.011887
рассчитывали 0.00339 3.912023 0.013261
реальных 0.00339 0.0 0.0
результаты 0.00339 0.0 0.0
реклама 0.00339 0.0 0.0
релиз 0.00339 3.218876 0.010911
решает 0.00339 0.0 0.0
россии 0.00339 0.0 0.0
россияне 0.00339 0.0 0.0
рублей 0.00339 0.0 0.0
рынок 0.00339 0.0 0.0
сайте 0.00339 0.0 0.0
сайты 0.00339 0.0 0.0
самая 0.00339 0.0 0.0
самолётах 0.00339 0.0 0.0
самых 0.00339 0.0 0.0
сантиметров 0.00339 0.0 0.0
сб 0.00339 0.0 0.0
сбора 0.00339 0.0 0.0
сверхтонком 0.00339 3.506558 0.011887
свет 0.00339 0.0 0.0
своей 0.00339 0.0 0.0
связи 0.00339 0.0 0.0
связь 0.00339 0.0 0.0
сегодня 0.00339 0.0 0.0
серверы 0.00339 0.0 0.0
сервисы 0.00339 0.0 0.0
сертификацию 0.00339 0.0 0.0
сети 0.00339 0.0 0.0
скоро 0.00339 0.0 0.0
сложности 0.00339 0.0 0.0
снова 0.00339 0.0 0.0
советский 0.00339 0.0 0.0
соглашаетесь 0.00339 0.0 0.0
сожалеем 0.00339 4.60517 0.015611
состоится 0.00339 3.912023 0.013261
спасти 0.00339 0.0 0.0
ср 0.00339 0.0 0.0
среда 0.00339 0.0 0.0
ссылки 0.00339 0.0 0.0
стал 0.00339 0.0 0.0
станет 0.00339 1.714798 0.005813
стартуют 0.00339 0.0 0.0
статистика 0.00339 0.0 0.0
статьи 0.00339 0.0 0.0
стекло 0.00339 3.506558 0.011887
стоимость 0.00339 0.0 0.0
стоит 0.00339 1.966113 0.006665
столько 0.00339 2.407946 0.008163
стремятся 0.00339 4.60517 0.015611
сша 0.00339 0.0 0.0
тайконавты 0.00339 0.0 0.0
тв 0.00339 0.0 0.0
теги 0.00339 0.0 0.0
текст 0.00339 0.0 0.0
терпение 0.00339 3.912023 0.013261
технический 0.00339 0.0 0.0
титан 0.00339 2.995732 0.010155
топ 0.00339 0.0 0.0
тыс 0.00339 0.0 0.0
убрали 0.00339 0.0 0.0
упасть 0.00339 0.0 0.0
уровня 0.00339 3.218876 0.010911
устройства 0.00339 0.0 0.0
ученым 0.00339 0.0 0.0
файлы 0.00339 0.0 0.0
фанатов 0.00339 4.60517 0.015611
флагманского 0.00339 0.0 0.0
фото 0.00339 0.0 0.0
фундаментальные 0.00339 0.0 0.0
характеристики 0.00339 2.995732 0.010155
хитом 0.00339 0.0 0.0
цена 0.00339 1.714798 0.005813
цены 0.00339 0.0 0.0
части 0.00339 0.0 0.0
человека 0.00339 0.0 0.0
чт 0.00339 0.0 0.0
экспорт 0.00339 0.0 0.0
эмбрионы 0.00339 0.0 0.0
южной 0.00339 0.0 0.0
