авиалайнера 0.003115 0.0 0.0
австралии 0.003115 0.0 0.0
автоваз 0.003115 0.0 0.0
автоматом 0.003115 0.0 0.0
автопроизводителя 0.003115 0.0 0.0
автор 0.003115 0.0 0.0
авторы 0.003115 0.0 0.0
агентством 0.003115 4.60517 0.014346
администрацией 0.003115 0.0 0.0
адрес 0.003115 0.0 0.0
америке 0.003115 0.0 0.0
аналитики 0.003115 0.0 0.0
апреле 0.003115 3.912023 0.012187
астронавтов 0.003115 2.995732 0.009332
белка 0.003115 0.0 0.0
беспилотный 0.003115 4.60517 0.014346
биологические 0.003115 0.0 0.0
биологических 0.003115 0.0 0.0
ближнем 0.003115 0.0 0.0
блоги 0.003115 0.0 0.0
будут 0.003115 0.0 0.0
быстро 0.003115 0.0 0.0
весом 0.003115 0.0 0.0
видео 0.003115 0.0 0.0
видеокарты 0.003115 0.0 0.0
внедорожники 0.003115 0.0 0.0
войти 0.003115 0.0 0.0
вопросы 0.003115 2.525729 0.007868
востоке 0.003115 0.0 0.0
восьми 0.003115 4.60517 0.014346
вс 0.003115 0.0 0.0
всему 0.003115 0.0 0.0
вт 0.003115 0.0 0.0
входят 0.003115 0.0 0.0
выделите 0.003115 0.0 0.0
выполнения 0.003115 3.506558 0.010924
выполнено 0.003115 4.60517 0.014346
выходит 0.003115 0.0 0.0
главную 0.003115 0.0 0.0
года 0.003115 0.0 0.0
году 0.003115 1.272966 0.003966
графика 0.003115 3.218876 0.010028
грузовых 0.003115 4.60517 0.014346
данном 0.003115 3.506558 0.010924
данные 0.003115 0.0 0.0
данный 0.003115 0.0 0.0
данных 0.003115 0.0 0.0
двигатели 0.003115 0.0 0.0
двигатель 0.003115 0.0 0.0
движется 0.003115 3.506558 0.010924
двух 0.003115 0.0 0.0
дело 0.003115 3.218876 0.010028
дизайн 0.003115 0.0 0.0
директор 0.003115 0.0 0.0
дня 0.003115 0.0 0.0
долларов 0.003115 0.0 0.0
дом 0.003115 0.0 0.0
доставили 0.003115 0.0 0.0
доставке 0.003115 3.218876 0.010028
достигает 0.003115 0.0 0.0
евклид 0.003115 4.60517 0.014346
европейским 0.003115 4.60517 0.014346
ежемесячно 0.003115 4.60517 0.014346
завершат 0.003115 0.0 0.0
запуск 0.003115 1.272966 0.003966
запускает 0.003115 3.506558 0.010924
запусков 0.003115 3.218876 0.010028
защиты 0.003115 0.0 0.0
земле 0.003115 0.0 0.0
земли 0.003115 0.0 0.0
зонд 0.003115 0.0 0.0
зонда 0.003115 0.0 0.0
игры 0.003115 0.0 0.0
илона 0.003115 2.207275 0.006876
инновационный 0.003115 0.0 0.0
информации 0.003115 0.0 0.0
иска 0.003115 1.89712 0.00591
использования 0.003115 0.0 0.0
исследований 0.003115 0.0 0.0
истории 0.003115 2.65926 0.008284
источник 0.003115 0.0 0.0
каждые 0.003115 3.912023 0.012187
календарь 0.003115 0.0 0.0
калифорнии 0.003115 2.65926 0.008284
категории 0.003115 0.0 0.0
кг 0.003115 0.0 0.0
километров 0.003115 0.0 0.0
классическим 0.003115 0.0 0.0
клон 0.003115 0.0 0.0
комментирования 0.003115 0.0 0.0
компании 0.003115 1.347074 0.004196
компания 0.003115 0.820981 0.002558
комфортный 0.003115 0.0 0.0
конференция 0.003115 0.0 0.0
концу 0.003115 3.218876 0.010028
корабль 0.003115 3.218876 0.010028
корее 0.003115 0.0 0.0
корпуса 0.003115 0.0 0.0
космическим 0.003115 2.995732 0.009332
космическую 0.003115 3.912023 0.012187
космос 0.003115 0.0 0.0
космоса 0.003115 0.0 0.0
кроссовера 0.003115 0.0 0.0
кроссоверы 0.003115 0.0 0.0
кубических 0.003115 0.0 0.0
куки 0.003115 0.0 0.0
летать 0.003115 0.0 0.0
лету 0.003115 0.0 0.0
листа 0.003115 0.0 0.0
мае 0.003115 0.0 0.0
май 0.003115 0.0 0.0
марка 0.003115 0.0 0.0
марте 0.003115 2.813411 0.008765
маска 0.003115 2.207275 0.006876
материалов 0.003115 0.0 0.0
машину 0.003115 0.0 0.0
мая 0.003115 0.0 0.0
международную 0.003115 3.912023 0.012187
межпланетный 0.003115 0.0 0.0
меняет 0.003115 0.0 0.0
месяц 0.003115 1.832581 0.005709
метрового 0.003115 0.0 0.0
миллионов 0.003115 0.0 0.0
минут 0.003115 2.65926 0.008284
миру 0.003115 0.0 0.0
миссий 0.003115 2.407946 0.007501
миссиях 0.003115 4.60517 0.014346
мобильные 0.003115 0.0 0.0
могут 0.003115 0.0 0.0
момент 0.003115 0.0 0.0
мониторы 0.003115 0.0 0.0
мотобрендов 0.003115 0.0 0.0
мотоциклов 0.003115 0.0 0.0
мс 0.003115 0.0 0.0
мультимедиа 0.003115 0.0 0.0
нажмите 0.003115 0.0 0.0
назвал 0.003115 0.0 0.0
названием 0.003115 0.0 0.0
нашей 0.003115 0.0 0.0
наши 0.003115 0.0 0.0
нашли 0.003115 0.0 0.0
новости 0.003115 0.0 0.0
новые 0.003115 0.0 0.0
новый 0.003115 0.0 0.0
носители 0.003115 0.0 0.0
носитель 0.003115 2.995732 0.009332
ноутбуки 0.003115 0.0 0.0
нужны 0.003115 0.0 0.0
обзоры 0.003115 0.0 0.0
обработки 0.003115 0.0 0.0
образцы 0.003115 0.0 0.0
обсерватории 0.003115 3.506558 0.010924
общее 0.003115 4.60517 0.014346
объявлена 0.003115 0.0 0.0
огневой 0.003115 3.218876 0.010028
одноклассник 0.003115 0.0 0.0
орбитальных 0.003115 3.506558 0.010924
орбите 0.003115 0.0 0.0
ос 0.003115 0.0 0.0
оставил 0.003115 0.0 0.0
отдадут 0.003115 0.0 0.0
отечественного 0.003115 0.0 0.0
отказа 0.003115 0.0 0.0
отказались 0.003115 0.0 0.0
отклонении 0.003115 3.506558 0.010924
отклонила 0.003115 3.506558 0.010924
отключили 0.003115 0.0 0.0
отправила 0.003115 4.60517 0.014346
отстаёт 0.003115 3.218876 0.010028
очень 0.003115 0.0 0.0
ошибку 0.003115 0.0 0.0
первая 0.003115 2.813411 0.008765
переднего 0.003115 0.0 0.0
период 0.003115 0.0 0.0
периферия 0.003115 0.0 0.0
персональные 0.003115 0.0 0.0
персональных 0.003115 0.0 0.0
пиар 0.003115 0.0 0.0
пк 0.003115 0.0 0.0
плана 0.003115 2.813411 0.008765
планируется 0.003115 3.506558 0.010924
планшеты 0.003115 0.0 0.0
платформа 0.003115 0.0 0.0
пн 0.003115 0.0 0.0
подвел 0.003115 0.0 0.0
поднял 0.003115 0.0 0.0
подробнее 0.003115 0.0 0.0
подробности 0.003115 2.65926 0.008284
поиск 0.003115 0.0 0.0
пока 0.003115 0.0 0.0
показаться 0.003115 3.506558 0.010924
полезные 0.003115 0.0 0.0
политика 0.003115 0.0 0.0
политикой 0.003115 0.0 0.0
полноприводными 0.003115 0.0 0.0
полётов 0.003115 0.0 0.0
попробовать 0.003115 0.0 0.0
популярная 0.003115 0.0 0.0
популярных 0.003115 0.0 0.0
посадкой 0.003115 3.912023 0.012187
посадку 0.003115 3.912023 0.012187
посещать 0.003115 0.0 0.0
потребуется 0.003115 3.912023 0.012187
появились 0.003115 2.813411 0.008765
правила 0.003115 0.0 0.0
прайс 0.003115 0.0 0.0
представлен 0.003115 0.0 0.0
прибавка 0.003115 0.0 0.0
привода 0.003115 0.0 0.0
придерживаться 0.003115 4.60517 0.014346
принтеры 0.003115 0.0 0.0
причины 0.003115 0.0 0.0
пробизнес 0.003115 0.0 0.0
проведения 0.003115 0.0 0.0
программы 0.003115 0.0 0.0
продавать 0.003115 0.0 0.0
продажи 0.003115 0.0 0.0
продолжая 0.003115 0.0 0.0
продолжит 0.003115 3.506558 0.010924
проектов 0.003115 0.0 0.0
проекторы 0.003115 0.0 0.0
проекты 0.003115 0.0 0.0
прожиге 0.003115 3.506558 0.010924
пролить 0.003115 0.0 0.0
процессы 0.003115 0.0 0.0
пт 0.003115 0.0 0.0
работы 0.003115 0.0 0.0
ракету 0.003115 2.995732 0.009332
ракеты 0.003115 2.040221 0.006356
ранее 0.003115 1.771957 0.00552
реальных 0.003115 0.0 0.0
результаты 0.003115 0.0 0.0
реклама 0.003115 0.0 0.0
решает 0.003115 0.0 0.0
россии 0.003115 0.0 0.0
россияне 0.003115 0.0 0.0
рублей 0.003115 0.0 0.0
рынок 0.003115 0.0 0.0
сайте 0.003115 0.0 0.0
сайты 0.003115 0.0 0.0
самая 0.003115 0.0 0.0
самолётах 0.003115 0.0 0.0
самых 0.003115 0.0 0.0
сантиметров 0.003115 0.0 0.0
сб 0.003115 0.0 0.0
сбора 0.003115 0.0 0.0
свет 0.003115 0.0 0.0
своей 0.003115 0.0 0.0
связи 0.003115 0.0 0.0
связь 0.003115 0.0 0.0
сегодня 0.003115 0.0 0.0
серверы 0.003115 0.0 0.0
сервисы 0.003115 0.0 0.0
сертификацию 0.003115 0.0 0.0
сети 0.003115 0.0 0.0
скоро 0.003115 0.0 0.0
сложности 0.003115 0.0 0.0
снова 0.003115 0.0 0.0
совершила 0.003115 3.912023 0.012187
советский 0.003115 0.0 0.0
соглашаетесь 0.003115 0.0 0.0
созданной 0.003115 4.60517 0.014346
составить 0.003115 4.60517 0.014346
спасти 0.003115 0.0 0.0
спутниками 0.003115 4.60517 0.014346
ср 0.003115 0.0 0.0
среда 0.003115 0.0 0.0
ссылки 0.003115 0.0 0.0
стал 0.003115 0.0 0.0
стало 0.003115 2.525729 0.007868
станцию 0.003115 3.218876 0.010028
старта 0.003115 2.525729 0.007868
старту 0.003115 0.0 0.0
стартуют 0.003115 0.0 0.0
статистика 0.003115 0.0 0.0
статьи 0.003115 0.0 0.0
стоимость 0.003115 0.0 0.0
ступень 0.003115 3.218876 0.010028
судне 0.003115 4.60517 0.014346
суду 0.003115 3.506558 0.010924
судья 0.003115 3.506558 0.010924
счёту 0.003115 4.60517 0.014346
сша 0.003115 0.0 0.0
тайконавты 0.003115 0.0 0.0
тв 0.003115 0.0 0.0
теги 0.003115 0.0 0.0
текст 0.003115 0.0 0.0
текущего 0.003115 3.912023 0.012187
тест 0.003115 1.171183 0.003649
технический 0.003115 0.0 0.0
топ 0.003115 0.0 0.0
тыс 0.003115 0.0 0.0
убрали 0.003115 0.0 0.0
увеличить 0.003115 3.912023 0.012187
упасть 0.003115 0.0 0.0
ускорителя 0.003115 4.60517 0.014346
успешно 0.003115 2.407946 0.007501
успешной 0.003115 4.60517 0.014346
устройства 0.003115 0.0 0.0
участвовала 0.003115 4.60517 0.014346
ученым 0.003115 0.0 0.0
файлы 0.003115 0.0 0.0
феврале 0.003115 3.912023 0.012187
флагманского 0.003115 0.0 0.0
фото 0.003115 0.0 0.0
фундаментальные 0.003115 0.0 0.0
хитом 0.003115 0.0 0.0
ходатайство 0.003115 3.506558 0.010924
цены 0.003115 0.0 0.0
части 0.003115 0.0 0.0
частных 0.003115 3.506558 0.010924
часто 0.003115 1.714798 0.005342
частоту 0.003115 2.995732 0.009332
человека 0.003115 0.0 0.0
число 0.003115 4.60517 0.014346
чт 0.003115 0.0 0.0
эквивалентно 0.003115 4.60517 0.014346
экспорт 0.003115 0.0 0.0
эмбрионы 0.003115 0.0 0.0
южной 0.003115 0.0 0.0
январе 0.003115 4.60517 0.014346
