абиогенный 0.002247 4.60517 0.010349
авиалайнера 0.002247 0.0 0.0
австралии 0.002247 0.0 0.0
автоваз 0.002247 0.0 0.0
автоматом 0.002247 0.0 0.0
автопроизводителя 0.002247 0.0 0.0
автор 0.002247 0.0 0.0
авторы 0.002247 0.0 0.0
агрессивное 0.002247 4.60517 0.010349
администрацией 0.002247 0.0 0.0
адрес 0.002247 0.0 0.0
активность 0.002247 3.506558 0.00788
америке 0.002247 0.0 0.0
аминокислот 0.002247 3.506558 0.00788
аминокислоты 0.002247 4.60517 0.010349
аморфном 0.002247 4.60517 0.010349
аналитики 0.002247 0.0 0.0
аппаратов 0.002247 2.525729 0.005676
аппаратом 0.002247 4.60517 0.010349
ароматические 0.002247 4.60517 0.010349
ароматических 0.002247 4.60517 0.010349
астробиология 0.002247 4.60517 0.010349
астробиологов 0.002247 4.60517 0.010349
белка 0.002247 0.0 0.0
биологические 0.002247 0.0 0.0
биологических 0.002247 0.0 0.0
биомаркеры 0.002247 4.60517 0.010349
ближнем 0.002247 0.0 0.0
блоги 0.002247 0.0 0.0
будут 0.002247 0.0 0.0
будущих 0.002247 2.65926 0.005976
быстро 0.002247 0.0 0.0
бюджет 0.002247 2.65926 0.005976
важно 0.002247 2.120264 0.004765
вероятность 0.002247 3.506558 0.00788
весом 0.002247 0.0 0.0
видео 0.002247 0.0 0.0
видеокарты 0.002247 0.0 0.0
влияет 0.002247 3.506558 0.00788
внедорожники 0.002247 0.0 0.0
внеземной 0.002247 4.60517 0.010349
внимание 0.002247 2.65926 0.005976
воздействие 0.002247 3.912023 0.008791
возможность 0.002247 1.966113 0.004418
возрасте 0.002247 4.60517 0.010349
войти 0.002247 0.0 0.0
востоке 0.002247 0.0 0.0
вс 0.002247 0.0 0.0
вселенной 0.002247 2.813411 0.006322
всему 0.002247 0.0 0.0
вт 0.002247 0.0 0.0
входят 0.002247 0.0 0.0
выделите 0.002247 0.0 0.0
выживания 0.002247 3.506558 0.00788
высоких 0.002247 2.995732 0.006732
выходит 0.002247 0.0 0.0
выявить 0.002247 4.60517 0.010349
галилео 0.002247 4.60517 0.010349
геологически 0.002247 4.60517 0.010349
гидротермальная 0.002247 4.60517 0.010349
главную 0.002247 0.0 0.0
главных 0.002247 4.60517 0.010349
года 0.002247 0.0 0.0
гонке 0.002247 2.65926 0.005976
данные 0.002247 0.0 0.0
данный 0.002247 0.0 0.0
данных 0.002247 0.0 0.0
двигатели 0.002247 0.0 0.0
двигатель 0.002247 0.0 0.0
двух 0.002247 0.0 0.0
действием 0.002247 3.506558 0.00788
денег 0.002247 3.506558 0.00788
десятков 0.002247 3.912023 0.008791
диапазоне 0.002247 3.506558 0.00788
дизайн 0.002247 0.0 0.0
директор 0.002247 0.0 0.0
долларов 0.002247 0.0 0.0
дом 0.002247 0.0 0.0
доставили 0.002247 0.0 0.0
доставке 0.002247 3.218876 0.007233
доставку 0.002247 3.506558 0.00788
достаточной 0.002247 4.60517 0.010349
достигает 0.002247 0.0 0.0
европа 0.002247 4.60517 0.010349
европе 0.002247 2.65926 0.005976
европы 0.002247 3.506558 0.00788
жизни 0.002247 3.912023 0.008791
жизнь 0.002247 3.912023 0.008791
завершат 0.002247 0.0 0.0
зависит 0.002247 2.995732 0.006732
займется 0.002247 3.506558 0.00788
замедляется 0.002247 4.60517 0.010349
заряженных 0.002247 4.60517 0.010349
защиты 0.002247 0.0 0.0
земле 0.002247 0.0 0.0
земли 0.002247 0.0 0.0
значительно 0.002247 3.218876 0.007233
зонах 0.002247 2.995732 0.006732
зонд 0.002247 0.0 0.0
зонда 0.002247 0.0 0.0
зоны 0.002247 2.995732 0.006732
игры 0.002247 0.0 0.0
излучения 0.002247 3.506558 0.00788
изображение 0.002247 1.514128 0.003403
илона 0.002247 2.207275 0.00496
индуцированная 0.002247 4.60517 0.010349
инновационный 0.002247 0.0 0.0
инструментом 0.002247 3.912023 0.008791
интернет 0.002247 2.65926 0.005976
информации 0.002247 0.0 0.0
использования 0.002247 0.0 0.0
исследование 0.002247 2.120264 0.004765
исследований 0.002247 0.0 0.0
исследованию 0.002247 3.506558 0.00788
исследователи 0.002247 2.302585 0.005174
источник 0.002247 0.0 0.0
календарь 0.002247 0.0 0.0
кандидатов 0.002247 4.60517 0.010349
категории 0.002247 0.0 0.0
кг 0.002247 0.0 0.0
километров 0.002247 0.0 0.0
классическим 0.002247 0.0 0.0
клон 0.002247 0.0 0.0
ключевым 0.002247 2.525729 0.005676
ключевых 0.002247 2.995732 0.006732
комментирования 0.002247 0.0 0.0
компания 0.002247 0.820981 0.001845
комфортный 0.002247 0.0 0.0
конференция 0.002247 0.0 0.0
концентрация 0.002247 4.60517 0.010349
корее 0.002247 0.0 0.0
корпуса 0.002247 0.0 0.0
косвенным 0.002247 4.60517 0.010349
космические 0.002247 2.207275 0.00496
космическим 0.002247 2.995732 0.006732
космической 0.002247 2.407946 0.005411
космос 0.002247 0.0 0.0
космоса 0.002247 0.0 0.0
которая 0.002247 1.560648 0.003507
которого 0.002247 4.60517 0.010349
кроссовера 0.002247 0.0 0.0
кроссоверы 0.002247 0.0 0.0
кубических 0.002247 0.0 0.0
куки 0.002247 0.0 0.0
лазерно 0.002247 3.506558 0.00788
ледяном 0.002247 4.60517 0.010349
ледяных 0.002247 4.60517 0.010349
лет 0.002247 0.0 0.0
летать 0.002247 0.0 0.0
лету 0.002247 0.0 0.0
листа 0.002247 0.0 0.0
локации 0.002247 4.60517 0.010349
льда 0.002247 3.506558 0.00788
льдом 0.002247 3.912023 0.008791
льду 0.002247 4.60517 0.010349
людей 0.002247 2.302585 0.005174
лёд 0.002247 3.912023 0.008791
магнитосферы 0.002247 4.60517 0.010349
мае 0.002247 0.0 0.0
май 0.002247 0.0 0.0
максимален 0.002247 4.60517 0.010349
маловероятен 0.002247 4.60517 0.010349
марка 0.002247 0.0 0.0
марс 0.002247 2.525729 0.005676
марса 0.002247 3.218876 0.007233
маска 0.002247 2.207275 0.00496
материал 0.002247 0.0 0.0
материалов 0.002247 0.0 0.0
машину 0.002247 0.0 0.0
мая 0.002247 0.0 0.0
межпланетный 0.002247 0.0 0.0
меняет 0.002247 0.0 0.0
метод 0.002247 1.714798 0.003853
метрового 0.002247 0.0 0.0
миллионов 0.002247 0.0 0.0
миру 0.002247 0.0 0.0
миссии 0.002247 1.514128 0.003403
миссий 0.002247 2.407946 0.005411
миссия 0.002247 2.120264 0.004765
мобильные 0.002247 0.0 0.0
мог 0.002247 0.0 0.0
могла 0.002247 2.995732 0.006732
могут 0.002247 0.0 0.0
моделирование 0.002247 3.218876 0.007233
молекул 0.002247 4.60517 0.010349
молекулы 0.002247 4.60517 0.010349
молодым 0.002247 3.912023 0.008791
молодых 0.002247 3.912023 0.008791
момент 0.002247 0.0 0.0
мониторы 0.002247 0.0 0.0
мотобрендов 0.002247 0.0 0.0
мотоциклов 0.002247 0.0 0.0
мс 0.002247 0.0 0.0
мультимедиа 0.002247 0.0 0.0
нажмите 0.002247 0.0 0.0
назвал 0.002247 0.0 0.0
названием 0.002247 0.0 0.0
нашей 0.002247 0.0 0.0
наши 0.002247 0.0 0.0
нашли 0.002247 0.0 0.0
несколько 0.002247 2.525729 0.005676
неясным 0.002247 4.60517 0.010349
нм 0.002247 3.912023 0.008791
новое 0.002247 3.218876 0.007233
новости 0.002247 0.0 0.0
новые 0.002247 0.0 0.0
новый 0.002247 0.0 0.0
носители 0.002247 0.0 0.0
ноутбуки 0.002247 0.0 0.0
нужны 0.002247 0.0 0.0
обеспечила 0.002247 3.506558 0.00788
обзоры 0.002247 0.0 0.0
обнаружение 0.002247 3.912023 0.008791
обнаружения 0.002247 3.218876 0.007233
обнаружить 0.002247 3.506558 0.00788
обновляется 0.002247 4.60517 0.010349
обработки 0.002247 0.0 0.0
образом 0.002247 3.506558 0.00788
образцов 0.002247 2.813411 0.006322
образцы 0.002247 0.0 0.0
объявлена 0.002247 0.0 0.0
ограничен 0.002247 1.966113 0.004418
одним 0.002247 2.525729 0.005676
одноклассник 0.002247 0.0 0.0
океан 0.002247 3.912023 0.008791
океана 0.002247 4.60517 0.010349
океану 0.002247 4.60517 0.010349
оптимизировать 0.002247 3.218876 0.007233
орбитальных 0.002247 3.506558 0.00788
орбите 0.002247 0.0 0.0
орбиты 0.002247 2.65926 0.005976
органики 0.002247 4.60517 0.010349
органику 0.002247 3.506558 0.00788
органических 0.002247 4.60517 0.010349
ос 0.002247 0.0 0.0
особенно 0.002247 1.609438 0.003617
оставалось 0.002247 4.60517 0.010349
остаётся 0.002247 2.040221 0.004585
отдадут 0.002247 0.0 0.0
отечественного 0.002247 0.0 0.0
отказа 0.002247 0.0 0.0
отказались 0.002247 0.0 0.0
отключили 0.002247 0.0 0.0
открытие 0.002247 2.525729 0.005676
отложениях 0.002247 4.60517 0.010349
отметили 0.002247 2.995732 0.006732
очень 0.002247 0.0 0.0
ошибку 0.002247 0.0 0.0
переднего 0.002247 0.0 0.0
период 0.002247 0.0 0.0
периферия 0.002247 0.0 0.0
персональные 0.002247 0.0 0.0
персональных 0.002247 0.0 0.0
пиар 0.002247 0.0 0.0
пк 0.002247 0.0 0.0
планшеты 0.002247 0.0 0.0
платформа 0.002247 0.0 0.0
пн 0.002247 0.0 0.0
поверхности 0.002247 3.218876 0.007233
поверхность 0.002247 3.912023 0.008791
повышает 0.002247 3.912023 0.008791
подвел 0.002247 0.0 0.0
подлёдный 0.002247 4.60517 0.010349
поднял 0.002247 0.0 0.0
подняться 0.002247 4.60517 0.010349
подповерхностному 0.002247 4.60517 0.010349
подробнее 0.002247 0.0 0.0
подтвердили 0.002247 3.912023 0.008791
подчёркивают 0.002247 2.995732 0.006732
позволяет 0.002247 1.832581 0.004118
поиск 0.002247 0.0 0.0
поиска 0.002247 2.813411 0.006322
пока 0.002247 0.0 0.0
показало 0.002247 2.813411 0.006322
полезные 0.002247 0.0 0.0
политика 0.002247 0.0 0.0
политикой 0.002247 0.0 0.0
полноприводными 0.002247 0.0 0.0
полосах 0.002247 4.60517 0.010349
полученное 0.002247 4.60517 0.010349
полюсов 0.002247 4.60517 0.010349
полётов 0.002247 0.0 0.0
попробовать 0.002247 0.0 0.0
популярная 0.002247 0.0 0.0
популярных 0.002247 0.0 0.0
пор 0.002247 0.0 0.0
посещать 0.002247 0.0 0.0
потенциальные 0.002247 3.912023 0.008791
правила 0.002247 0.0 0.0
прайс 0.002247 0.0 0.0
предлагают 0.002247 4.60517 0.010349
представлен 0.002247 0.0 0.0
предстоящих 0.002247 4.60517 0.010349
прибавка 0.002247 0.0 0.0
привлекает 0.002247 4.60517 0.010349
привода 0.002247 0.0 0.0
применим 0.002247 3.912023 0.008791
принтеры 0.002247 0.0 0.0
причины 0.002247 0.0 0.0
пробизнес 0.002247 0.0 0.0
проведения 0.002247 0.0 0.0
программы 0.002247 0.0 0.0
продавать 0.002247 0.0 0.0
продажи 0.002247 0.0 0.0
продолжая 0.002247 0.0 0.0
проектов 0.002247 0.0 0.0
проекторы 0.002247 0.0 0.0
проекты 0.002247 0.0 0.0
пролить 0.002247 0.0 0.0
процессов 0.002247 3.912023 0.008791
процессы 0.002247 0.0 0.0
пт 0.002247 0.0 0.0
работы 0.002247 0.0 0.0
радиации 0.002247 3.506558 0.00788
радиационный 0.002247 4.60517 0.010349
радиация 0.002247 4.60517 0.010349
разрушаются 0.002247 3.912023 0.008791
разрушение 0.002247 4.60517 0.010349
раскрыло 0.002247 3.506558 0.00788
расстояния 0.002247 2.995732 0.006732
реальных 0.002247 0.0 0.0
регионах 0.002247 3.506558 0.00788
регионов 0.002247 3.506558 0.00788
регистрации 0.002247 4.60517 0.010349
результаты 0.002247 0.0 0.0
реклама 0.002247 0.0 0.0
решает 0.002247 0.0 0.0
роль 0.002247 1.89712 0.004263
россии 0.002247 0.0 0.0
россияне 0.002247 0.0 0.0
рублей 0.002247 0.0 0.0
рывок 0.002247 3.218876 0.007233
рынок 0.002247 0.0 0.0
сайте 0.002247 0.0 0.0
сайты 0.002247 0.0 0.0
самая 0.002247 0.0 0.0
самолётах 0.002247 0.0 0.0
самых 0.002247 0.0 0.0
сантиметров 0.002247 0.0 0.0
сб 0.002247 0.0 0.0
сбора 0.002247 0.0 0.0
свежих 0.002247 4.60517 0.010349
свет 0.002247 0.0 0.0
свечение 0.002247 4.60517 0.010349
свидетельством 0.002247 4.60517 0.010349
своей 0.002247 0.0 0.0
связи 0.002247 0.0 0.0
связь 0.002247 0.0 0.0
сегодня 0.002247 0.0 0.0
секрет 0.002247 3.506558 0.00788
серверы 0.002247 0.0 0.0
сервисы 0.002247 0.0 0.0
сертификацию 0.002247 0.0 0.0
сетей 0.002247 2.525729 0.005676
сети 0.002247 0.0 0.0
синтез 0.002247 2.407946 0.005411
синтеза 0.002247 3.506558 0.00788
система 0.002247 1.514128 0.003403
сих 0.002247 2.407946 0.005411
скоро 0.002247 0.0 0.0
сложности 0.002247 0.0 0.0
снова 0.002247 0.0 0.0
советский 0.002247 0.0 0.0
соглашаетесь 0.002247 0.0 0.0
соединений 0.002247 4.60517 0.010349
создать 0.002247 2.813411 0.006322
сократить 0.002247 2.65926 0.005976
солнечная 0.002247 4.60517 0.010349
солнечного 0.002247 4.60517 0.010349
сохраняет 0.002247 2.995732 0.006732
сохраняться 0.002247 4.60517 0.010349
сочетание 0.002247 4.60517 0.010349
спасти 0.002247 0.0 0.0
спутника 0.002247 3.506558 0.00788
спутнике 0.002247 3.912023 0.008791
ср 0.002247 0.0 0.0
среда 0.002247 0.0 0.0
срок 0.002247 2.207275 0.00496
ссылки 0.002247 0.0 0.0
стал 0.002247 0.0 0.0
станет 0.002247 1.714798 0.003853
стартуют 0.002247 0.0 0.0
статистика 0.002247 0.0 0.0
стать 0.002247 0.0 0.0
статьи 0.002247 0.0 0.0
стоимость 0.002247 0.0 0.0
структуре 0.002247 3.912023 0.008791
структуры 0.002247 2.525729 0.005676
существенно 0.002247 3.506558 0.00788
считается 0.002247 3.912023 0.008791
сша 0.002247 0.0 0.0
тайконавты 0.002247 0.0 0.0
такие 0.002247 1.714798 0.003853
таким 0.002247 2.407946 0.005411
таких 0.002247 2.207275 0.00496
тв 0.002247 0.0 0.0
теги 0.002247 0.0 0.0
текст 0.002247 0.0 0.0
технический 0.002247 0.0 0.0
топ 0.002247 0.0 0.0
трещинах 0.002247 4.60517 0.010349
тыс 0.002247 0.0 0.0
тысяч 0.002247 2.407946 0.005411
тёмных 0.002247 4.60517 0.010349
убрали 0.002247 0.0 0.0
увеличивается 0.002247 4.60517 0.010349
угрозой 0.002247 2.65926 0.005976
ультрафиолета 0.002247 4.60517 0.010349
ультрафиолетовом 0.002247 4.60517 0.010349
упасть 0.002247 0.0 0.0
условия 0.002247 1.560648 0.003507
условиях 0.002247 1.771957 0.003982
успеха 0.002247 3.506558 0.00788
устройства 0.002247 0.0 0.0
ученым 0.002247 0.0 0.0
учёные 0.002247 1.966113 0.004418
фазы 0.002247 4.60517 0.010349
файлы 0.002247 0.0 0.0
февраля 0.002247 4.60517 0.010349
флагманского 0.002247 0.0 0.0
флуоресценция 0.002247 4.60517 0.010349
фокусироваться 0.002247 4.60517 0.010349
фото 0.002247 0.0 0.0
фундаментальные 0.002247 0.0 0.0
характерное 0.002247 4.60517 0.010349
характерном 0.002247 4.60517 0.010349
хитом 0.002247 0.0 0.0
холодных 0.002247 4.60517 0.010349
цены 0.002247 0.0 0.0
части 0.002247 0.0 0.0
частиц 0.002247 2.525729 0.005676
чаще 0.002247 4.60517 0.010349
человека 0.002247 0.0 0.0
чт 0.002247 0.0 0.0
шансы 0.002247 3.506558 0.00788
широт 0.002247 4.60517 0.010349
широтах 0.002247 4.60517 0.010349
экваториальных 0.002247 4.60517 0.010349
экспедиций 0.002247 3.912023 0.008791
экспорт 0.002247 0.0 0.0
эмбрионы 0.002247 0.0 0.0
этих 0.002247 3.506558 0.00788
южной 0.002247 0.0 0.0
юпитер 0.002247 4.60517 0.010349
юпитера 0.002247 4.60517 0.010349
