авиалайнера 0.00289 0.0 0.0
австралии 0.00289 0.0 0.0
автоваз 0.00289 0.0 0.0
автоматом 0.00289 0.0 0.0
автопроизводителя 0.00289 0.0 0.0
автор 0.00289 0.0 0.0
авторы 0.00289 0.0 0.0
администрацией 0.00289 0.0 0.0
адрес 0.00289 0.0 0.0
айсберга 0.00289 4.60517 0.01331
американские 0.00289 2.813411 0.008131
американских 0.00289 2.995732 0.008658
америке 0.00289 0.0 0.0
аналитики 0.00289 0.0 0.0
белка 0.00289 0.0 0.0
беременности 0.00289 3.506558 0.010135
биологические 0.00289 0.0 0.0
биологических 0.00289 0.0 0.0
ближнем 0.00289 0.0 0.0
блоги 0.00289 0.0 0.0
будут 0.00289 0.0 0.0
бургера 0.00289 3.506558 0.010135
быстро 0.00289 0.0 0.0
бьёт 0.00289 4.60517 0.01331
введённые 0.00289 4.60517 0.01331
ввоза 0.00289 4.60517 0.01331
верхушка 0.00289 4.60517 0.01331
весом 0.00289 0.0 0.0
видео 0.00289 0.0 0.0
видеокарты 0.00289 0.0 0.0
властей 0.00289 4.60517 0.01331
внедорожники 0.00289 0.0 0.0
внимание 0.00289 2.65926 0.007686
войти 0.00289 0.0 0.0
востоке 0.00289 0.0 0.0
вс 0.00289 0.0 0.0
всему 0.00289 0.0 0.0
вт 0.00289 0.0 0.0
входят 0.00289 0.0 0.0
выделите 0.00289 0.0 0.0
выдумывать 0.00289 4.60517 0.01331
вызвало 0.00289 4.60517 0.01331
высмеяла 0.00289 4.60517 0.01331
выступает 0.00289 4.60517 0.01331
выходит 0.00289 0.0 0.0
выявляли 0.00289 4.60517 0.01331
главную 0.00289 0.0 0.0
года 0.00289 0.0 0.0
данные 0.00289 0.0 0.0
данный 0.00289 0.0 0.0
данных 0.00289 0.0 0.0
дата 0.00289 2.813411 0.008131
двигатели 0.00289 0.0 0.0
двигатель 0.00289 0.0 0.0
двух 0.00289 0.0 0.0
дизайн 0.00289 0.0 0.0
директор 0.00289 0.0 0.0
документированные 0.00289 4.60517 0.01331
должны 0.00289 2.813411 0.008131
долларов 0.00289 0.0 0.0
дом 0.00289 0.0 0.0
доставили 0.00289 0.0 0.0
достигает 0.00289 0.0 0.0
доступных 0.00289 3.912023 0.011306
животах 0.00289 3.506558 0.010135
живых 0.00289 3.506558 0.010135
завершат 0.00289 0.0 0.0
запрещенных 0.00289 4.60517 0.01331
запустил 0.00289 2.040221 0.005897
защиты 0.00289 0.0 0.0
заявив 0.00289 3.912023 0.011306
заявлений 0.00289 4.60517 0.01331
зелёной 0.00289 4.60517 0.01331
земле 0.00289 0.0 0.0
земли 0.00289 0.0 0.0
зонд 0.00289 0.0 0.0
зонда 0.00289 0.0 0.0
игры 0.00289 0.0 0.0
изображение 0.00289 1.514128 0.004376
изощрённые 0.00289 4.60517 0.01331
ии 0.00289 0.0 0.0
имитации 0.00289 3.506558 0.010135
инновационный 0.00289 0.0 0.0
инновациях 0.00289 4.60517 0.01331
информации 0.00289 0.0 0.0
использования 0.00289 0.0 0.0
использует 0.00289 3.218876 0.009303
исследований 0.00289 0.0 0.0
истории 0.00289 2.65926 0.007686
источник 0.00289 0.0 0.0
календарь 0.00289 0.0 0.0
категории 0.00289 0.0 0.0
кг 0.00289 0.0 0.0
километров 0.00289 0.0 0.0
китай 0.00289 1.171183 0.003385
китайские 0.00289 2.525729 0.0073
классическим 0.00289 0.0 0.0
клон 0.00289 0.0 0.0
кнр 0.00289 3.218876 0.009303
комментирования 0.00289 0.0 0.0
компании 0.00289 1.347074 0.003893
компания 0.00289 0.820981 0.002373
комфортный 0.00289 0.0 0.0
контрабанда 0.00289 3.506558 0.010135
контрабанде 0.00289 4.60517 0.01331
контрабанду 0.00289 4.60517 0.01331
контрабанды 0.00289 4.60517 0.01331
контроль 0.00289 2.813411 0.008131
конференция 0.00289 0.0 0.0
конфликт 0.00289 3.506558 0.010135
корабль 0.00289 3.218876 0.009303
корее 0.00289 0.0 0.0
корпуса 0.00289 0.0 0.0
космос 0.00289 0.0 0.0
космоса 0.00289 0.0 0.0
которые 0.00289 1.309333 0.003784
кроссовера 0.00289 0.0 0.0
кроссоверы 0.00289 0.0 0.0
кубических 0.00289 0.0 0.0
куки 0.00289 0.0 0.0
кухню 0.00289 3.506558 0.010135
летать 0.00289 0.0 0.0
лету 0.00289 0.0 0.0
листа 0.00289 0.0 0.0
лобстерами 0.00289 4.60517 0.01331
лобстерах 0.00289 3.506558 0.010135
луне 0.00289 2.813411 0.008131
людей 0.00289 2.302585 0.006655
мае 0.00289 0.0 0.0
май 0.00289 0.0 0.0
малайзии 0.00289 4.60517 0.01331
марка 0.00289 0.0 0.0
материалов 0.00289 0.0 0.0
машину 0.00289 0.0 0.0
мая 0.00289 0.0 0.0
межпланетный 0.00289 0.0 0.0
меняет 0.00289 0.0 0.0
методы 0.00289 2.813411 0.008131
метрового 0.00289 0.0 0.0
миллионов 0.00289 0.0 0.0
миру 0.00289 0.0 0.0
миссии 0.00289 1.514128 0.004376
мобильные 0.00289 0.0 0.0
могут 0.00289 0.0 0.0
момент 0.00289 0.0 0.0
мониторы 0.00289 0.0 0.0
мотобрендов 0.00289 0.0 0.0
мотоциклов 0.00289 0.0 0.0
мс 0.00289 0.0 0.0
мультимедиа 0.00289 0.0 0.0
нажмите 0.00289 0.0 0.0
назвал 0.00289 0.0 0.0
названием 0.00289 0.0 0.0
накладных 0.00289 3.506558 0.010135
нашей 0.00289 0.0 0.0
наши 0.00289 0.0 0.0
нашли 0.00289 0.0 0.0
недружественные 0.00289 4.60517 0.01331
неоднократно 0.00289 4.60517 0.01331
неожиданных 0.00289 4.60517 0.01331
новости 0.00289 0.0 0.0
новые 0.00289 0.0 0.0
новый 0.00289 0.0 0.0
новых 0.00289 1.771957 0.005121
носители 0.00289 0.0 0.0
ноутбуки 0.00289 0.0 0.0
нуждающиеся 0.00289 4.60517 0.01331
нужны 0.00289 0.0 0.0
обзоры 0.00289 0.0 0.0
обработки 0.00289 0.0 0.0
образцы 0.00289 0.0 0.0
обхода 0.00289 3.506558 0.010135
объявлена 0.00289 0.0 0.0
ограничат 0.00289 4.60517 0.01331
ограничений 0.00289 2.65926 0.007686
одноклассник 0.00289 0.0 0.0
опровергает 0.00289 4.60517 0.01331
орбите 0.00289 0.0 0.0
ос 0.00289 0.0 0.0
особенно 0.00289 1.609438 0.004652
ответ 0.00289 1.714798 0.004956
отдадут 0.00289 0.0 0.0
отечественного 0.00289 0.0 0.0
отказа 0.00289 0.0 0.0
отказались 0.00289 0.0 0.0
отключили 0.00289 0.0 0.0
очень 0.00289 0.0 0.0
ошибку 0.00289 0.0 0.0
передала 0.00289 3.218876 0.009303
переднего 0.00289 0.0 0.0
передовых 0.00289 4.60517 0.01331
период 0.00289 0.0 0.0
периферия 0.00289 0.0 0.0
персональные 0.00289 0.0 0.0
персональных 0.00289 0.0 0.0
пиар 0.00289 0.0 0.0
пк 0.00289 0.0 0.0
планам 0.00289 4.60517 0.01331
планирует 0.00289 1.714798 0.004956
планшеты 0.00289 0.0 0.0
платформа 0.00289 0.0 0.0
пн 0.00289 0.0 0.0
подвел 0.00289 0.0 0.0
поддерживаемая 0.00289 3.912023 0.011306
поднял 0.00289 0.0 0.0
подозрительные 0.00289 4.60517 0.01331
подробнее 0.00289 0.0 0.0
поиск 0.00289 0.0 0.0
пока 0.00289 0.0 0.0
полезные 0.00289 0.0 0.0
политика 0.00289 0.0 0.0
политикой 0.00289 0.0 0.0
полминуты 0.00289 3.506558 0.010135
полноприводными 0.00289 0.0 0.0
полётов 0.00289 0.0 0.0
попробовать 0.00289 0.0 0.0
популярная 0.00289 0.0 0.0
популярных 0.00289 0.0 0.0
посещать 0.00289 0.0 0.0
поспорили 0.00289 4.60517 0.01331
поставки 0.00289 2.525729 0.0073
правил 0.00289 0.0 0.0
правила 0.00289 0.0 0.0
прайс 0.00289 0.0 0.0
предлагает 0.00289 2.120264 0.006128
предметах 0.00289 4.60517 0.01331
представлен 0.00289 0.0 0.0
прибавка 0.00289 0.0 0.0
привлекли 0.00289 3.912023 0.011306
привода 0.00289 0.0 0.0
принтеры 0.00289 0.0 0.0
причины 0.00289 0.0 0.0
пробизнес 0.00289 0.0 0.0
проведения 0.00289 0.0 0.0
программы 0.00289 0.0 0.0
продавать 0.00289 0.0 0.0
продажи 0.00289 0.0 0.0
продолжать 0.00289 3.912023 0.011306
продолжая 0.00289 0.0 0.0
проект 0.00289 0.0 0.0
проектов 0.00289 0.0 0.0
проекторы 0.00289 0.0 0.0
проекты 0.00289 0.0 0.0
пролить 0.00289 0.0 0.0
процессы 0.00289 0.0 0.0
пт 0.00289 0.0 0.0
публично 0.00289 3.506558 0.010135
работы 0.00289 0.0 0.0
разгорелся 0.00289 4.60517 0.01331
ранее 0.00289 1.771957 0.005121
расширять 0.00289 3.912023 0.011306
реакцию 0.00289 4.60517 0.01331
реальных 0.00289 0.0 0.0
резкую 0.00289 4.60517 0.01331
результаты 0.00289 0.0 0.0
реклама 0.00289 0.0 0.0
решает 0.00289 0.0 0.0
роботов 0.00289 2.995732 0.008658
россии 0.00289 0.0 0.0
россияне 0.00289 0.0 0.0
рублей 0.00289 0.0 0.0
рынок 0.00289 0.0 0.0
сайте 0.00289 0.0 0.0
сайты 0.00289 0.0 0.0
самая 0.00289 0.0 0.0
самолётах 0.00289 0.0 0.0
самых 0.00289 0.0 0.0
сантиметров 0.00289 0.0 0.0
сб 0.00289 0.0 0.0
сбора 0.00289 0.0 0.0
сборка 0.00289 3.218876 0.009303
свет 0.00289 0.0 0.0
своей 0.00289 0.0 0.0
свои 0.00289 1.89712 0.005483
связи 0.00289 0.0 0.0
связь 0.00289 0.0 0.0
сгенерировано 0.00289 2.65926 0.007686
сегодня 0.00289 0.0 0.0
серверы 0.00289 0.0 0.0
сервисы 0.00289 0.0 0.0
сертификацию 0.00289 0.0 0.0
сети 0.00289 0.0 0.0
сингапуре 0.00289 4.60517 0.01331
скептицизм 0.00289 4.60517 0.01331
скоро 0.00289 0.0 0.0
сложности 0.00289 0.0 0.0
случаи 0.00289 4.60517 0.01331
снова 0.00289 0.0 0.0
советский 0.00289 0.0 0.0
соглашаетесь 0.00289 0.0 0.0
сосредоточиться 0.00289 3.912023 0.011306
сохранение 0.00289 3.912023 0.011306
спасти 0.00289 0.0 0.0
спор 0.00289 0.0 0.0
ср 0.00289 0.0 0.0
среда 0.00289 0.0 0.0
ссылаясь 0.00289 4.60517 0.01331
ссылки 0.00289 0.0 0.0
стал 0.00289 0.0 0.0
стартуют 0.00289 0.0 0.0
статистика 0.00289 0.0 0.0
статьи 0.00289 0.0 0.0
степени 0.00289 3.506558 0.010135
стоимость 0.00289 0.0 0.0
странный 0.00289 3.506558 0.010135
страну 0.00289 3.912023 0.011306
страны 0.00289 3.912023 0.011306
считают 0.00289 3.218876 0.009303
сша 0.00289 0.0 0.0
тайконавты 0.00289 0.0 0.0
таможенники 0.00289 4.60517 0.01331
тв 0.00289 0.0 0.0
теги 0.00289 0.0 0.0
текст 0.00289 0.0 0.0
технический 0.00289 0.0 0.0
технологий 0.00289 1.771957 0.005121
топ 0.00289 0.0 0.0
трампа 0.00289 2.995732 0.008658
тыс 0.00289 0.0 0.0
тяжёлых 0.00289 4.60517 0.01331
убрали 0.00289 0.0 0.0
упасть 0.00289 0.0 0.0
усиливают 0.00289 3.912023 0.011306
устройства 0.00289 0.0 0.0
утверждает 0.00289 3.912023 0.011306
ученым 0.00289 0.0 0.0
файлы 0.00289 0.0 0.0
факты 0.00289 4.60517 0.01331
флагманского 0.00289 0.0 0.0
фото 0.00289 0.0 0.0
фундаментальные 0.00289 0.0 0.0
хитом 0.00289 0.0 0.0
хрупких 0.00289 4.60517 0.01331
ценности 0.00289 3.912023 0.011306
центры 0.00289 2.995732 0.008658
цены 0.00289 0.0 0.0
части 0.00289 0.0 0.0
человек 0.00289 0.0 0.0
человека 0.00289 0.0 0.0
чипов 0.00289 2.525729 0.0073
чт 0.00289 0.0 0.0
экспорт 0.00289 0.0 0.0
экспортных 0.00289 3.506558 0.010135
экспортом 0.00289 4.60517 0.01331
эмбрионы 0.00289 0.0 0.0
южной 0.00289 0.0 0.0
