авиалайнера 0.002165 0.0 0.0
австралии 0.002165 0.0 0.0
автоваз 0.002165 0.0 0.0
автоматом 0.002165 0.0 0.0
автопроизводителя 0.002165 0.0 0.0
автор 0.002165 0.0 0.0
авторы 0.002165 0.0 0.0
администрацией 0.002165 0.0 0.0
адрес 0.002165 0.0 0.0
амбициозную 0.002165 4.60517 0.009968
америке 0.002165 0.0 0.0
аналитики 0.002165 0.0 0.0
асимметричной 0.002165 3.506558 0.00759
белка 0.002165 0.0 0.0
биологические 0.002165 0.0 0.0
биологических 0.002165 0.0 0.0
ближнем 0.002165 0.0 0.0
блоги 0.002165 0.0 0.0
богатую 0.002165 3.506558 0.00759
будут 0.002165 0.0 0.0
быстро 0.002165 0.0 0.0
ведущий 0.002165 3.912023 0.008468
вербааршот 0.002165 4.60517 0.009968
версии 0.002165 1.714798 0.003712
весом 0.002165 0.0 0.0
взаимодействие 0.002165 3.506558 0.00759
вибрацию 0.002165 3.912023 0.008468
видео 0.002165 0.0 0.0
видеокарты 0.002165 0.0 0.0
виртуальной 0.002165 4.60517 0.009968
внедорожники 0.002165 0.0 0.0
войти 0.002165 0.0 0.0
воспринимались 0.002165 4.60517 0.009968
восстановить 0.002165 3.506558 0.00759
восстановление 0.002165 3.912023 0.008468
востоке 0.002165 0.0 0.0
времени 0.002165 1.89712 0.004106
вс 0.002165 0.0 0.0
всему 0.002165 0.0 0.0
вт 0.002165 0.0 0.0
входят 0.002165 0.0 0.0
выделите 0.002165 0.0 0.0
вызывали 0.002165 4.60517 0.009968
выходит 0.002165 0.0 0.0
выше 0.002165 1.609438 0.003484
галактику 0.002165 3.506558 0.00759
главную 0.002165 0.0 0.0
гладкости 0.002165 4.60517 0.009968
гладкую 0.002165 4.60517 0.009968
года 0.002165 0.0 0.0
гонт 0.002165 4.60517 0.009968
горячо 0.002165 4.60517 0.009968
далёкий 0.002165 4.60517 0.009968
данные 0.002165 0.0 0.0
данный 0.002165 0.0 0.0
данных 0.002165 0.0 0.0
двигатели 0.002165 0.0 0.0
двигатель 0.002165 0.0 0.0
двух 0.002165 0.0 0.0
делая 0.002165 3.218876 0.006967
десятилетних 0.002165 4.60517 0.009968
детализацию 0.002165 4.60517 0.009968
дизайн 0.002165 0.0 0.0
директор 0.002165 0.0 0.0
долларов 0.002165 0.0 0.0
дом 0.002165 0.0 0.0
доставили 0.002165 0.0 0.0
достигает 0.002165 0.0 0.0
достигли 0.002165 3.506558 0.00759
естественным 0.002165 3.506558 0.00759
завершат 0.002165 0.0 0.0
заданные 0.002165 4.60517 0.009968
запечатлел 0.002165 3.506558 0.00759
заранее 0.002165 4.60517 0.009968
затрудняло 0.002165 4.60517 0.009968
защиты 0.002165 0.0 0.0
земле 0.002165 0.0 0.0
земли 0.002165 0.0 0.0
зонд 0.002165 0.0 0.0
зонда 0.002165 0.0 0.0
игру 0.002165 2.995732 0.006484
игры 0.002165 0.0 0.0
изысканий 0.002165 4.60517 0.009968
иллюстрация 0.002165 2.120264 0.004589
индивидуально 0.002165 4.60517 0.009968
инженерия 0.002165 4.60517 0.009968
инновационный 0.002165 0.0 0.0
интеграция 0.002165 4.60517 0.009968
интерфейс 0.002165 2.525729 0.005467
интерфейса 0.002165 3.218876 0.006967
интуитивным 0.002165 4.60517 0.009968
информации 0.002165 0.0 0.0
искусственное 0.002165 4.60517 0.009968
использовании 0.002165 4.60517 0.009968
использования 0.002165 0.0 0.0
испытуемые 0.002165 4.60517 0.009968
исследований 0.002165 0.0 0.0
исследования 0.002165 2.120264 0.004589
исследователи 0.002165 2.302585 0.004984
источник 0.002165 0.0 0.0
каждого 0.002165 3.912023 0.008468
календарь 0.002165 0.0 0.0
категории 0.002165 0.0 0.0
кг 0.002165 0.0 0.0
километров 0.002165 0.0 0.0
китайские 0.002165 2.525729 0.005467
классическим 0.002165 0.0 0.0
клон 0.002165 0.0 0.0
ключ 0.002165 0.0 0.0
ключевым 0.002165 2.525729 0.005467
ключом 0.002165 4.60517 0.009968
комментирования 0.002165 0.0 0.0
компьютер 0.002165 2.207275 0.004778
комфортный 0.002165 0.0 0.0
контролировали 0.002165 4.60517 0.009968
конференция 0.002165 0.0 0.0
корее 0.002165 0.0 0.0
корпуса 0.002165 0.0 0.0
космический 0.002165 2.302585 0.004984
космос 0.002165 0.0 0.0
космоса 0.002165 0.0 0.0
котором 0.002165 3.218876 0.006967
которые 0.002165 1.309333 0.002834
который 0.002165 1.386294 0.003001
кошки 0.002165 4.60517 0.009968
кошку 0.002165 4.60517 0.009968
кроссовера 0.002165 0.0 0.0
кроссоверы 0.002165 0.0 0.0
кубических 0.002165 0.0 0.0
куки 0.002165 0.0 0.0
летать 0.002165 0.0 0.0
лету 0.002165 0.0 0.0
листа 0.002165 0.0 0.0
логичным 0.002165 3.912023 0.008468
людей 0.002165 2.302585 0.004984
мае 0.002165 0.0 0.0
май 0.002165 0.0 0.0
марка 0.002165 0.0 0.0
материалов 0.002165 0.0 0.0
машину 0.002165 0.0 0.0
мая 0.002165 0.0 0.0
мегагруппировки 0.002165 3.506558 0.00759
медицинской 0.002165 4.60517 0.009968
межпланетный 0.002165 0.0 0.0
меняет 0.002165 0.0 0.0
метод 0.002165 1.714798 0.003712
метрового 0.002165 0.0 0.0
миллионов 0.002165 0.0 0.0
мира 0.002165 3.506558 0.00759
миру 0.002165 0.0 0.0
мкс 0.002165 2.813411 0.00609
мобильные 0.002165 0.0 0.0
могут 0.002165 0.0 0.0
мозг 0.002165 2.813411 0.00609
мозга 0.002165 3.218876 0.006967
момент 0.002165 0.0 0.0
мониторы 0.002165 0.0 0.0
мотобрендов 0.002165 0.0 0.0
мотоциклов 0.002165 0.0 0.0
мс 0.002165 0.0 0.0
мультимедиа 0.002165 0.0 0.0
мусор 0.002165 2.813411 0.00609
мягкой 0.002165 4.60517 0.009968
мягкости 0.002165 4.60517 0.009968
нажмите 0.002165 0.0 0.0
назвал 0.002165 0.0 0.0
названием 0.002165 0.0 0.0
наполнено 0.002165 4.60517 0.009968
напоминал 0.002165 4.60517 0.009968
напоминающие 0.002165 4.60517 0.009968
настраивать 0.002165 3.912023 0.008468
настроенную 0.002165 3.912023 0.008468
настроить 0.002165 4.60517 0.009968
настройки 0.002165 3.506558 0.00759
нашей 0.002165 0.0 0.0
наши 0.002165 0.0 0.0
нашли 0.002165 0.0 0.0
невербального 0.002165 4.60517 0.009968
нейроинтерфейс 0.002165 4.60517 0.009968
нейропротез 0.002165 4.60517 0.009968
нейропротезами 0.002165 4.60517 0.009968
нейропротезы 0.002165 4.60517 0.009968
необычную 0.002165 3.506558 0.00759
нечёткие 0.002165 4.60517 0.009968
новости 0.002165 0.0 0.0
новые 0.002165 0.0 0.0
новый 0.002165 0.0 0.0
новым 0.002165 1.714798 0.003712
носители 0.002165 0.0 0.0
ноутбуки 0.002165 0.0 0.0
нужны 0.002165 0.0 0.0
обзоры 0.002165 0.0 0.0
обработки 0.002165 0.0 0.0
образцы 0.002165 0.0 0.0
образы 0.002165 4.60517 0.009968
обратной 0.002165 4.60517 0.009968
общения 0.002165 3.506558 0.00759
объект 0.002165 2.207275 0.004778
объектов 0.002165 2.813411 0.00609
объекты 0.002165 3.506558 0.00759
объявлена 0.002165 0.0 0.0
одинаково 0.002165 4.60517 0.009968
одноклассник 0.002165 0.0 0.0
оказались 0.002165 3.912023 0.008468
оно 0.002165 0.0 0.0
описал 0.002165 4.60517 0.009968
определить 0.002165 3.912023 0.008468
орбите 0.002165 0.0 0.0
ос 0.002165 0.0 0.0
осязание 0.002165 3.506558 0.00759
осязанием 0.002165 3.506558 0.00759
осязания 0.002165 4.60517 0.009968
отдадут 0.002165 0.0 0.0
отечественного 0.002165 0.0 0.0
отказа 0.002165 0.0 0.0
отказались 0.002165 0.0 0.0
отключили 0.002165 0.0 0.0
открывает 0.002165 2.813411 0.00609
отличием 0.002165 4.60517 0.009968
отметил 0.002165 1.469676 0.003181
очень 0.002165 0.0 0.0
ошибки 0.002165 3.912023 0.008468
ошибку 0.002165 0.0 0.0
ощутить 0.002165 4.60517 0.009968
ощущений 0.002165 4.60517 0.009968
ощущения 0.002165 4.60517 0.009968
парализованному 0.002165 4.60517 0.009968
парализованных 0.002165 3.506558 0.00759
параличом 0.002165 3.218876 0.006967
параметры 0.002165 4.60517 0.009968
пациенту 0.002165 4.60517 0.009968
пациенты 0.002165 4.60517 0.009968
передавать 0.002165 3.912023 0.008468
переднего 0.002165 0.0 0.0
период 0.002165 0.0 0.0
периферия 0.002165 0.0 0.0
персонально 0.002165 3.912023 0.008468
персональные 0.002165 0.0 0.0
персональных 0.002165 0.0 0.0
пиар 0.002165 0.0 0.0
питтсбурга 0.002165 4.60517 0.009968
питтсбургского 0.002165 4.60517 0.009968
пк 0.002165 0.0 0.0
планшеты 0.002165 0.0 0.0
платформа 0.002165 0.0 0.0
пн 0.002165 0.0 0.0
повреждением 0.002165 2.995732 0.006484
подвел 0.002165 0.0 0.0
поднял 0.002165 0.0 0.0
подробнее 0.002165 0.0 0.0
подход 0.002165 1.89712 0.004106
позволяющий 0.002165 4.60517 0.009968
поиск 0.002165 0.0 0.0
пока 0.002165 0.0 0.0
покалывание 0.002165 4.60517 0.009968
полезные 0.002165 0.0 0.0
политика 0.002165 0.0 0.0
политикой 0.002165 0.0 0.0
полноприводными 0.002165 0.0 0.0
полноценными 0.002165 4.60517 0.009968
полотенце 0.002165 4.60517 0.009968
полотенцем 0.002165 4.60517 0.009968
получали 0.002165 4.60517 0.009968
пользователи 0.002165 3.506558 0.00759
полётов 0.002165 0.0 0.0
помогли 0.002165 3.912023 0.008468
попробовать 0.002165 0.0 0.0
популярная 0.002165 0.0 0.0
популярных 0.002165 0.0 0.0
посещать 0.002165 0.0 0.0
пояснила 0.002165 2.813411 0.00609
правила 0.002165 0.0 0.0
прайс 0.002165 0.0 0.0
предложили 0.002165 3.506558 0.00759
предмета 0.002165 3.912023 0.008468
предсказуемыми 0.002165 4.60517 0.009968
представили 0.002165 2.813411 0.00609
представлен 0.002165 0.0 0.0
предыдущих 0.002165 3.912023 0.008468
прибавка 0.002165 0.0 0.0
приближает 0.002165 3.506558 0.00759
приблизились 0.002165 3.506558 0.00759
привода 0.002165 0.0 0.0
прикосновение 0.002165 4.60517 0.009968
принтеры 0.002165 0.0 0.0
причины 0.002165 0.0 0.0
приятен 0.002165 4.60517 0.009968
пробизнес 0.002165 0.0 0.0
проведения 0.002165 0.0 0.0
программы 0.002165 0.0 0.0
продавать 0.002165 0.0 0.0
продажи 0.002165 0.0 0.0
продолжая 0.002165 0.0 0.0
продолжением 0.002165 4.60517 0.009968
проекте 0.002165 3.912023 0.008468
проектируют 0.002165 4.60517 0.009968
проектов 0.002165 0.0 0.0
проекторы 0.002165 0.0 0.0
проекты 0.002165 0.0 0.0
пролить 0.002165 0.0 0.0
промежуточного 0.002165 4.60517 0.009968
прорыв 0.002165 1.714798 0.003712
пространстве 0.002165 3.912023 0.008468
протезам 0.002165 4.60517 0.009968
протезы 0.002165 4.60517 0.009968
процесс 0.002165 0.0 0.0
процессы 0.002165 0.0 0.0
пт 0.002165 0.0 0.0
путали 0.002165 4.60517 0.009968
путь 0.002165 2.120264 0.004589
пытались 0.002165 3.912023 0.008468
пять 0.002165 2.995732 0.006484
работа 0.002165 0.941609 0.002038
работы 0.002165 0.0 0.0
различение 0.002165 4.60517 0.009968
разработке 0.002165 2.65926 0.005756
ранее 0.002165 1.771957 0.003835
ранние 0.002165 4.60517 0.009968
реабилитационная 0.002165 4.60517 0.009968
реальном 0.002165 3.506558 0.00759
реальных 0.002165 0.0 0.0
реже 0.002165 2.813411 0.00609
результат 0.002165 0.0 0.0
результаты 0.002165 0.0 0.0
реклама 0.002165 0.0 0.0
решает 0.002165 0.0 0.0
роберт 0.002165 4.60517 0.009968
роботизированную 0.002165 4.60517 0.009968
роботизированные 0.002165 4.60517 0.009968
россии 0.002165 0.0 0.0
россияне 0.002165 0.0 0.0
рублей 0.002165 0.0 0.0
рук 0.002165 1.049822 0.002272
руку 0.002165 4.60517 0.009968
рынок 0.002165 0.0 0.0
сайте 0.002165 0.0 0.0
сайты 0.002165 0.0 0.0
самая 0.002165 0.0 0.0
сами 0.002165 2.65926 0.005756
самолётах 0.002165 0.0 0.0
самых 0.002165 0.0 0.0
сантиметров 0.002165 0.0 0.0
сб 0.002165 0.0 0.0
сбора 0.002165 0.0 0.0
сверхновыми 0.002165 3.506558 0.00759
свет 0.002165 0.0 0.0
своей 0.002165 0.0 0.0
связи 0.002165 0.0 0.0
связь 0.002165 0.0 0.0
сегодня 0.002165 0.0 0.0
сенсорного 0.002165 4.60517 0.009968
серверы 0.002165 0.0 0.0
сервисы 0.002165 0.0 0.0
сертификацию 0.002165 0.0 0.0
сесилия 0.002165 4.60517 0.009968
сети 0.002165 0.0 0.0
сигналы 0.002165 3.218876 0.006967
скоро 0.002165 0.0 0.0
следующим 0.002165 3.506558 0.00759
сложности 0.002165 0.0 0.0
сложные 0.002165 2.995732 0.006484
случаев 0.002165 3.506558 0.00759
случайного 0.002165 4.60517 0.009968
смену 0.002165 2.995732 0.006484
смогли 0.002165 4.60517 0.009968
смыслом 0.002165 4.60517 0.009968
снова 0.002165 0.0 0.0
совершенства 0.002165 4.60517 0.009968
советский 0.002165 0.0 0.0
соглашаетесь 0.002165 0.0 0.0
создание 0.002165 2.525729 0.005467
созданию 0.002165 2.525729 0.005467
создать 0.002165 2.813411 0.00609
спасти 0.002165 0.0 0.0
спинного 0.002165 3.218876 0.006967
спиралью 0.002165 3.506558 0.00759
способного 0.002165 4.60517 0.009968
способными 0.002165 3.912023 0.008468
ср 0.002165 0.0 0.0
среда 0.002165 0.0 0.0
средой 0.002165 4.60517 0.009968
ссылки 0.002165 0.0 0.0
ставили 0.002165 0.0 0.0
стал 0.002165 0.0 0.0
стала 0.002165 2.995732 0.006484
станет 0.002165 1.714798 0.003712
становится 0.002165 3.506558 0.00759
станциям 0.002165 3.506558 0.00759
стартуют 0.002165 0.0 0.0
старший 0.002165 4.60517 0.009968
статистика 0.002165 0.0 0.0
статьи 0.002165 0.0 0.0
стимуляции 0.002165 4.60517 0.009968
стимуляцию 0.002165 3.912023 0.008468
стоимость 0.002165 0.0 0.0
ступени 0.002165 2.813411 0.00609
схожей 0.002165 4.60517 0.009968
сша 0.002165 0.0 0.0
тайконавты 0.002165 0.0 0.0
тактильной 0.002165 4.60517 0.009968
тактильные 0.002165 4.60517 0.009968
тактильных 0.002165 4.60517 0.009968
тв 0.002165 0.0 0.0
твёрдым 0.002165 4.60517 0.009968
теги 0.002165 0.0 0.0
текст 0.002165 0.0 0.0
текстуру 0.002165 4.60517 0.009968
тела 0.002165 3.506558 0.00759
техасского 0.002165 3.218876 0.006967
технический 0.002165 0.0 0.0
технологии 0.002165 1.514128 0.003277
топ 0.002165 0.0 0.0
тост 0.002165 2.525729 0.005467
трём 0.002165 4.60517 0.009968
тыс 0.002165 0.0 0.0
тёплую 0.002165 4.60517 0.009968
убрали 0.002165 0.0 0.0
угрожает 0.002165 3.506558 0.00759
удалось 0.002165 3.506558 0.00759
университета 0.002165 2.120264 0.004589
уникальные 0.002165 4.60517 0.009968
упасть 0.002165 0.0 0.0
успеха 0.002165 3.506558 0.00759
устройства 0.002165 0.0 0.0
утраченное 0.002165 4.60517 0.009968
участвовавшая 0.002165 4.60517 0.009968
участник 0.002165 3.912023 0.008468
участникам 0.002165 4.60517 0.009968
участники 0.002165 3.912023 0.008468
ученым 0.002165 0.0 0.0
учёные 0.002165 1.966113 0.004256
файлы 0.002165 0.0 0.0
флагманского 0.002165 0.0 0.0
фото 0.002165 0.0 0.0
фундаментальные 0.002165 0.0 0.0
функционален 0.002165 4.60517 0.009968
хаббл 0.002165 3.506558 0.00759
хитом 0.002165 0.0 0.0
холодно 0.002165 4.60517 0.009968
цель 0.002165 2.65926 0.005756
цены 0.002165 0.0 0.0
цифровых 0.002165 4.60517 0.009968
части 0.002165 0.0 0.0
частичное 0.002165 4.60517 0.009968
часть 0.002165 2.407946 0.005212
частью 0.002165 3.218876 0.006967
человека 0.002165 0.0 0.0
чт 0.002165 0.0 0.0
чувство 0.002165 4.60517 0.009968
чувствоваться 0.002165 4.60517 0.009968
шагом 0.002165 3.218876 0.006967
шелковистую 0.002165 4.60517 0.009968
шерсти 0.002165 4.60517 0.009968
шерсть 0.002165 4.60517 0.009968
школы 0.002165 4.60517 0.009968
эксперименте 0.002165 3.912023 0.008468
экспорт 0.002165 0.0 0.0
электрическую 0.002165 3.912023 0.008468
эмбрионы 0.002165 0.0 0.0
южной 0.002165 0.0 0.0
яблока 0.002165 4.60517 0.009968
яблоко 0.002165 4.60517 0.009968
