авиалайнера 0.003448 0.0 0.0
австралии 0.003448 0.0 0.0
авто 0.003448 0.0 0.0
автоваз 0.003448 0.0 0.0
автоматическим 0.003448 4.60517 0.01588
автоматом 0.003448 0.0 0.0
автопроизводителя 0.003448 0.0 0.0
автор 0.003448 0.0 0.0
авторы 0.003448 0.0 0.0
администрацией 0.003448 0.0 0.0
адрес 0.003448 0.0 0.0
америке 0.003448 0.0 0.0
аналитики 0.003448 0.0 0.0
безопасности 0.003448 1.966113 0.00678
белка 0.003448 0.0 0.0
биологические 0.003448 0.0 0.0
биологических 0.003448 0.0 0.0
ближнем 0.003448 0.0 0.0
блоги 0.003448 0.0 0.0
будут 0.003448 0.0 0.0
быстро 0.003448 0.0 0.0
версии 0.003448 1.714798 0.005913
версиях 0.003448 4.60517 0.01588
весом 0.003448 0.0 0.0
видео 0.003448 0.0 0.0
видеокарты 0.003448 0.0 0.0
внедорожники 0.003448 0.0 0.0
войти 0.003448 0.0 0.0
востоке 0.003448 0.0 0.0
вс 0.003448 0.0 0.0
всему 0.003448 0.0 0.0
вт 0.003448 0.0 0.0
входят 0.003448 0.0 0.0
выглядят 0.003448 4.60517 0.01588
выделите 0.003448 0.0 0.0
выходит 0.003448 0.0 0.0
главную 0.003448 0.0 0.0
года 0.003448 0.0 0.0
данные 0.003448 0.0 0.0
данный 0.003448 0.0 0.0
данных 0.003448 0.0 0.0
две 0.003448 0.0 0.0
двигатели 0.003448 0.0 0.0
двигатель 0.003448 0.0 0.0
двух 0.003448 0.0 0.0
дизайн 0.003448 0.0 0.0
дилерами 0.003448 4.60517 0.01588
директор 0.003448 0.0 0.0
долларов 0.003448 0.0 0.0
дом 0.003448 0.0 0.0
доставили 0.003448 0.0 0.0
достигает 0.003448 0.0 0.0
завершат 0.003448 0.0 0.0
завершилось 0.003448 4.60517 0.01588
запустил 0.003448 2.040221 0.007035
защиты 0.003448 0.0 0.0
земле 0.003448 0.0 0.0
земли 0.003448 0.0 0.0
зонд 0.003448 0.0 0.0
зонда 0.003448 0.0 0.0
игры 0.003448 0.0 0.0
инновационный 0.003448 0.0 0.0
информации 0.003448 0.0 0.0
исключили 0.003448 3.912023 0.01349
исполнения 0.003448 3.912023 0.01349
исполнениях 0.003448 3.912023 0.01349
использования 0.003448 0.0 0.0
исследований 0.003448 0.0 0.0
источник 0.003448 0.0 0.0
календарь 0.003448 0.0 0.0
категории 0.003448 0.0 0.0
кг 0.003448 0.0 0.0
километров 0.003448 0.0 0.0
клапанный 0.003448 4.60517 0.01588
классическим 0.003448 0.0 0.0
климатическая 0.003448 4.60517 0.01588
клон 0.003448 0.0 0.0
комментирования 0.003448 0.0 0.0
комплекс 0.003448 2.65926 0.00917
комплектации 0.003448 2.65926 0.00917
комплектациях 0.003448 3.912023 0.01349
комфортный 0.003448 0.0 0.0
контроль 0.003448 2.813411 0.009701
конференция 0.003448 0.0 0.0
корее 0.003448 0.0 0.0
корпуса 0.003448 0.0 0.0
космос 0.003448 0.0 0.0
космоса 0.003448 0.0 0.0
кросс 0.003448 0.0 0.0
кроссовера 0.003448 0.0 0.0
кроссоверы 0.003448 0.0 0.0
круиз 0.003448 3.912023 0.01349
кубических 0.003448 0.0 0.0
куки 0.003448 0.0 0.0
летать 0.003448 0.0 0.0
лету 0.003448 0.0 0.0
лист 0.003448 0.0 0.0
листа 0.003448 0.0 0.0
лифтбэк 0.003448 4.60517 0.01588
мае 0.003448 0.0 0.0
май 0.003448 0.0 0.0
максимальная 0.003448 3.506558 0.012092
марка 0.003448 0.0 0.0
материалов 0.003448 0.0 0.0
машин 0.003448 0.0 0.0
машину 0.003448 0.0 0.0
машины 0.003448 1.771957 0.00611
мая 0.003448 0.0 0.0
медиасистема 0.003448 3.506558 0.012092
медиасистемы 0.003448 4.60517 0.01588
межпланетный 0.003448 0.0 0.0
меняет 0.003448 0.0 0.0
метрового 0.003448 0.0 0.0
миллионов 0.003448 0.0 0.0
миру 0.003448 0.0 0.0
млн 0.003448 1.108663 0.003823
мобильные 0.003448 0.0 0.0
могут 0.003448 0.0 0.0
момент 0.003448 0.0 0.0
мониторы 0.003448 0.0 0.0
мотобрендов 0.003448 0.0 0.0
мотор 0.003448 2.207275 0.007611
мотоциклов 0.003448 0.0 0.0
мс 0.003448 0.0 0.0
мультимедиа 0.003448 0.0 0.0
нажмите 0.003448 0.0 0.0
назад 0.003448 2.65926 0.00917
назвал 0.003448 0.0 0.0
названием 0.003448 0.0 0.0
нашей 0.003448 0.0 0.0
наши 0.003448 0.0 0.0
нашли 0.003448 0.0 0.0
неделе 0.003448 2.995732 0.01033
новости 0.003448 0.0 0.0
новые 0.003448 0.0 0.0
новый 0.003448 0.0 0.0
новых 0.003448 1.771957 0.00611
носители 0.003448 0.0 0.0
ноутбуки 0.003448 0.0 0.0
нужны 0.003448 0.0 0.0
обзоры 0.003448 0.0 0.0
обновленный 0.003448 4.60517 0.01588
обработки 0.003448 0.0 0.0
образцы 0.003448 0.0 0.0
объявлена 0.003448 0.0 0.0
ограничителем 0.003448 4.60517 0.01588
одноклассник 0.003448 0.0 0.0
опубликован 0.003448 2.525729 0.008709
орбите 0.003448 0.0 0.0
ос 0.003448 0.0 0.0
оснащении 0.003448 4.60517 0.01588
отдадут 0.003448 0.0 0.0
отечественного 0.003448 0.0 0.0
отказа 0.003448 0.0 0.0
отказались 0.003448 0.0 0.0
отключили 0.003448 0.0 0.0
официальном 0.003448 3.506558 0.012092
охранный 0.003448 4.60517 0.01588
очень 0.003448 0.0 0.0
ошибку 0.003448 0.0 0.0
переднего 0.003448 0.0 0.0
период 0.003448 0.0 0.0
периферия 0.003448 0.0 0.0
персональные 0.003448 0.0 0.0
персональных 0.003448 0.0 0.0
пиар 0.003448 0.0 0.0
пк 0.003448 0.0 0.0
планшеты 0.003448 0.0 0.0
платформа 0.003448 0.0 0.0
пн 0.003448 0.0 0.0
повысилась 0.003448 4.60517 0.01588
подвел 0.003448 0.0 0.0
поднял 0.003448 0.0 0.0
подробнее 0.003448 0.0 0.0
подушки 0.003448 4.60517 0.01588
поиск 0.003448 0.0 0.0
пока 0.003448 0.0 0.0
полгода 0.003448 3.218876 0.0111
полезные 0.003448 0.0 0.0
политика 0.003448 0.0 0.0
политикой 0.003448 0.0 0.0
полноприводными 0.003448 0.0 0.0
полётов 0.003448 0.0 0.0
попробовать 0.003448 0.0 0.0
популярная 0.003448 0.0 0.0
популярных 0.003448 0.0 0.0
посещать 0.003448 0.0 0.0
появились 0.003448 2.813411 0.009701
правила 0.003448 0.0 0.0
прайс 0.003448 0.0 0.0
превысила 0.003448 2.813411 0.009701
представлен 0.003448 0.0 0.0
прибавка 0.003448 0.0 0.0
привода 0.003448 0.0 0.0
принтеры 0.003448 0.0 0.0
причины 0.003448 0.0 0.0
пробизнес 0.003448 0.0 0.0
проведения 0.003448 0.0 0.0
программы 0.003448 0.0 0.0
продавать 0.003448 0.0 0.0
продажи 0.003448 0.0 0.0
продолжая 0.003448 0.0 0.0
проектов 0.003448 0.0 0.0
проекторы 0.003448 0.0 0.0
проекты 0.003448 0.0 0.0
производство 0.003448 2.302585 0.00794
пролить 0.003448 0.0 0.0
противотуманные 0.003448 4.60517 0.01588
процессы 0.003448 0.0 0.0
пт 0.003448 0.0 0.0
работы 0.003448 0.0 0.0
распроданы 0.003448 4.60517 0.01588
реальных 0.003448 0.0 0.0
режимом 0.003448 4.60517 0.01588
результаты 0.003448 0.0 0.0
реклама 0.003448 0.0 0.0
решает 0.003448 0.0 0.0
россии 0.003448 0.0 0.0
россия 0.003448 0.0 0.0
россияне 0.003448 0.0 0.0
рублей 0.003448 0.0 0.0
рынок 0.003448 0.0 0.0
сайте 0.003448 0.0 0.0
сайты 0.003448 0.0 0.0
самая 0.003448 0.0 0.0
самолётах 0.003448 0.0 0.0
самых 0.003448 0.0 0.0
сантиметров 0.003448 0.0 0.0
сб 0.003448 0.0 0.0
сбора 0.003448 0.0 0.0
свет 0.003448 0.0 0.0
своей 0.003448 0.0 0.0
связи 0.003448 0.0 0.0
связь 0.003448 0.0 0.0
сегодня 0.003448 0.0 0.0
седан 0.003448 2.65926 0.00917
серверы 0.003448 0.0 0.0
сервисы 0.003448 0.0 0.0
сертификацию 0.003448 0.0 0.0
сети 0.003448 0.0 0.0
сигнализацией 0.003448 4.60517 0.01588
скоро 0.003448 0.0 0.0
скорости 0.003448 2.813411 0.009701
сложности 0.003448 0.0 0.0
снова 0.003448 0.0 0.0
советский 0.003448 0.0 0.0
соглашаетесь 0.003448 0.0 0.0
спасти 0.003448 0.0 0.0
ср 0.003448 0.0 0.0
среда 0.003448 0.0 0.0
ссылки 0.003448 0.0 0.0
стал 0.003448 0.0 0.0
старой 0.003448 4.60517 0.01588
стартуют 0.003448 0.0 0.0
статистика 0.003448 0.0 0.0
статьи 0.003448 0.0 0.0
стоимость 0.003448 0.0 0.0
ступенчатым 0.003448 2.995732 0.01033
судя 0.003448 3.506558 0.012092
сша 0.003448 0.0 0.0
тайконавты 0.003448 0.0 0.0
таких 0.003448 2.207275 0.007611
тв 0.003448 0.0 0.0
теги 0.003448 0.0 0.0
текст 0.003448 0.0 0.0
технический 0.003448 0.0 0.0
топ 0.003448 0.0 0.0
топовых 0.003448 3.912023 0.01349
тыс 0.003448 0.0 0.0
убрали 0.003448 0.0 0.0
универсал 0.003448 2.207275 0.007611
упасть 0.003448 0.0 0.0
установка 0.003448 3.218876 0.0111
устройства 0.003448 0.0 0.0
ученым 0.003448 0.0 0.0
файлы 0.003448 0.0 0.0
фары 0.003448 4.60517 0.01588
флагманского 0.003448 0.0 0.0
фото 0.003448 0.0 0.0
фундаментальные 0.003448 0.0 0.0
хитом 0.003448 0.0 0.0
ценами 0.003448 4.60517 0.01588
цене 0.003448 2.120264 0.007311
цены 0.003448 0.0 0.0
части 0.003448 0.0 0.0
человека 0.003448 0.0 0.0
чт 0.003448 0.0 0.0
экспорт 0.003448 0.0 0.0
эмбрионы 0.003448 0.0 0.0
южной 0.003448 0.0 0.0
