авиалайнера 0.003226 0.0 0.0
австралии 0.003226 0.0 0.0
авто 0.003226 0.0 0.0
автоваз 0.003226 0.0 0.0
автоматом 0.003226 0.0 0.0
автомобили 0.003226 1.966113 0.006342
автопроизводителя 0.003226 0.0 0.0
автор 0.003226 0.0 0.0
авторы 0.003226 0.0 0.0
администрацией 0.003226 0.0 0.0
адрес 0.003226 0.0 0.0
америке 0.003226 0.0 0.0
аналитики 0.003226 0.0 0.0
батареей 0.003226 4.60517 0.014855
белка 0.003226 0.0 0.0
биологические 0.003226 0.0 0.0
биологических 0.003226 0.0 0.0
ближнем 0.003226 0.0 0.0
блоги 0.003226 0.0 0.0
блокировкой 0.003226 4.60517 0.014855
боится 0.003226 3.506558 0.011311
британская 0.003226 4.60517 0.014855
будут 0.003226 0.0 0.0
быстрее 0.003226 2.407946 0.007768
быстро 0.003226 0.0 0.0
вдвое 0.003226 2.995732 0.009664
версии 0.003226 1.714798 0.005532
весом 0.003226 0.0 0.0
видео 0.003226 0.0 0.0
видеокарты 0.003226 0.0 0.0
внедорожники 0.003226 0.0 0.0
внедорожников 0.003226 4.60517 0.014855
внедорожные 0.003226 3.912023 0.012619
внутреннего 0.003226 3.912023 0.012619
войти 0.003226 0.0 0.0
востоке 0.003226 0.0 0.0
вс 0.003226 0.0 0.0
всему 0.003226 0.0 0.0
вт 0.003226 0.0 0.0
входят 0.003226 0.0 0.0
выделите 0.003226 0.0 0.0
выходит 0.003226 0.0 0.0
главную 0.003226 0.0 0.0
года 0.003226 0.0 0.0
грязевыми 0.003226 4.60517 0.014855
данные 0.003226 0.0 0.0
данный 0.003226 0.0 0.0
данных 0.003226 0.0 0.0
двигатели 0.003226 0.0 0.0
двигатель 0.003226 0.0 0.0
двигателями 0.003226 2.65926 0.008578
движения 0.003226 2.65926 0.008578
двух 0.003226 0.0 0.0
дизайн 0.003226 0.0 0.0
директор 0.003226 0.0 0.0
дифференциала 0.003226 4.60517 0.014855
долларов 0.003226 0.0 0.0
дом 0.003226 0.0 0.0
доставили 0.003226 0.0 0.0
достигает 0.003226 0.0 0.0
завершат 0.003226 0.0 0.0
занимает 0.003226 3.912023 0.012619
запас 0.003226 2.120264 0.00684
запрещать 0.003226 3.506558 0.011311
защиты 0.003226 0.0 0.0
земле 0.003226 0.0 0.0
земли 0.003226 0.0 0.0
зонд 0.003226 0.0 0.0
зонда 0.003226 0.0 0.0
игры 0.003226 0.0 0.0
инновационный 0.003226 0.0 0.0
информации 0.003226 0.0 0.0
использования 0.003226 0.0 0.0
исследований 0.003226 0.0 0.0
историю 0.003226 3.218876 0.010383
источник 0.003226 0.0 0.0
календарь 0.003226 0.0 0.0
категории 0.003226 0.0 0.0
качества 0.003226 2.995732 0.009664
квт 0.003226 2.813411 0.009076
кг 0.003226 0.0 0.0
километров 0.003226 0.0 0.0
китай 0.003226 1.171183 0.003778
классические 0.003226 4.60517 0.014855
классическим 0.003226 0.0 0.0
классических 0.003226 3.218876 0.010383
клон 0.003226 0.0 0.0
км 0.003226 1.309333 0.004224
колеса 0.003226 4.60517 0.014855
комментирования 0.003226 0.0 0.0
компании 0.003226 1.347074 0.004345
компания 0.003226 0.820981 0.002648
компьютеры 0.003226 2.65926 0.008578
комфорта 0.003226 4.60517 0.014855
комфортный 0.003226 0.0 0.0
конференция 0.003226 0.0 0.0
корее 0.003226 0.0 0.0
коробкой 0.003226 2.813411 0.009076
корпуса 0.003226 0.0 0.0
космос 0.003226 0.0 0.0
космоса 0.003226 0.0 0.0
кроссовера 0.003226 0.0 0.0
кроссоверы 0.003226 0.0 0.0
кубических 0.003226 0.0 0.0
куки 0.003226 0.0 0.0
легендарных 0.003226 4.60517 0.014855
летать 0.003226 0.0 0.0
лету 0.003226 0.0 0.0
листа 0.003226 0.0 0.0
мае 0.003226 0.0 0.0
май 0.003226 0.0 0.0
марка 0.003226 0.0 0.0
материалов 0.003226 0.0 0.0
машину 0.003226 0.0 0.0
мая 0.003226 0.0 0.0
межпланетный 0.003226 0.0 0.0
меняет 0.003226 0.0 0.0
метрового 0.003226 0.0 0.0
миллионов 0.003226 0.0 0.0
миру 0.003226 0.0 0.0
мобильные 0.003226 0.0 0.0
могут 0.003226 0.0 0.0
моделей 0.003226 2.120264 0.00684
модели 0.003226 1.139434 0.003676
момент 0.003226 0.0 0.0
мониторы 0.003226 0.0 0.0
мотобрендов 0.003226 0.0 0.0
мотоциклов 0.003226 0.0 0.0
мощностью 0.003226 1.832581 0.005912
мс 0.003226 0.0 0.0
мультимедиа 0.003226 0.0 0.0
нажмите 0.003226 0.0 0.0
назвал 0.003226 0.0 0.0
названием 0.003226 0.0 0.0
настраиваемой 0.003226 4.60517 0.014855
начинается 0.003226 4.60517 0.014855
нашей 0.003226 0.0 0.0
наши 0.003226 0.0 0.0
нашли 0.003226 0.0 0.0
новости 0.003226 0.0 0.0
новые 0.003226 0.0 0.0
новый 0.003226 0.0 0.0
носители 0.003226 0.0 0.0
ноутбуки 0.003226 0.0 0.0
нужны 0.003226 0.0 0.0
обеспечивает 0.003226 2.407946 0.007768
обзоры 0.003226 0.0 0.0
обработки 0.003226 0.0 0.0
образцы 0.003226 0.0 0.0
объявлена 0.003226 0.0 0.0
одноклассник 0.003226 0.0 0.0
орбите 0.003226 0.0 0.0
оригинальной 0.003226 3.912023 0.012619
оригинальных 0.003226 4.60517 0.014855
ос 0.003226 0.0 0.0
оснастили 0.003226 4.60517 0.014855
отдадут 0.003226 0.0 0.0
отечественного 0.003226 0.0 0.0
отказа 0.003226 0.0 0.0
отказались 0.003226 0.0 0.0
отключили 0.003226 0.0 0.0
очень 0.003226 0.0 0.0
ошибку 0.003226 0.0 0.0
переводят 0.003226 3.506558 0.011311
передавая 0.003226 3.912023 0.012619
передач 0.003226 2.120264 0.00684
переднего 0.003226 0.0 0.0
период 0.003226 0.0 0.0
периферия 0.003226 0.0 0.0
персональные 0.003226 0.0 0.0
персональных 0.003226 0.0 0.0
пиар 0.003226 0.0 0.0
пк 0.003226 0.0 0.0
планшеты 0.003226 0.0 0.0
платформа 0.003226 0.0 0.0
пн 0.003226 0.0 0.0
повышения 0.003226 3.912023 0.012619
подвел 0.003226 0.0 0.0
поднял 0.003226 0.0 0.0
подробнее 0.003226 0.0 0.0
поиск 0.003226 0.0 0.0
пока 0.003226 0.0 0.0
полезные 0.003226 0.0 0.0
политика 0.003226 0.0 0.0
политикой 0.003226 0.0 0.0
полноприводными 0.003226 0.0 0.0
получили 0.003226 3.218876 0.010383
полётов 0.003226 0.0 0.0
пониженным 0.003226 4.60517 0.014855
попробовать 0.003226 0.0 0.0
популярная 0.003226 0.0 0.0
популярных 0.003226 0.0 0.0
посещать 0.003226 0.0 0.0
поставки 0.003226 2.525729 0.008148
правила 0.003226 0.0 0.0
прайс 0.003226 0.0 0.0
предлагает 0.003226 2.120264 0.00684
представила 0.003226 1.832581 0.005912
представлен 0.003226 0.0 0.0
представлены 0.003226 3.506558 0.011311
прибавка 0.003226 0.0 0.0
привода 0.003226 0.0 0.0
принтеры 0.003226 0.0 0.0
причины 0.003226 0.0 0.0
пробизнес 0.003226 0.0 0.0
проведения 0.003226 0.0 0.0
программы 0.003226 0.0 0.0
продавать 0.003226 0.0 0.0
продажи 0.003226 0.0 0.0
продолжая 0.003226 0.0 0.0
проектов 0.003226 0.0 0.0
проекторы 0.003226 0.0 0.0
проекты 0.003226 0.0 0.0
пролить 0.003226 0.0 0.0
просит 0.003226 2.65926 0.008578
процессоры 0.003226 2.525729 0.008148
процессы 0.003226 0.0 0.0
пт 0.003226 0.0 0.0
работает 0.003226 2.525729 0.008148
работы 0.003226 0.0 0.0
раза 0.003226 3.912023 0.012619
разгон 0.003226 2.525729 0.008148
раздаточной 0.003226 4.60517 0.014855
реальных 0.003226 0.0 0.0
режима 0.003226 3.506558 0.011311
результаты 0.003226 0.0 0.0
реклама 0.003226 0.0 0.0
рекуперацией 0.003226 4.60517 0.014855
решает 0.003226 0.0 0.0
россии 0.003226 0.0 0.0
россияне 0.003226 0.0 0.0
рублей 0.003226 0.0 0.0
руля 0.003226 3.912023 0.012619
рынок 0.003226 0.0 0.0
рядом 0.003226 3.912023 0.012619
сайте 0.003226 0.0 0.0
сайты 0.003226 0.0 0.0
самая 0.003226 0.0 0.0
самолётах 0.003226 0.0 0.0
самых 0.003226 0.0 0.0
сантиметров 0.003226 0.0 0.0
сб 0.003226 0.0 0.0
сбора 0.003226 0.0 0.0
свет 0.003226 0.0 0.0
своей 0.003226 0.0 0.0
связи 0.003226 0.0 0.0
связь 0.003226 0.0 0.0
сгорания 0.003226 3.912023 0.012619
сегодня 0.003226 0.0 0.0
секунд 0.003226 1.832581 0.005912
серверы 0.003226 0.0 0.0
сервисы 0.003226 0.0 0.0
сертификацию 0.003226 0.0 0.0
сети 0.003226 0.0 0.0
скоро 0.003226 0.0 0.0
сложности 0.003226 0.0 0.0
смартфонами 0.003226 3.506558 0.011311
снова 0.003226 0.0 0.0
советский 0.003226 0.0 0.0
современные 0.003226 2.302585 0.007428
соглашаетесь 0.003226 0.0 0.0
спасти 0.003226 0.0 0.0
спрос 0.003226 2.525729 0.008148
ср 0.003226 0.0 0.0
среда 0.003226 0.0 0.0
ссылки 0.003226 0.0 0.0
стал 0.003226 0.0 0.0
стартуют 0.003226 0.0 0.0
статистика 0.003226 0.0 0.0
статьи 0.003226 0.0 0.0
стерлингов 0.003226 3.912023 0.012619
стоимость 0.003226 0.0 0.0
сша 0.003226 0.0 0.0
тайконавты 0.003226 0.0 0.0
тв 0.003226 0.0 0.0
теги 0.003226 0.0 0.0
текст 0.003226 0.0 0.0
технический 0.003226 0.0 0.0
топ 0.003226 0.0 0.0
тормозов 0.003226 4.60517 0.014855
тыс 0.003226 0.0 0.0
тягу 0.003226 4.60517 0.014855
убрали 0.003226 0.0 0.0
увеличит 0.003226 2.65926 0.008578
упасть 0.003226 0.0 0.0
усилены 0.003226 4.60517 0.014855
усилитель 0.003226 4.60517 0.014855
устройства 0.003226 0.0 0.0
уходит 0.003226 3.506558 0.011311
ученым 0.003226 0.0 0.0
файлы 0.003226 0.0 0.0
флагманского 0.003226 0.0 0.0
фото 0.003226 0.0 0.0
фундаментальные 0.003226 0.0 0.0
фунтов 0.003226 3.912023 0.012619
хитом 0.003226 0.0 0.0
хода 0.003226 1.609438 0.005192
цены 0.003226 0.0 0.0
части 0.003226 0.0 0.0
человека 0.003226 0.0 0.0
чипов 0.003226 2.525729 0.008148
чт 0.003226 0.0 0.0
шинами 0.003226 4.60517 0.014855
экспорт 0.003226 0.0 0.0
электромотором 0.003226 4.60517 0.014855
электропривод 0.003226 3.912023 0.012619
электроусилитель 0.003226 4.60517 0.014855
эмбрионы 0.003226 0.0 0.0
энергии 0.003226 2.207275 0.00712
южной 0.003226 0.0 0.0
