авиалайнера 0.002857 0.0 0.0
австралии 0.002857 0.0 0.0
авто 0.002857 0.0 0.0
автоваз 0.002857 0.0 0.0
автоматом 0.002857 0.0 0.0
автомобили 0.002857 1.966113 0.005617
автопроизводителя 0.002857 0.0 0.0
автор 0.002857 0.0 0.0
авторы 0.002857 0.0 0.0
администрацией 0.002857 0.0 0.0
адрес 0.002857 0.0 0.0
акцентами 0.002857 4.60517 0.013158
алюминиевые 0.002857 3.912023 0.011177
америке 0.002857 0.0 0.0
аналитики 0.002857 0.0 0.0
базовая 0.002857 3.506558 0.010019
батарею 0.002857 4.60517 0.013158
белка 0.002857 0.0 0.0
белый 0.002857 3.912023 0.011177
белыми 0.002857 4.60517 0.013158
беспроводное 0.002857 4.60517 0.013158
биологические 0.002857 0.0 0.0
биологических 0.002857 0.0 0.0
ближе 0.002857 2.813411 0.008038
ближнем 0.002857 0.0 0.0
блоги 0.002857 0.0 0.0
будут 0.002857 0.0 0.0
быстро 0.002857 0.0 0.0
бьют 0.002857 2.302585 0.006579
версии 0.002857 1.714798 0.004899
весом 0.002857 0.0 0.0
видео 0.002857 0.0 0.0
видеокарты 0.002857 0.0 0.0
включает 0.002857 2.525729 0.007216
внедорожники 0.002857 0.0 0.0
войти 0.002857 0.0 0.0
востоке 0.002857 0.0 0.0
вс 0.002857 0.0 0.0
всему 0.002857 0.0 0.0
вт 0.002857 0.0 0.0
входят 0.002857 0.0 0.0
вчера 0.002857 4.60517 0.013158
выбор 0.002857 2.995732 0.008559
выдавая 0.002857 3.912023 0.011177
выделите 0.002857 0.0 0.0
выделяется 0.002857 3.912023 0.011177
выходит 0.002857 0.0 0.0
гибридная 0.002857 3.218876 0.009197
гибридную 0.002857 3.506558 0.010019
главную 0.002857 0.0 0.0
глянцевые 0.002857 4.60517 0.013158
года 0.002857 0.0 0.0
данные 0.002857 0.0 0.0
данный 0.002857 0.0 0.0
данных 0.002857 0.0 0.0
дверные 0.002857 4.60517 0.013158
двигатели 0.002857 0.0 0.0
двигатель 0.002857 0.0 0.0
двух 0.002857 0.0 0.0
детали 0.002857 3.506558 0.010019
дизайн 0.002857 0.0 0.0
дилерам 0.002857 3.912023 0.011177
директор 0.002857 0.0 0.0
диски 0.002857 3.218876 0.009197
диффузор 0.002857 4.60517 0.013158
долларов 0.002857 0.0 0.0
дом 0.002857 0.0 0.0
доставили 0.002857 0.0 0.0
достигает 0.002857 0.0 0.0
доступны 0.002857 2.407946 0.00688
дюймовую 0.002857 4.60517 0.013158
дюймовые 0.002857 3.506558 0.010019
завершат 0.002857 0.0 0.0
зарядное 0.002857 4.60517 0.013158
защиты 0.002857 0.0 0.0
земле 0.002857 0.0 0.0
земли 0.002857 0.0 0.0
зеркала 0.002857 3.912023 0.011177
зонд 0.002857 0.0 0.0
зонда 0.002857 0.0 0.0
игры 0.002857 0.0 0.0
имеет 0.002857 2.65926 0.007598
инновационный 0.002857 0.0 0.0
информации 0.002857 0.0 0.0
информационно 0.002857 3.912023 0.011177
ионную 0.002857 3.912023 0.011177
использования 0.002857 0.0 0.0
исследований 0.002857 0.0 0.0
источник 0.002857 0.0 0.0
календарь 0.002857 0.0 0.0
категории 0.002857 0.0 0.0
кг 0.002857 0.0 0.0
километров 0.002857 0.0 0.0
классическим 0.002857 0.0 0.0
клон 0.002857 0.0 0.0
км 0.002857 1.309333 0.003741
колесо 0.002857 3.912023 0.011177
комментирования 0.002857 0.0 0.0
комфортный 0.002857 0.0 0.0
контрастными 0.002857 4.60517 0.013158
конференция 0.002857 0.0 0.0
корее 0.002857 0.0 0.0
корпуса 0.002857 0.0 0.0
космос 0.002857 0.0 0.0
космоса 0.002857 0.0 0.0
которая 0.002857 1.560648 0.004459
красный 0.002857 4.60517 0.013158
кроссовера 0.002857 0.0 0.0
кроссоверы 0.002857 0.0 0.0
кубических 0.002857 0.0 0.0
кузова 0.002857 3.912023 0.011177
куки 0.002857 0.0 0.0
летать 0.002857 0.0 0.0
летом 0.002857 3.506558 0.010019
лету 0.002857 0.0 0.0
листа 0.002857 0.0 0.0
литий 0.002857 3.912023 0.011177
литровый 0.002857 3.506558 0.010019
мае 0.002857 0.0 0.0
май 0.002857 0.0 0.0
марка 0.002857 0.0 0.0
материалов 0.002857 0.0 0.0
машина 0.002857 2.813411 0.008038
машину 0.002857 0.0 0.0
машины 0.002857 1.771957 0.005063
мая 0.002857 0.0 0.0
межпланетный 0.002857 0.0 0.0
меняет 0.002857 0.0 0.0
метрового 0.002857 0.0 0.0
миллионов 0.002857 0.0 0.0
миру 0.002857 0.0 0.0
мобильные 0.002857 0.0 0.0
могут 0.002857 0.0 0.0
модель 0.002857 1.469676 0.004199
момент 0.002857 0.0 0.0
мониторы 0.002857 0.0 0.0
мотобрендов 0.002857 0.0 0.0
мотоциклов 0.002857 0.0 0.0
мощная 0.002857 3.506558 0.010019
мощный 0.002857 2.995732 0.008559
мс 0.002857 0.0 0.0
мультимедиа 0.002857 0.0 0.0
нажмите 0.002857 0.0 0.0
назвал 0.002857 0.0 0.0
названием 0.002857 0.0 0.0
настроенную 0.002857 3.912023 0.011177
нашей 0.002857 0.0 0.0
наши 0.002857 0.0 0.0
нашли 0.002857 0.0 0.0
новейшая 0.002857 3.506558 0.010019
новости 0.002857 0.0 0.0
новые 0.002857 0.0 0.0
новый 0.002857 0.0 0.0
носители 0.002857 0.0 0.0
ноутбуки 0.002857 0.0 0.0
нужны 0.002857 0.0 0.0
обзоры 0.002857 0.0 0.0
оборудован 0.002857 2.407946 0.00688
обработки 0.002857 0.0 0.0
образцы 0.002857 0.0 0.0
объявлена 0.002857 0.0 0.0
объявят 0.002857 4.60517 0.013158
одноклассник 0.002857 0.0 0.0
орбите 0.002857 0.0 0.0
ос 0.002857 0.0 0.0
оснащение 0.002857 2.995732 0.008559
отдадут 0.002857 0.0 0.0
отечественного 0.002857 0.0 0.0
отказа 0.002857 0.0 0.0
отказались 0.002857 0.0 0.0
отключили 0.002857 0.0 0.0
очень 0.002857 0.0 0.0
ошибку 0.002857 0.0 0.0
панель 0.002857 2.995732 0.008559
педали 0.002857 4.60517 0.013158
переднего 0.002857 0.0 0.0
передним 0.002857 3.218876 0.009197
переключателями 0.002857 4.60517 0.013158
период 0.002857 0.0 0.0
периферия 0.002857 0.0 0.0
персональные 0.002857 0.0 0.0
персональных 0.002857 0.0 0.0
пиар 0.002857 0.0 0.0
пк 0.002857 0.0 0.0
планшеты 0.002857 0.0 0.0
платформа 0.002857 0.0 0.0
пн 0.002857 0.0 0.0
подвел 0.002857 0.0 0.0
подвеской 0.002857 4.60517 0.013158
подвеску 0.002857 4.60517 0.013158
поднял 0.002857 0.0 0.0
подробнее 0.002857 0.0 0.0
подрулевыми 0.002857 4.60517 0.013158
поиск 0.002857 0.0 0.0
пока 0.002857 0.0 0.0
полезные 0.002857 0.0 0.0
политика 0.002857 0.0 0.0
политикой 0.002857 0.0 0.0
полного 0.002857 3.506558 0.010019
полнокровная 0.002857 3.506558 0.010019
полноприводной 0.002857 4.60517 0.013158
полноприводными 0.002857 0.0 0.0
полным 0.002857 2.995732 0.008559
получила 0.002857 2.407946 0.00688
полётов 0.002857 0.0 0.0
поперечной 0.002857 4.60517 0.013158
попробовать 0.002857 0.0 0.0
популярная 0.002857 0.0 0.0
популярных 0.002857 0.0 0.0
посещать 0.002857 0.0 0.0
поступят 0.002857 4.60517 0.013158
появились 0.002857 2.813411 0.008038
правила 0.002857 0.0 0.0
прайс 0.002857 0.0 0.0
предлагает 0.002857 2.120264 0.006058
представила 0.002857 1.832581 0.005236
представлен 0.002857 0.0 0.0
прибавка 0.002857 0.0 0.0
приборную 0.002857 4.60517 0.013158
привода 0.002857 0.0 0.0
приводом 0.002857 2.525729 0.007216
принтеры 0.002857 0.0 0.0
причины 0.002857 0.0 0.0
пробизнес 0.002857 0.0 0.0
проведения 0.002857 0.0 0.0
программы 0.002857 0.0 0.0
продавать 0.002857 0.0 0.0
продаж 0.002857 0.0 0.0
продажи 0.002857 0.0 0.0
продолжая 0.002857 0.0 0.0
проектов 0.002857 0.0 0.0
проекторы 0.002857 0.0 0.0
проекты 0.002857 0.0 0.0
производитель 0.002857 1.966113 0.005617
пролить 0.002857 0.0 0.0
процессы 0.002857 0.0 0.0
пт 0.002857 0.0 0.0
работы 0.002857 0.0 0.0
радиатора 0.002857 3.506558 0.010019
радовать 0.002857 4.60517 0.013158
развлекательную 0.002857 4.60517 0.013158
расход 0.002857 2.207275 0.006306
расходует 0.002857 3.506558 0.010019
реальных 0.002857 0.0 0.0
результаты 0.002857 0.0 0.0
рейтинге 0.002857 3.506558 0.010019
реклама 0.002857 0.0 0.0
рекордный 0.002857 3.506558 0.010019
рекорды 0.002857 3.506558 0.010019
решает 0.002857 0.0 0.0
решётку 0.002857 4.60517 0.013158
россии 0.002857 0.0 0.0
россияне 0.002857 0.0 0.0
рост 0.002857 0.755023 0.002157
рублей 0.002857 0.0 0.0
рулевое 0.002857 3.912023 0.011177
ручки 0.002857 4.60517 0.013158
рынок 0.002857 0.0 0.0
сайте 0.002857 0.0 0.0
сайты 0.002857 0.0 0.0
салон 0.002857 3.218876 0.009197
самая 0.002857 0.0 0.0
самолётах 0.002857 0.0 0.0
самый 0.002857 2.813411 0.008038
самых 0.002857 0.0 0.0
сантиметров 0.002857 0.0 0.0
сб 0.002857 0.0 0.0
сбора 0.002857 0.0 0.0
свежем 0.002857 3.506558 0.010019
свет 0.002857 0.0 0.0
своей 0.002857 0.0 0.0
связи 0.002857 0.0 0.0
связь 0.002857 0.0 0.0
сегодня 0.002857 0.0 0.0
серверы 0.002857 0.0 0.0
сервисы 0.002857 0.0 0.0
сертификацию 0.002857 0.0 0.0
сети 0.002857 0.0 0.0
сиденьями 0.002857 3.912023 0.011177
силовую 0.002857 4.60517 0.013158
система 0.002857 1.514128 0.004326
систему 0.002857 2.525729 0.007216
скоро 0.002857 0.0 0.0
сложности 0.002857 0.0 0.0
смартфона 0.002857 2.813411 0.008038
смешанном 0.002857 4.60517 0.013158
снова 0.002857 0.0 0.0
советский 0.002857 0.0 0.0
соглашаетесь 0.002857 0.0 0.0
сообщали 0.002857 4.60517 0.013158
составляет 0.002857 2.407946 0.00688
сохраняет 0.002857 2.995732 0.008559
спасти 0.002857 0.0 0.0
спойлер 0.002857 4.60517 0.013158
спортивно 0.002857 4.60517 0.013158
спортивной 0.002857 4.60517 0.013158
спортивную 0.002857 4.60517 0.013158
ср 0.002857 0.0 0.0
среда 0.002857 0.0 0.0
ссылки 0.002857 0.0 0.0
стабилизатором 0.002857 4.60517 0.013158
стал 0.002857 0.0 0.0
старту 0.002857 0.0 0.0
стартуют 0.002857 0.0 0.0
статистика 0.002857 0.0 0.0
статьи 0.002857 0.0 0.0
стоимость 0.002857 0.0 0.0
стоит 0.002857 1.966113 0.005617
субфлагман 0.002857 3.506558 0.010019
субфлагманская 0.002857 3.506558 0.010019
сша 0.002857 0.0 0.0
тайконавты 0.002857 0.0 0.0
тв 0.002857 0.0 0.0
теги 0.002857 0.0 0.0
текст 0.002857 0.0 0.0
технический 0.002857 0.0 0.0
топ 0.002857 0.0 0.0
тыс 0.002857 0.0 0.0
тёмные 0.002857 4.60517 0.013158
убрали 0.002857 0.0 0.0
увеличенным 0.002857 4.60517 0.013158
упасть 0.002857 0.0 0.0
установил 0.002857 2.525729 0.007216
установку 0.002857 3.912023 0.011177
устойчивости 0.002857 3.506558 0.010019
устройства 0.002857 0.0 0.0
устройство 0.002857 2.65926 0.007598
ученым 0.002857 0.0 0.0
файлы 0.002857 0.0 0.0
флагманского 0.002857 0.0 0.0
фото 0.002857 0.0 0.0
фундаментальные 0.002857 0.0 0.0
хитом 0.002857 0.0 0.0
цвета 0.002857 3.506558 0.010019
цены 0.002857 0.0 0.0
цикле 0.002857 4.60517 0.013158
цифровую 0.002857 3.912023 0.011177
части 0.002857 0.0 0.0
человека 0.002857 0.0 0.0
черными 0.002857 4.60517 0.013158
чт 0.002857 0.0 0.0
чёрные 0.002857 4.60517 0.013158
чёрными 0.002857 3.912023 0.011177
экономичность 0.002857 3.912023 0.011177
экспорт 0.002857 0.0 0.0
электромотор 0.002857 3.912023 0.011177
элементы 0.002857 3.912023 0.011177
эмблемы 0.002857 4.60517 0.013158
эмбрионы 0.002857 0.0 0.0
южной 0.002857 0.0 0.0
