авиалайнера 0.003257 0.0 0.0
австралии 0.003257 0.0 0.0
автоваз 0.003257 0.0 0.0
автоматом 0.003257 0.0 0.0
автопроизводителя 0.003257 0.0 0.0
автор 0.003257 0.0 0.0
авторы 0.003257 0.0 0.0
администрацией 0.003257 0.0 0.0
адрес 0.003257 0.0 0.0
аксессуары 0.003257 3.912023 0.012743
америке 0.003257 0.0 0.0
аналитики 0.003257 0.0 0.0
базовую 0.003257 4.60517 0.015001
белка 0.003257 0.0 0.0
биологические 0.003257 0.0 0.0
биологических 0.003257 0.0 0.0
ближайшего 0.003257 4.60517 0.015001
ближнем 0.003257 0.0 0.0
блоги 0.003257 0.0 0.0
будут 0.003257 0.0 0.0
быстро 0.003257 0.0 0.0
версия 0.003257 2.65926 0.008662
весом 0.003257 0.0 0.0
видео 0.003257 0.0 0.0
видеокарты 0.003257 0.0 0.0
внедорожники 0.003257 0.0 0.0
внутренними 0.003257 4.60517 0.015001
вовсе 0.003257 4.60517 0.015001
войти 0.003257 0.0 0.0
вопрос 0.003257 1.660731 0.00541
востоке 0.003257 0.0 0.0
времени 0.003257 1.89712 0.00618
вс 0.003257 0.0 0.0
всему 0.003257 0.0 0.0
вт 0.003257 0.0 0.0
входят 0.003257 0.0 0.0
выделите 0.003257 0.0 0.0
выпускаемые 0.003257 4.60517 0.015001
выросли 0.003257 3.912023 0.012743
выходит 0.003257 0.0 0.0
выходить 0.003257 3.912023 0.012743
геймпады 0.003257 4.60517 0.015001
германии 0.003257 2.995732 0.009758
главную 0.003257 0.0 0.0
года 0.003257 0.0 0.0
данные 0.003257 0.0 0.0
данный 0.003257 0.0 0.0
данных 0.003257 0.0 0.0
двигатели 0.003257 0.0 0.0
двигатель 0.003257 0.0 0.0
двух 0.003257 0.0 0.0
дизайн 0.003257 0.0 0.0
директор 0.003257 0.0 0.0
догадаться 0.003257 4.60517 0.015001
долларов 0.003257 0.0 0.0
дом 0.003257 0.0 0.0
доставили 0.003257 0.0 0.0
достигает 0.003257 0.0 0.0
её 0.003257 1.203973 0.003922
завершат 0.003257 0.0 0.0
заметно 0.003257 3.506558 0.011422
заодно 0.003257 3.506558 0.011422
защиты 0.003257 0.0 0.0
земле 0.003257 0.0 0.0
земли 0.003257 0.0 0.0
зонд 0.003257 0.0 0.0
зонда 0.003257 0.0 0.0
зрение 0.003257 3.506558 0.011422
игровые 0.003257 3.506558 0.011422
игру 0.003257 2.995732 0.009758
игры 0.003257 0.0 0.0
инновационный 0.003257 0.0 0.0
информации 0.003257 0.0 0.0
использования 0.003257 0.0 0.0
испортит 0.003257 3.506558 0.011422
исследований 0.003257 0.0 0.0
источник 0.003257 0.0 0.0
календарь 0.003257 0.0 0.0
категории 0.003257 0.0 0.0
кг 0.003257 0.0 0.0
километров 0.003257 0.0 0.0
классическим 0.003257 0.0 0.0
клон 0.003257 0.0 0.0
ключевых 0.003257 2.995732 0.009758
комментирования 0.003257 0.0 0.0
компании 0.003257 1.347074 0.004388
компания 0.003257 0.820981 0.002674
комфортный 0.003257 0.0 0.0
консоли 0.003257 3.506558 0.011422
конференция 0.003257 0.0 0.0
корее 0.003257 0.0 0.0
корпуса 0.003257 0.0 0.0
космос 0.003257 0.0 0.0
космоса 0.003257 0.0 0.0
кроссовера 0.003257 0.0 0.0
кроссоверы 0.003257 0.0 0.0
кубических 0.003257 0.0 0.0
куки 0.003257 0.0 0.0
купить 0.003257 3.218876 0.010485
летать 0.003257 0.0 0.0
лету 0.003257 0.0 0.0
листа 0.003257 0.0 0.0
мае 0.003257 0.0 0.0
май 0.003257 0.0 0.0
марка 0.003257 0.0 0.0
материалов 0.003257 0.0 0.0
машину 0.003257 0.0 0.0
мая 0.003257 0.0 0.0
межпланетный 0.003257 0.0 0.0
меняет 0.003257 0.0 0.0
метрового 0.003257 0.0 0.0
миллионов 0.003257 0.0 0.0
минимум 0.003257 2.65926 0.008662
миру 0.003257 0.0 0.0
мобильные 0.003257 0.0 0.0
могут 0.003257 0.0 0.0
модели 0.003257 1.139434 0.003712
момент 0.003257 0.0 0.0
монитор 0.003257 0.0 0.0
мониторы 0.003257 0.0 0.0
мотобрендов 0.003257 0.0 0.0
мотоциклов 0.003257 0.0 0.0
мс 0.003257 0.0 0.0
мультимедиа 0.003257 0.0 0.0
нажмите 0.003257 0.0 0.0
назвал 0.003257 0.0 0.0
названием 0.003257 0.0 0.0
начинают 0.003257 3.218876 0.010485
нашей 0.003257 0.0 0.0
наши 0.003257 0.0 0.0
нашли 0.003257 0.0 0.0
недавно 0.003257 2.813411 0.009164
некоторые 0.003257 3.218876 0.010485
неожиданно 0.003257 3.912023 0.012743
несложно 0.003257 4.60517 0.015001
новости 0.003257 0.0 0.0
новые 0.003257 0.0 0.0
новый 0.003257 0.0 0.0
новыми 0.003257 2.65926 0.008662
нормальным 0.003257 3.506558 0.011422
носители 0.003257 0.0 0.0
ноутбуки 0.003257 0.0 0.0
нужно 0.003257 2.65926 0.008662
нужны 0.003257 0.0 0.0
обзоры 0.003257 0.0 0.0
обработки 0.003257 0.0 0.0
образцы 0.003257 0.0 0.0
объявлена 0.003257 0.0 0.0
объяснить 0.003257 4.60517 0.015001
одноклассник 0.003257 0.0 0.0
орбите 0.003257 0.0 0.0
ос 0.003257 0.0 0.0
остальных 0.003257 3.912023 0.012743
отдадут 0.003257 0.0 0.0
отечественного 0.003257 0.0 0.0
отказа 0.003257 0.0 0.0
отказались 0.003257 0.0 0.0
отключили 0.003257 0.0 0.0
очень 0.003257 0.0 0.0
ошибку 0.003257 0.0 0.0
памяти 0.003257 2.995732 0.009758
панели 0.003257 2.813411 0.009164
переднего 0.003257 0.0 0.0
переход 0.003257 2.120264 0.006906
период 0.003257 0.0 0.0
периферия 0.003257 0.0 0.0
персональные 0.003257 0.0 0.0
персональных 0.003257 0.0 0.0
пиар 0.003257 0.0 0.0
пк 0.003257 0.0 0.0
планшеты 0.003257 0.0 0.0
платформа 0.003257 0.0 0.0
пн 0.003257 0.0 0.0
повысила 0.003257 3.218876 0.010485
повысить 0.003257 2.995732 0.009758
повышения 0.003257 3.912023 0.012743
подвел 0.003257 0.0 0.0
поднял 0.003257 0.0 0.0
поднять 0.003257 3.912023 0.012743
подорожала 0.003257 4.60517 0.015001
подорожают 0.003257 4.60517 0.015001
подробнее 0.003257 0.0 0.0
подрожали 0.003257 4.60517 0.015001
подрожании 0.003257 4.60517 0.015001
поиск 0.003257 0.0 0.0
пока 0.003257 0.0 0.0
полезные 0.003257 0.0 0.0
политика 0.003257 0.0 0.0
политикой 0.003257 0.0 0.0
полноприводными 0.003257 0.0 0.0
полный 0.003257 2.813411 0.009164
полётов 0.003257 0.0 0.0
попробовать 0.003257 0.0 0.0
популярная 0.003257 0.0 0.0
популярных 0.003257 0.0 0.0
посещать 0.003257 0.0 0.0
правила 0.003257 0.0 0.0
прайс 0.003257 0.0 0.0
представлен 0.003257 0.0 0.0
прибавка 0.003257 0.0 0.0
привода 0.003257 0.0 0.0
примеру 0.003257 4.60517 0.015001
принтеры 0.003257 0.0 0.0
приставки 0.003257 4.60517 0.015001
причины 0.003257 0.0 0.0
пробизнес 0.003257 0.0 0.0
проведения 0.003257 0.0 0.0
программы 0.003257 0.0 0.0
продавать 0.003257 0.0 0.0
продаваться 0.003257 3.506558 0.011422
продажи 0.003257 0.0 0.0
продолжая 0.003257 0.0 0.0
проектов 0.003257 0.0 0.0
проекторы 0.003257 0.0 0.0
проекты 0.003257 0.0 0.0
пролить 0.003257 0.0 0.0
процессы 0.003257 0.0 0.0
пт 0.003257 0.0 0.0
работы 0.003257 0.0 0.0
реальных 0.003257 0.0 0.0
резко 0.003257 2.995732 0.009758
результаты 0.003257 0.0 0.0
реклама 0.003257 0.0 0.0
рекомендованной 0.003257 3.506558 0.011422
решает 0.003257 0.0 0.0
решила 0.003257 4.60517 0.015001
россии 0.003257 0.0 0.0
россияне 0.003257 0.0 0.0
рублей 0.003257 0.0 0.0
рынка 0.003257 2.525729 0.008227
рынках 0.003257 3.912023 0.012743
рынок 0.003257 0.0 0.0
сайте 0.003257 0.0 0.0
сайты 0.003257 0.0 0.0
самая 0.003257 0.0 0.0
самолётах 0.003257 0.0 0.0
самых 0.003257 0.0 0.0
сантиметров 0.003257 0.0 0.0
сб 0.003257 0.0 0.0
сбора 0.003257 0.0 0.0
свет 0.003257 0.0 0.0
своей 0.003257 0.0 0.0
свои 0.003257 1.89712 0.00618
связи 0.003257 0.0 0.0
связь 0.003257 0.0 0.0
сделала 0.003257 3.912023 0.012743
сегодня 0.003257 0.0 0.0
серверы 0.003257 0.0 0.0
сервисы 0.003257 0.0 0.0
сертификацию 0.003257 0.0 0.0
сети 0.003257 0.0 0.0
сказать 0.003257 3.912023 0.012743
скоро 0.003257 0.0 0.0
сложности 0.003257 0.0 0.0
снова 0.003257 0.0 0.0
советский 0.003257 0.0 0.0
соглашаетесь 0.003257 0.0 0.0
спасти 0.003257 0.0 0.0
ср 0.003257 0.0 0.0
сразу 0.003257 2.813411 0.009164
среда 0.003257 0.0 0.0
ссылки 0.003257 0.0 0.0
стал 0.003257 0.0 0.0
стартуют 0.003257 0.0 0.0
статистика 0.003257 0.0 0.0
статьи 0.003257 0.0 0.0
стоимость 0.003257 0.0 0.0
стоит 0.003257 1.966113 0.006404
стоить 0.003257 4.60517 0.015001
столько 0.003257 2.407946 0.007843
студиями 0.003257 4.60517 0.015001
сша 0.003257 0.0 0.0
тайконавты 0.003257 0.0 0.0
тарифами 0.003257 4.60517 0.015001
тб 0.003257 0.0 0.0
тв 0.003257 0.0 0.0
теги 0.003257 0.0 0.0
текст 0.003257 0.0 0.0
технический 0.003257 0.0 0.0
топ 0.003257 0.0 0.0
топовая 0.003257 3.218876 0.010485
точно 0.003257 1.108663 0.003611
тыс 0.003257 0.0 0.0
убрали 0.003257 0.0 0.0
упасть 0.003257 0.0 0.0
устройства 0.003257 0.0 0.0
утверждают 0.003257 4.60517 0.015001
ученым 0.003257 0.0 0.0
файлы 0.003257 0.0 0.0
фирменные 0.003257 4.60517 0.015001
флагманского 0.003257 0.0 0.0
фото 0.003257 0.0 0.0
фундаментальные 0.003257 0.0 0.0
хитом 0.003257 0.0 0.0
хочет 0.003257 2.813411 0.009164
цветной 0.003257 3.506558 0.011422
ценам 0.003257 3.218876 0.010485
цене 0.003257 2.120264 0.006906
ценой 0.003257 2.813411 0.009164
цену 0.003257 3.506558 0.011422
цены 0.003257 0.0 0.0
части 0.003257 0.0 0.0
человека 0.003257 0.0 0.0
чт 0.003257 0.0 0.0
экспорт 0.003257 0.0 0.0
эмбрионы 0.003257 0.0 0.0
южной 0.003257 0.0 0.0
