авиалайнера 0.003268 0.0 0.0
австралии 0.003268 0.0 0.0
автоваз 0.003268 0.0 0.0
автоматом 0.003268 0.0 0.0
автомобили 0.003268 1.966113 0.006425
автопроизводителя 0.003268 0.0 0.0
автор 0.003268 0.0 0.0
авторы 0.003268 0.0 0.0
администрацией 0.003268 0.0 0.0
адрес 0.003268 0.0 0.0
америке 0.003268 0.0 0.0
аналитики 0.003268 0.0 0.0
белка 0.003268 0.0 0.0
биологические 0.003268 0.0 0.0
биологических 0.003268 0.0 0.0
ближнем 0.003268 0.0 0.0
блоги 0.003268 0.0 0.0
будут 0.003268 0.0 0.0
быстро 0.003268 0.0 0.0
весом 0.003268 0.0 0.0
видео 0.003268 0.0 0.0
видеокарты 0.003268 0.0 0.0
включили 0.003268 3.506558 0.011459
внедорожники 0.003268 0.0 0.0
возможности 0.003268 2.65926 0.00869
войти 0.003268 0.0 0.0
востоке 0.003268 0.0 0.0
впервые 0.003268 2.120264 0.006929
времени 0.003268 1.89712 0.0062
вс 0.003268 0.0 0.0
всему 0.003268 0.0 0.0
вт 0.003268 0.0 0.0
входят 0.003268 0.0 0.0
выделите 0.003268 0.0 0.0
выпуске 0.003268 4.60517 0.01505
высокой 0.003268 2.813411 0.009194
выходит 0.003268 0.0 0.0
генеральный 0.003268 2.995732 0.00979
главную 0.003268 0.0 0.0
год 0.003268 0.0 0.0
года 0.003268 0.0 0.0
году 0.003268 1.272966 0.00416
готова 0.003268 2.525729 0.008254
данные 0.003268 0.0 0.0
данный 0.003268 0.0 0.0
данных 0.003268 0.0 0.0
двигатели 0.003268 0.0 0.0
двигатель 0.003268 0.0 0.0
двух 0.003268 0.0 0.0
дизайн 0.003268 0.0 0.0
директор 0.003268 0.0 0.0
добиваемся 0.003268 4.60517 0.01505
должников 0.003268 3.506558 0.011459
долларов 0.003268 0.0 0.0
дом 0.003268 0.0 0.0
доставили 0.003268 0.0 0.0
достигает 0.003268 0.0 0.0
другие 0.003268 2.040221 0.006667
ждать 0.003268 2.995732 0.00979
ждем 0.003268 3.912023 0.012784
завершат 0.003268 0.0 0.0
завершить 0.003268 3.912023 0.012784
задержка 0.003268 3.912023 0.012784
запускали 0.003268 3.506558 0.011459
защиты 0.003268 0.0 0.0
заявила 0.003268 3.218876 0.010519
земле 0.003268 0.0 0.0
земли 0.003268 0.0 0.0
зонд 0.003268 0.0 0.0
зонда 0.003268 0.0 0.0
игры 0.003268 0.0 0.0
изображение 0.003268 1.514128 0.004948
инновационный 0.003268 0.0 0.0
информации 0.003268 0.0 0.0
использования 0.003268 0.0 0.0
исследований 0.003268 0.0 0.0
источник 0.003268 0.0 0.0
календарь 0.003268 0.0 0.0
касается 0.003268 3.912023 0.012784
категории 0.003268 0.0 0.0
качества 0.003268 2.995732 0.00979
кг 0.003268 0.0 0.0
километров 0.003268 0.0 0.0
классическим 0.003268 0.0 0.0
клиентам 0.003268 3.506558 0.011459
клон 0.003268 0.0 0.0
комментирования 0.003268 0.0 0.0
комфортный 0.003268 0.0 0.0
конференция 0.003268 0.0 0.0
корее 0.003268 0.0 0.0
корпуса 0.003268 0.0 0.0
космос 0.003268 0.0 0.0
космоса 0.003268 0.0 0.0
которых 0.003268 2.813411 0.009194
кроссовера 0.003268 0.0 0.0
кроссоверы 0.003268 0.0 0.0
кубических 0.003268 0.0 0.0
кук 0.003268 0.0 0.0
куки 0.003268 0.0 0.0
летать 0.003268 0.0 0.0
лету 0.003268 0.0 0.0
листа 0.003268 0.0 0.0
мае 0.003268 0.0 0.0
май 0.003268 0.0 0.0
марка 0.003268 0.0 0.0
материалов 0.003268 0.0 0.0
машину 0.003268 0.0 0.0
машины 0.003268 1.771957 0.005791
мая 0.003268 0.0 0.0
межпланетный 0.003268 0.0 0.0
меняет 0.003268 0.0 0.0
метрового 0.003268 0.0 0.0
миллионов 0.003268 0.0 0.0
миру 0.003268 0.0 0.0
млн 0.003268 1.108663 0.003623
мобильные 0.003268 0.0 0.0
могут 0.003268 0.0 0.0
момент 0.003268 0.0 0.0
мониторы 0.003268 0.0 0.0
мотобрендов 0.003268 0.0 0.0
мотоциклов 0.003268 0.0 0.0
мс 0.003268 0.0 0.0
мультимедиа 0.003268 0.0 0.0
нажмите 0.003268 0.0 0.0
назвал 0.003268 0.0 0.0
названием 0.003268 0.0 0.0
нам 0.003268 1.139434 0.003724
нашей 0.003268 0.0 0.0
наши 0.003268 0.0 0.0
нашли 0.003268 0.0 0.0
нетерпением 0.003268 4.60517 0.01505
новости 0.003268 0.0 0.0
новые 0.003268 0.0 0.0
новый 0.003268 0.0 0.0
носители 0.003268 0.0 0.0
ноутбуки 0.003268 0.0 0.0
нужно 0.003268 2.65926 0.00869
нужны 0.003268 0.0 0.0
обзоры 0.003268 0.0 0.0
обновлением 0.003268 4.60517 0.01505
обновления 0.003268 2.525729 0.008254
обработки 0.003268 0.0 0.0
образцы 0.003268 0.0 0.0
объявили 0.003268 2.995732 0.00979
объявлена 0.003268 0.0 0.0
одноклассник 0.003268 0.0 0.0
орбите 0.003268 0.0 0.0
ос 0.003268 0.0 0.0
осколок 0.003268 2.813411 0.009194
отдадут 0.003268 0.0 0.0
отечественного 0.003268 0.0 0.0
отказа 0.003268 0.0 0.0
отказались 0.003268 0.0 0.0
отключили 0.003268 0.0 0.0
отложены 0.003268 4.60517 0.01505
оторвался 0.003268 3.506558 0.011459
очень 0.003268 0.0 0.0
ошибку 0.003268 0.0 0.0
первом 0.003268 2.525729 0.008254
переднего 0.003268 0.0 0.0
период 0.003268 0.0 0.0
периферия 0.003268 0.0 0.0
персонализированные 0.003268 4.60517 0.01505
персональные 0.003268 0.0 0.0
персональных 0.003268 0.0 0.0
пиар 0.003268 0.0 0.0
пк 0.003268 0.0 0.0
планировалось 0.003268 4.60517 0.01505
планке 0.003268 4.60517 0.01505
планшеты 0.003268 0.0 0.0
платформа 0.003268 0.0 0.0
пн 0.003268 0.0 0.0
подвел 0.003268 0.0 0.0
поднял 0.003268 0.0 0.0
подробнее 0.003268 0.0 0.0
позднего 0.003268 4.60517 0.01505
поиск 0.003268 0.0 0.0
пока 0.003268 0.0 0.0
полезные 0.003268 0.0 0.0
политика 0.003268 0.0 0.0
политикой 0.003268 0.0 0.0
полноприводными 0.003268 0.0 0.0
полётов 0.003268 0.0 0.0
попробовать 0.003268 0.0 0.0
популярная 0.003268 0.0 0.0
популярных 0.003268 0.0 0.0
пор 0.003268 0.0 0.0
посещать 0.003268 0.0 0.0
правила 0.003268 0.0 0.0
прайс 0.003268 0.0 0.0
предоставить 0.003268 4.60517 0.01505
предполагает 0.003268 3.218876 0.010519
представила 0.003268 1.832581 0.005989
представили 0.003268 2.813411 0.009194
представить 0.003268 3.912023 0.012784
представлен 0.003268 0.0 0.0
прибавка 0.003268 0.0 0.0
приберегли 0.003268 4.60517 0.01505
привода 0.003268 0.0 0.0
придется 0.003268 4.60517 0.01505
признал 0.003268 2.995732 0.00979
принтеры 0.003268 0.0 0.0
причины 0.003268 0.0 0.0
пробизнес 0.003268 0.0 0.0
проведения 0.003268 0.0 0.0
программы 0.003268 0.0 0.0
прогресс 0.003268 3.506558 0.011459
прогресса 0.003268 4.60517 0.01505
продавать 0.003268 0.0 0.0
продажи 0.003268 0.0 0.0
продают 0.003268 2.813411 0.009194
продолжая 0.003268 0.0 0.0
проектов 0.003268 0.0 0.0
проекторы 0.003268 0.0 0.0
проекты 0.003268 0.0 0.0
произошло 0.003268 4.60517 0.01505
пролить 0.003268 0.0 0.0
процессы 0.003268 0.0 0.0
пт 0.003268 0.0 0.0
работу 0.003268 2.525729 0.008254
работы 0.003268 0.0 0.0
разработку 0.003268 2.995732 0.00979
ракету 0.003268 2.995732 0.00979
ранее 0.003268 1.771957 0.005791
реальных 0.003268 0.0 0.0
результаты 0.003268 0.0 0.0
реклама 0.003268 0.0 0.0
решает 0.003268 0.0 0.0
россии 0.003268 0.0 0.0
россияне 0.003268 0.0 0.0
рублей 0.003268 0.0 0.0
рынок 0.003268 0.0 0.0
сайте 0.003268 0.0 0.0
сайты 0.003268 0.0 0.0
самая 0.003268 0.0 0.0
самолётах 0.003268 0.0 0.0
самых 0.003268 0.0 0.0
сантиметров 0.003268 0.0 0.0
сб 0.003268 0.0 0.0
сбора 0.003268 0.0 0.0
свет 0.003268 0.0 0.0
своей 0.003268 0.0 0.0
связи 0.003268 0.0 0.0
связь 0.003268 0.0 0.0
сегодня 0.003268 0.0 0.0
серверы 0.003268 0.0 0.0
сервисы 0.003268 0.0 0.0
сертификацию 0.003268 0.0 0.0
сети 0.003268 0.0 0.0
сих 0.003268 2.407946 0.007869
сказал 0.003268 2.813411 0.009194
скоро 0.003268 0.0 0.0
сложности 0.003268 0.0 0.0
слухи 0.003268 4.60517 0.01505
снова 0.003268 0.0 0.0
советский 0.003268 0.0 0.0
современные 0.003268 2.302585 0.007525
соглашаетесь 0.003268 0.0 0.0
соответствовала 0.003268 4.60517 0.01505
соответствовали 0.003268 4.60517 0.01505
сохранены 0.003268 3.912023 0.012784
спасти 0.003268 0.0 0.0
ср 0.003268 0.0 0.0
сразу 0.003268 2.813411 0.009194
среда 0.003268 0.0 0.0
ссылки 0.003268 0.0 0.0
стал 0.003268 0.0 0.0
стартуют 0.003268 0.0 0.0
статистика 0.003268 0.0 0.0
статьи 0.003268 0.0 0.0
стоимость 0.003268 0.0 0.0
сша 0.003268 0.0 0.0
тайконавты 0.003268 0.0 0.0
тв 0.003268 0.0 0.0
теги 0.003268 0.0 0.0
текст 0.003268 0.0 0.0
технический 0.003268 0.0 0.0
тим 0.003268 0.0 0.0
топ 0.003268 0.0 0.0
требовалось 0.003268 3.506558 0.011459
тыс 0.003268 0.0 0.0
убрали 0.003268 0.0 0.0
умная 0.003268 3.506558 0.011459
упасть 0.003268 0.0 0.0
устройства 0.003268 0.0 0.0
ученым 0.003268 0.0 0.0
файлы 0.003268 0.0 0.0
флагманского 0.003268 0.0 0.0
фото 0.003268 0.0 0.0
фундаментальные 0.003268 0.0 0.0
функции 0.003268 3.218876 0.010519
функций 0.003268 3.912023 0.012784
функцию 0.003268 3.912023 0.012784
функциями 0.003268 3.912023 0.012784
хитом 0.003268 0.0 0.0
ходили 0.003268 3.912023 0.012784
цене 0.003268 2.120264 0.006929
цены 0.003268 0.0 0.0
части 0.003268 0.0 0.0
человека 0.003268 0.0 0.0
чт 0.003268 0.0 0.0
экспорт 0.003268 0.0 0.0
эмбрионы 0.003268 0.0 0.0
этими 0.003268 4.60517 0.01505
южной 0.003268 0.0 0.0
ясно 0.003268 3.506558 0.011459
