авиалайнера 0.003155 0.0 0.0
австралии 0.003155 0.0 0.0
автоваз 0.003155 0.0 0.0
автоматом 0.003155 0.0 0.0
автопроизводителя 0.003155 0.0 0.0
автор 0.003155 0.0 0.0
авторы 0.003155 0.0 0.0
администрацией 0.003155 0.0 0.0
адрес 0.003155 0.0 0.0
америке 0.003155 0.0 0.0
аналитики 0.003155 0.0 0.0
аномалия 0.003155 3.912023 0.012341
белка 0.003155 0.0 0.0
биологические 0.003155 0.0 0.0
биологических 0.003155 0.0 0.0
ближнем 0.003155 0.0 0.0
блоги 0.003155 0.0 0.0
будут 0.003155 0.0 0.0
быстро 0.003155 0.0 0.0
весом 0.003155 0.0 0.0
видео 0.003155 0.0 0.0
видеокарты 0.003155 0.0 0.0
включили 0.003155 3.506558 0.011062
внедорожники 0.003155 0.0 0.0
войти 0.003155 0.0 0.0
вопросы 0.003155 2.525729 0.007968
востоке 0.003155 0.0 0.0
времени 0.003155 1.89712 0.005985
вс 0.003155 0.0 0.0
всему 0.003155 0.0 0.0
вскоре 0.003155 3.912023 0.012341
вт 0.003155 0.0 0.0
входят 0.003155 0.0 0.0
выделите 0.003155 0.0 0.0
вызвал 0.003155 2.995732 0.00945
выхлопе 0.003155 3.912023 0.012341
выходит 0.003155 0.0 0.0
главную 0.003155 0.0 0.0
глобального 0.003155 3.218876 0.010154
год 0.003155 0.0 0.0
года 0.003155 0.0 0.0
голубой 0.003155 3.912023 0.012341
готова 0.003155 2.525729 0.007968
готовящегося 0.003155 3.506558 0.011062
данные 0.003155 0.0 0.0
данный 0.003155 0.0 0.0
данных 0.003155 0.0 0.0
двигателей 0.003155 2.525729 0.007968
двигатели 0.003155 0.0 0.0
двигатель 0.003155 0.0 0.0
двигателя 0.003155 1.89712 0.005985
двух 0.003155 0.0 0.0
девятому 0.003155 3.506558 0.011062
девятый 0.003155 4.60517 0.014527
дизайн 0.003155 0.0 0.0
директор 0.003155 0.0 0.0
длившийся 0.003155 4.60517 0.014527
долларов 0.003155 0.0 0.0
дом 0.003155 0.0 0.0
доработке 0.003155 4.60517 0.014527
доставили 0.003155 0.0 0.0
достигает 0.003155 0.0 0.0
завершат 0.003155 0.0 0.0
замене 0.003155 4.60517 0.014527
замечен 0.003155 4.60517 0.014527
запланирован 0.003155 1.966113 0.006202
запуск 0.003155 1.272966 0.004016
запускали 0.003155 3.506558 0.011062
запущены 0.003155 3.218876 0.010154
защиты 0.003155 0.0 0.0
земле 0.003155 0.0 0.0
земли 0.003155 0.0 0.0
зонд 0.003155 0.0 0.0
зонда 0.003155 0.0 0.0
игры 0.003155 0.0 0.0
изменился 0.003155 3.912023 0.012341
инновационный 0.003155 0.0 0.0
информации 0.003155 0.0 0.0
инцидент 0.003155 2.995732 0.00945
использования 0.003155 0.0 0.0
испытательному 0.003155 3.912023 0.012341
исследований 0.003155 0.0 0.0
источник 0.003155 0.0 0.0
кадр 0.003155 2.302585 0.007264
календарь 0.003155 0.0 0.0
категории 0.003155 0.0 0.0
кг 0.003155 0.0 0.0
километров 0.003155 0.0 0.0
классическим 0.003155 0.0 0.0
клон 0.003155 0.0 0.0
комментировала 0.003155 3.912023 0.012341
комментирования 0.003155 0.0 0.0
комфортный 0.003155 0.0 0.0
конференция 0.003155 0.0 0.0
корабля 0.003155 2.813411 0.008875
корее 0.003155 0.0 0.0
корпуса 0.003155 0.0 0.0
космос 0.003155 0.0 0.0
космоса 0.003155 0.0 0.0
кроссовера 0.003155 0.0 0.0
кроссоверы 0.003155 0.0 0.0
кубических 0.003155 0.0 0.0
кук 0.003155 0.0 0.0
куки 0.003155 0.0 0.0
лет 0.003155 0.0 0.0
летать 0.003155 0.0 0.0
лету 0.003155 0.0 0.0
листа 0.003155 0.0 0.0
мае 0.003155 0.0 0.0
май 0.003155 0.0 0.0
марка 0.003155 0.0 0.0
материалов 0.003155 0.0 0.0
машину 0.003155 0.0 0.0
мая 0.003155 0.0 0.0
межпланетный 0.003155 0.0 0.0
меняет 0.003155 0.0 0.0
метрового 0.003155 0.0 0.0
миллионов 0.003155 0.0 0.0
миру 0.003155 0.0 0.0
млн 0.003155 1.108663 0.003497
мобильные 0.003155 0.0 0.0
могут 0.003155 0.0 0.0
момент 0.003155 0.0 0.0
мониторы 0.003155 0.0 0.0
мотобрендов 0.003155 0.0 0.0
мотоциклов 0.003155 0.0 0.0
мс 0.003155 0.0 0.0
мультимедиа 0.003155 0.0 0.0
мэсси 0.003155 3.912023 0.012341
нажмите 0.003155 0.0 0.0
назвал 0.003155 0.0 0.0
названием 0.003155 0.0 0.0
нам 0.003155 1.139434 0.003594
нашей 0.003155 0.0 0.0
наши 0.003155 0.0 0.0
нашли 0.003155 0.0 0.0
неизвестный 0.003155 4.60517 0.014527
неисправности 0.003155 4.60517 0.014527
нехарактерно 0.003155 3.912023 0.012341
новости 0.003155 0.0 0.0
новые 0.003155 0.0 0.0
новый 0.003155 0.0 0.0
нормальной 0.003155 3.912023 0.012341
носители 0.003155 0.0 0.0
ноутбуки 0.003155 0.0 0.0
нужно 0.003155 2.65926 0.008389
нужны 0.003155 0.0 0.0
обзоры 0.003155 0.0 0.0
обработки 0.003155 0.0 0.0
образцы 0.003155 0.0 0.0
объявлена 0.003155 0.0 0.0
огневой 0.003155 3.218876 0.010154
одного 0.003155 2.525729 0.007968
одноклассник 0.003155 0.0 0.0
ожидается 0.003155 2.813411 0.008875
оранжевого 0.003155 3.912023 0.012341
орбите 0.003155 0.0 0.0
ос 0.003155 0.0 0.0
осколок 0.003155 2.813411 0.008875
оставил 0.003155 0.0 0.0
отдадут 0.003155 0.0 0.0
отечественного 0.003155 0.0 0.0
отказа 0.003155 0.0 0.0
отказались 0.003155 0.0 0.0
отключили 0.003155 0.0 0.0
оторвался 0.003155 3.506558 0.011062
очень 0.003155 0.0 0.0
ошибку 0.003155 0.0 0.0
переднего 0.003155 0.0 0.0
период 0.003155 0.0 0.0
периферия 0.003155 0.0 0.0
персональные 0.003155 0.0 0.0
персональных 0.003155 0.0 0.0
пиар 0.003155 0.0 0.0
пк 0.003155 0.0 0.0
пламени 0.003155 3.912023 0.012341
планшеты 0.003155 0.0 0.0
платформа 0.003155 0.0 0.0
площадке 0.003155 3.506558 0.011062
пн 0.003155 0.0 0.0
повреждение 0.003155 2.813411 0.008875
подачи 0.003155 4.60517 0.014527
подвел 0.003155 0.0 0.0
поднял 0.003155 0.0 0.0
подобные 0.003155 3.506558 0.011062
подробнее 0.003155 0.0 0.0
поиск 0.003155 0.0 0.0
пока 0.003155 0.0 0.0
полезные 0.003155 0.0 0.0
политика 0.003155 0.0 0.0
политикой 0.003155 0.0 0.0
полноприводными 0.003155 0.0 0.0
полёт 0.003155 0.0 0.0
полётов 0.003155 0.0 0.0
полёту 0.003155 3.912023 0.012341
попробовать 0.003155 0.0 0.0
популярная 0.003155 0.0 0.0
популярных 0.003155 0.0 0.0
пор 0.003155 0.0 0.0
посещать 0.003155 0.0 0.0
последних 0.003155 4.60517 0.014527
правила 0.003155 0.0 0.0
прайс 0.003155 0.0 0.0
предположительно 0.003155 3.506558 0.011062
представлен 0.003155 0.0 0.0
прерван 0.003155 4.60517 0.014527
прибавка 0.003155 0.0 0.0
привода 0.003155 0.0 0.0
приводили 0.003155 4.60517 0.014527
признал 0.003155 2.995732 0.00945
принтеры 0.003155 0.0 0.0
причины 0.003155 0.0 0.0
пробизнес 0.003155 0.0 0.0
проведения 0.003155 0.0 0.0
провела 0.003155 2.65926 0.008389
программы 0.003155 0.0 0.0
продавать 0.003155 0.0 0.0
продажи 0.003155 0.0 0.0
продолжая 0.003155 0.0 0.0
проектов 0.003155 0.0 0.0
проекторы 0.003155 0.0 0.0
проекты 0.003155 0.0 0.0
пролить 0.003155 0.0 0.0
процессы 0.003155 0.0 0.0
прошлом 0.003155 3.218876 0.010154
пт 0.003155 0.0 0.0
работы 0.003155 0.0 0.0
ракету 0.003155 2.995732 0.00945
реальных 0.003155 0.0 0.0
резко 0.003155 2.995732 0.00945
результаты 0.003155 0.0 0.0
реклама 0.003155 0.0 0.0
решает 0.003155 0.0 0.0
россии 0.003155 0.0 0.0
россияне 0.003155 0.0 0.0
рублей 0.003155 0.0 0.0
рынок 0.003155 0.0 0.0
сайте 0.003155 0.0 0.0
сайты 0.003155 0.0 0.0
самая 0.003155 0.0 0.0
самолётах 0.003155 0.0 0.0
самых 0.003155 0.0 0.0
сантиметров 0.003155 0.0 0.0
сб 0.003155 0.0 0.0
сбои 0.003155 3.912023 0.012341
сбора 0.003155 0.0 0.0
свет 0.003155 0.0 0.0
своей 0.003155 0.0 0.0
связи 0.003155 0.0 0.0
связь 0.003155 0.0 0.0
сдвинуть 0.003155 3.912023 0.012341
сегодня 0.003155 0.0 0.0
секунд 0.003155 1.832581 0.005781
секундах 0.003155 3.912023 0.012341
секунды 0.003155 2.207275 0.006963
серверы 0.003155 0.0 0.0
сервисы 0.003155 0.0 0.0
середину 0.003155 3.506558 0.011062
сертификацию 0.003155 0.0 0.0
сети 0.003155 0.0 0.0
систем 0.003155 0.653926 0.002063
системы 0.003155 1.469676 0.004636
сих 0.003155 2.407946 0.007596
скоро 0.003155 0.0 0.0
сложности 0.003155 0.0 0.0
снова 0.003155 0.0 0.0
советский 0.003155 0.0 0.0
соглашаетесь 0.003155 0.0 0.0
спасти 0.003155 0.0 0.0
ср 0.003155 0.0 0.0
сразу 0.003155 2.813411 0.008875
среда 0.003155 0.0 0.0
сроки 0.003155 2.525729 0.007968
ссылки 0.003155 0.0 0.0
стал 0.003155 0.0 0.0
стартуют 0.003155 0.0 0.0
статистика 0.003155 0.0 0.0
статьи 0.003155 0.0 0.0
стоимость 0.003155 0.0 0.0
сша 0.003155 0.0 0.0
тайконавты 0.003155 0.0 0.0
тв 0.003155 0.0 0.0
теги 0.003155 0.0 0.0
текст 0.003155 0.0 0.0
тест 0.003155 1.171183 0.003695
техас 0.003155 2.65926 0.008389
технический 0.003155 0.0 0.0
тим 0.003155 0.0 0.0
топ 0.003155 0.0 0.0
топлива 0.003155 2.65926 0.008389
точностью 0.003155 2.302585 0.007264
трансляции 0.003155 3.912023 0.012341
тыс 0.003155 0.0 0.0
убрали 0.003155 0.0 0.0
указывать 0.003155 3.912023 0.012341
умная 0.003155 3.506558 0.011062
упасть 0.003155 0.0 0.0
устройства 0.003155 0.0 0.0
ученым 0.003155 0.0 0.0
файлы 0.003155 0.0 0.0
флагманского 0.003155 0.0 0.0
фото 0.003155 0.0 0.0
фрагмент 0.003155 3.218876 0.010154
фундаментальные 0.003155 0.0 0.0
хитом 0.003155 0.0 0.0
цвет 0.003155 2.302585 0.007264
цены 0.003155 0.0 0.0
части 0.003155 0.0 0.0
часы 0.003155 2.65926 0.008389
человека 0.003155 0.0 0.0
чт 0.003155 0.0 0.0
шести 0.003155 2.65926 0.008389
штат 0.003155 2.813411 0.008875
экспорт 0.003155 0.0 0.0
эмбрионы 0.003155 0.0 0.0
эталона 0.003155 3.506558 0.011062
южной 0.003155 0.0 0.0
