авиалайнера 0.003436 0.0 0.0
австралии 0.003436 0.0 0.0
автоваз 0.003436 0.0 0.0
автоматом 0.003436 0.0 0.0
автономности 0.003436 4.60517 0.015825
автопроизводителя 0.003436 0.0 0.0
автор 0.003436 0.0 0.0
авторы 0.003436 0.0 0.0
администрацией 0.003436 0.0 0.0
адрес 0.003436 0.0 0.0
аккумулятор 0.003436 3.912023 0.013443
америке 0.003436 0.0 0.0
аналитики 0.003436 0.0 0.0
баллов 0.003436 4.60517 0.015825
белка 0.003436 0.0 0.0
биологические 0.003436 0.0 0.0
биологических 0.003436 0.0 0.0
ближнем 0.003436 0.0 0.0
блоги 0.003436 0.0 0.0
будут 0.003436 0.0 0.0
быстро 0.003436 0.0 0.0
быстрой 0.003436 3.506558 0.01205
весом 0.003436 0.0 0.0
видео 0.003436 0.0 0.0
видеокарты 0.003436 0.0 0.0
внедорожники 0.003436 0.0 0.0
возглавляла 0.003436 4.60517 0.015825
войти 0.003436 0.0 0.0
востоке 0.003436 0.0 0.0
вс 0.003436 0.0 0.0
всему 0.003436 0.0 0.0
вт 0.003436 0.0 0.0
второе 0.003436 3.912023 0.013443
входят 0.003436 0.0 0.0
выдает 0.003436 4.60517 0.015825
выделите 0.003436 0.0 0.0
выходит 0.003436 0.0 0.0
главную 0.003436 0.0 0.0
года 0.003436 0.0 0.0
данные 0.003436 0.0 0.0
данный 0.003436 0.0 0.0
данных 0.003436 0.0 0.0
двигатели 0.003436 0.0 0.0
двигатель 0.003436 0.0 0.0
двух 0.003436 0.0 0.0
дизайн 0.003436 0.0 0.0
директор 0.003436 0.0 0.0
долларов 0.003436 0.0 0.0
дом 0.003436 0.0 0.0
доминирует 0.003436 4.60517 0.015825
доставили 0.003436 0.0 0.0
достаточно 0.003436 2.525729 0.008679
достигает 0.003436 0.0 0.0
завершат 0.003436 0.0 0.0
занять 0.003436 4.60517 0.015825
зарядки 0.003436 3.912023 0.013443
защиты 0.003436 0.0 0.0
земле 0.003436 0.0 0.0
земли 0.003436 0.0 0.0
зонд 0.003436 0.0 0.0
зонда 0.003436 0.0 0.0
игры 0.003436 0.0 0.0
инновационный 0.003436 0.0 0.0
интересно 0.003436 3.912023 0.013443
информации 0.003436 0.0 0.0
использования 0.003436 0.0 0.0
исследований 0.003436 0.0 0.0
источник 0.003436 0.0 0.0
календарь 0.003436 0.0 0.0
категории 0.003436 0.0 0.0
кг 0.003436 0.0 0.0
километров 0.003436 0.0 0.0
классическим 0.003436 0.0 0.0
клон 0.003436 0.0 0.0
км 0.003436 1.309333 0.004499
комментирования 0.003436 0.0 0.0
компании 0.003436 1.347074 0.004629
комфортный 0.003436 0.0 0.0
конференция 0.003436 0.0 0.0
корее 0.003436 0.0 0.0
королем 0.003436 4.60517 0.015825
корпуса 0.003436 0.0 0.0
космос 0.003436 0.0 0.0
космоса 0.003436 0.0 0.0
кроссовера 0.003436 0.0 0.0
кроссоверы 0.003436 0.0 0.0
кубических 0.003436 0.0 0.0
куки 0.003436 0.0 0.0
летать 0.003436 0.0 0.0
лету 0.003436 0.0 0.0
листа 0.003436 0.0 0.0
мае 0.003436 0.0 0.0
май 0.003436 0.0 0.0
марка 0.003436 0.0 0.0
материалов 0.003436 0.0 0.0
машину 0.003436 0.0 0.0
мая 0.003436 0.0 0.0
межпланетный 0.003436 0.0 0.0
меняет 0.003436 0.0 0.0
место 0.003436 1.832581 0.006298
месяцев 0.003436 2.813411 0.009668
метрового 0.003436 0.0 0.0
миллионов 0.003436 0.0 0.0
миру 0.003436 0.0 0.0
млн 0.003436 1.108663 0.00381
мобильные 0.003436 0.0 0.0
могут 0.003436 0.0 0.0
моделей 0.003436 2.120264 0.007286
модель 0.003436 1.469676 0.00505
момент 0.003436 0.0 0.0
мониторы 0.003436 0.0 0.0
монстр 0.003436 1.832581 0.006298
мотобрендов 0.003436 0.0 0.0
мотоциклов 0.003436 0.0 0.0
мощная 0.003436 3.506558 0.01205
мощностью 0.003436 1.832581 0.006298
мощный 0.003436 2.995732 0.010295
мс 0.003436 0.0 0.0
мультимедиа 0.003436 0.0 0.0
нажмите 0.003436 0.0 0.0
назвал 0.003436 0.0 0.0
названием 0.003436 0.0 0.0
напомним 0.003436 3.506558 0.01205
нашей 0.003436 0.0 0.0
наши 0.003436 0.0 0.0
нашли 0.003436 0.0 0.0
несколько 0.003436 2.525729 0.008679
новейшая 0.003436 3.506558 0.01205
новейший 0.003436 2.995732 0.010295
новости 0.003436 0.0 0.0
новые 0.003436 0.0 0.0
новый 0.003436 0.0 0.0
новым 0.003436 1.714798 0.005893
носители 0.003436 0.0 0.0
ноутбуки 0.003436 0.0 0.0
нужны 0.003436 0.0 0.0
обзоры 0.003436 0.0 0.0
обработки 0.003436 0.0 0.0
образцы 0.003436 0.0 0.0
объявлена 0.003436 0.0 0.0
одноклассник 0.003436 0.0 0.0
однокристальной 0.003436 4.60517 0.015825
оказалось 0.003436 2.995732 0.010295
орбите 0.003436 0.0 0.0
ос 0.003436 0.0 0.0
основанный 0.003436 3.912023 0.013443
отдадут 0.003436 0.0 0.0
отечественного 0.003436 0.0 0.0
отказа 0.003436 0.0 0.0
отказались 0.003436 0.0 0.0
отключили 0.003436 0.0 0.0
очень 0.003436 0.0 0.0
ошибку 0.003436 0.0 0.0
первое 0.003436 3.506558 0.01205
переднего 0.003436 0.0 0.0
период 0.003436 0.0 0.0
периферия 0.003436 0.0 0.0
персональные 0.003436 0.0 0.0
персональных 0.003436 0.0 0.0
пиар 0.003436 0.0 0.0
пк 0.003436 0.0 0.0
планшеты 0.003436 0.0 0.0
платформа 0.003436 0.0 0.0
платформе 0.003436 2.65926 0.009138
пн 0.003436 0.0 0.0
повержен 0.003436 4.60517 0.015825
подвел 0.003436 0.0 0.0
поддержкой 0.003436 3.218876 0.011061
подешевел 0.003436 3.506558 0.01205
поднял 0.003436 0.0 0.0
подробнее 0.003436 0.0 0.0
поиск 0.003436 0.0 0.0
пока 0.003436 0.0 0.0
полезные 0.003436 0.0 0.0
политика 0.003436 0.0 0.0
политикой 0.003436 0.0 0.0
полнокровная 0.003436 3.506558 0.01205
полнокровной 0.003436 4.60517 0.015825
полноприводными 0.003436 0.0 0.0
полностью 0.003436 2.207275 0.007585
полным 0.003436 2.995732 0.010295
получил 0.003436 1.514128 0.005203
полётов 0.003436 0.0 0.0
попробовать 0.003436 0.0 0.0
популярная 0.003436 0.0 0.0
популярных 0.003436 0.0 0.0
посещать 0.003436 0.0 0.0
построена 0.003436 4.60517 0.015825
построены 0.003436 4.60517 0.015825
правила 0.003436 0.0 0.0
прайс 0.003436 0.0 0.0
представлен 0.003436 0.0 0.0
прибавка 0.003436 0.0 0.0
привода 0.003436 0.0 0.0
приводом 0.003436 2.525729 0.008679
принтеры 0.003436 0.0 0.0
причины 0.003436 0.0 0.0
пробизнес 0.003436 0.0 0.0
проведения 0.003436 0.0 0.0
программы 0.003436 0.0 0.0
продавать 0.003436 0.0 0.0
продажи 0.003436 0.0 0.0
продолжая 0.003436 0.0 0.0
проектов 0.003436 0.0 0.0
проекторы 0.003436 0.0 0.0
проекты 0.003436 0.0 0.0
производительности 0.003436 3.218876 0.011061
пролить 0.003436 0.0 0.0
процессы 0.003436 0.0 0.0
пт 0.003436 0.0 0.0
работы 0.003436 0.0 0.0
расходует 0.003436 3.506558 0.01205
реальных 0.003436 0.0 0.0
результаты 0.003436 0.0 0.0
рейтинг 0.003436 2.995732 0.010295
рейтинга 0.003436 4.60517 0.015825
рейтинге 0.003436 3.506558 0.01205
реклама 0.003436 0.0 0.0
решает 0.003436 0.0 0.0
россии 0.003436 0.0 0.0
россияне 0.003436 0.0 0.0
рублей 0.003436 0.0 0.0
рынок 0.003436 0.0 0.0
сайте 0.003436 0.0 0.0
сайты 0.003436 0.0 0.0
самая 0.003436 0.0 0.0
самолётах 0.003436 0.0 0.0
самый 0.003436 2.813411 0.009668
самых 0.003436 0.0 0.0
сантиметров 0.003436 0.0 0.0
сб 0.003436 0.0 0.0
сбора 0.003436 0.0 0.0
свежем 0.003436 3.506558 0.01205
свет 0.003436 0.0 0.0
своей 0.003436 0.0 0.0
связи 0.003436 0.0 0.0
связь 0.003436 0.0 0.0
сегмента 0.003436 4.60517 0.015825
сегодня 0.003436 0.0 0.0
серверы 0.003436 0.0 0.0
сервисы 0.003436 0.0 0.0
сертификацию 0.003436 0.0 0.0
сети 0.003436 0.0 0.0
скоро 0.003436 0.0 0.0
сложности 0.003436 0.0 0.0
смартфонов 0.003436 3.218876 0.011061
сместился 0.003436 4.60517 0.015825
снова 0.003436 0.0 0.0
советский 0.003436 0.0 0.0
соглашаетесь 0.003436 0.0 0.0
спасти 0.003436 0.0 0.0
ср 0.003436 0.0 0.0
среда 0.003436 0.0 0.0
ссылки 0.003436 0.0 0.0
стал 0.003436 0.0 0.0
стартуют 0.003436 0.0 0.0
статистика 0.003436 0.0 0.0
статьи 0.003436 0.0 0.0
степени 0.003436 3.506558 0.01205
стоимость 0.003436 0.0 0.0
субфлагман 0.003436 3.506558 0.01205
субфлагманов 0.003436 4.60517 0.015825
субфлагманская 0.003436 3.506558 0.01205
сша 0.003436 0.0 0.0
тайваньской 0.003436 4.60517 0.015825
тайконавты 0.003436 0.0 0.0
тв 0.003436 0.0 0.0
теги 0.003436 0.0 0.0
текст 0.003436 0.0 0.0
технический 0.003436 0.0 0.0
топ 0.003436 0.0 0.0
третьем 0.003436 3.218876 0.011061
тыс 0.003436 0.0 0.0
убрали 0.003436 0.0 0.0
упасть 0.003436 0.0 0.0
устройства 0.003436 0.0 0.0
ученым 0.003436 0.0 0.0
файлы 0.003436 0.0 0.0
флагманского 0.003436 0.0 0.0
фото 0.003436 0.0 0.0
фундаментальные 0.003436 0.0 0.0
хитом 0.003436 0.0 0.0
цены 0.003436 0.0 0.0
части 0.003436 0.0 0.0
человека 0.003436 0.0 0.0
чт 0.003436 0.0 0.0
экспорт 0.003436 0.0 0.0
эмбрионы 0.003436 0.0 0.0
эта 0.003436 1.514128 0.005203
южной 0.003436 0.0 0.0
ёмкостью 0.003436 4.60517 0.015825
