авиалайнера 0.003236 0.0 0.0
австралии 0.003236 0.0 0.0
автоваз 0.003236 0.0 0.0
автоматом 0.003236 0.0 0.0
автопроизводителя 0.003236 0.0 0.0
автор 0.003236 0.0 0.0
авторы 0.003236 0.0 0.0
администрацией 0.003236 0.0 0.0
адрес 0.003236 0.0 0.0
америке 0.003236 0.0 0.0
аналитики 0.003236 0.0 0.0
аномалия 0.003236 3.912023 0.01266
белка 0.003236 0.0 0.0
бесплатной 0.003236 3.506558 0.011348
биологические 0.003236 0.0 0.0
биологических 0.003236 0.0 0.0
ближнем 0.003236 0.0 0.0
блоги 0.003236 0.0 0.0
будут 0.003236 0.0 0.0
быстро 0.003236 0.0 0.0
великобритании 0.003236 3.506558 0.011348
весом 0.003236 0.0 0.0
видео 0.003236 0.0 0.0
видеокарты 0.003236 0.0 0.0
внедорожники 0.003236 0.0 0.0
войти 0.003236 0.0 0.0
вопросом 0.003236 2.995732 0.009695
востоке 0.003236 0.0 0.0
время 0.003236 1.427116 0.004618
вс 0.003236 0.0 0.0
всему 0.003236 0.0 0.0
вт 0.003236 0.0 0.0
входят 0.003236 0.0 0.0
выделите 0.003236 0.0 0.0
выхлопе 0.003236 3.912023 0.01266
выходит 0.003236 0.0 0.0
главную 0.003236 0.0 0.0
года 0.003236 0.0 0.0
голубой 0.003236 3.912023 0.01266
готовящегося 0.003236 3.506558 0.011348
данные 0.003236 0.0 0.0
данный 0.003236 0.0 0.0
данных 0.003236 0.0 0.0
двигателей 0.003236 2.525729 0.008174
двигатели 0.003236 0.0 0.0
двигатель 0.003236 0.0 0.0
двигателя 0.003236 1.89712 0.00614
двигателями 0.003236 2.65926 0.008606
двух 0.003236 0.0 0.0
девятому 0.003236 3.506558 0.011348
деградирует 0.003236 3.506558 0.011348
дизайн 0.003236 0.0 0.0
директор 0.003236 0.0 0.0
долларов 0.003236 0.0 0.0
дом 0.003236 0.0 0.0
доработки 0.003236 3.912023 0.01266
доставили 0.003236 0.0 0.0
достигает 0.003236 0.0 0.0
другие 0.003236 2.040221 0.006603
завершат 0.003236 0.0 0.0
закончился 0.003236 3.912023 0.01266
замена 0.003236 2.995732 0.009695
заметили 0.003236 3.912023 0.01266
запуск 0.003236 1.272966 0.00412
запустила 0.003236 2.65926 0.008606
зарядных 0.003236 3.218876 0.010417
защиты 0.003236 0.0 0.0
заявление 0.003236 4.60517 0.014903
земле 0.003236 0.0 0.0
земли 0.003236 0.0 0.0
зонд 0.003236 0.0 0.0
зонда 0.003236 0.0 0.0
игры 0.003236 0.0 0.0
изменился 0.003236 3.912023 0.01266
инновационный 0.003236 0.0 0.0
информации 0.003236 0.0 0.0
использования 0.003236 0.0 0.0
испытательному 0.003236 3.912023 0.01266
исследований 0.003236 0.0 0.0
источник 0.003236 0.0 0.0
кадр 0.003236 2.302585 0.007452
календарь 0.003236 0.0 0.0
категории 0.003236 0.0 0.0
кг 0.003236 0.0 0.0
километров 0.003236 0.0 0.0
классическим 0.003236 0.0 0.0
клон 0.003236 0.0 0.0
комментария 0.003236 4.60517 0.014903
комментирования 0.003236 0.0 0.0
комфортный 0.003236 0.0 0.0
конференция 0.003236 0.0 0.0
корее 0.003236 0.0 0.0
корпуса 0.003236 0.0 0.0
космос 0.003236 0.0 0.0
космоса 0.003236 0.0 0.0
кроссовера 0.003236 0.0 0.0
кроссоверы 0.003236 0.0 0.0
кубических 0.003236 0.0 0.0
куки 0.003236 0.0 0.0
летать 0.003236 0.0 0.0
лету 0.003236 0.0 0.0
листа 0.003236 0.0 0.0
мае 0.003236 0.0 0.0
май 0.003236 0.0 0.0
майский 0.003236 3.506558 0.011348
марка 0.003236 0.0 0.0
материалов 0.003236 0.0 0.0
машину 0.003236 0.0 0.0
мая 0.003236 0.0 0.0
межпланетный 0.003236 0.0 0.0
меняет 0.003236 0.0 0.0
метрового 0.003236 0.0 0.0
миллионов 0.003236 0.0 0.0
минимума 0.003236 3.506558 0.011348
миру 0.003236 0.0 0.0
мобильные 0.003236 0.0 0.0
могут 0.003236 0.0 0.0
модели 0.003236 1.139434 0.003687
момент 0.003236 0.0 0.0
мониторы 0.003236 0.0 0.0
мотобрендов 0.003236 0.0 0.0
мотоциклов 0.003236 0.0 0.0
мс 0.003236 0.0 0.0
мультимедиа 0.003236 0.0 0.0
нажмите 0.003236 0.0 0.0
назвал 0.003236 0.0 0.0
названием 0.003236 0.0 0.0
намечен 0.003236 4.60517 0.014903
напомним 0.003236 3.506558 0.011348
нашей 0.003236 0.0 0.0
наши 0.003236 0.0 0.0
нашли 0.003236 0.0 0.0
неисправностью 0.003236 4.60517 0.014903
немедленно 0.003236 4.60517 0.014903
неполадки 0.003236 3.218876 0.010417
нецелесообразно 0.003236 3.506558 0.011348
новейшей 0.003236 3.506558 0.011348
новости 0.003236 0.0 0.0
новые 0.003236 0.0 0.0
новый 0.003236 0.0 0.0
носители 0.003236 0.0 0.0
ноутбуки 0.003236 0.0 0.0
нужны 0.003236 0.0 0.0
обзоры 0.003236 0.0 0.0
обработки 0.003236 0.0 0.0
образцы 0.003236 0.0 0.0
объявлена 0.003236 0.0 0.0
одноклассник 0.003236 0.0 0.0
опубликовала 0.003236 4.60517 0.014903
оранжевого 0.003236 3.912023 0.01266
орбите 0.003236 0.0 0.0
ос 0.003236 0.0 0.0
осколок 0.003236 2.813411 0.009105
остановлен 0.003236 4.60517 0.014903
отдадут 0.003236 0.0 0.0
отечественного 0.003236 0.0 0.0
отказа 0.003236 0.0 0.0
отказались 0.003236 0.0 0.0
отключили 0.003236 0.0 0.0
официального 0.003236 3.218876 0.010417
официальное 0.003236 3.912023 0.01266
очень 0.003236 0.0 0.0
ошибку 0.003236 0.0 0.0
переднего 0.003236 0.0 0.0
период 0.003236 0.0 0.0
периферия 0.003236 0.0 0.0
персональные 0.003236 0.0 0.0
персональных 0.003236 0.0 0.0
пиар 0.003236 0.0 0.0
пк 0.003236 0.0 0.0
пламени 0.003236 3.912023 0.01266
планируемого 0.003236 4.60517 0.014903
планшеты 0.003236 0.0 0.0
платформа 0.003236 0.0 0.0
пн 0.003236 0.0 0.0
повреждением 0.003236 2.995732 0.009695
подвел 0.003236 0.0 0.0
поднял 0.003236 0.0 0.0
подробнее 0.003236 0.0 0.0
поиск 0.003236 0.0 0.0
пока 0.003236 0.0 0.0
полезные 0.003236 0.0 0.0
политика 0.003236 0.0 0.0
политикой 0.003236 0.0 0.0
полноприводными 0.003236 0.0 0.0
полёт 0.003236 0.0 0.0
полётов 0.003236 0.0 0.0
полёту 0.003236 3.912023 0.01266
попробовать 0.003236 0.0 0.0
популярная 0.003236 0.0 0.0
популярные 0.003236 2.813411 0.009105
популярных 0.003236 0.0 0.0
посещать 0.003236 0.0 0.0
потребуется 0.003236 3.912023 0.01266
появились 0.003236 2.813411 0.009105
правила 0.003236 0.0 0.0
прайс 0.003236 0.0 0.0
предположительно 0.003236 3.506558 0.011348
представлен 0.003236 0.0 0.0
прибавка 0.003236 0.0 0.0
привода 0.003236 0.0 0.0
принтеры 0.003236 0.0 0.0
причины 0.003236 0.0 0.0
пробизнес 0.003236 0.0 0.0
проведения 0.003236 0.0 0.0
провела 0.003236 2.65926 0.008606
программы 0.003236 0.0 0.0
продавать 0.003236 0.0 0.0
продажи 0.003236 0.0 0.0
продолжая 0.003236 0.0 0.0
проектов 0.003236 0.0 0.0
проекторы 0.003236 0.0 0.0
проекты 0.003236 0.0 0.0
прожиг 0.003236 3.218876 0.010417
прожига 0.003236 4.60517 0.014903
производство 0.003236 2.302585 0.007452
произошли 0.003236 4.60517 0.014903
пролить 0.003236 0.0 0.0
прототипа 0.003236 4.60517 0.014903
процессы 0.003236 0.0 0.0
пт 0.003236 0.0 0.0
работать 0.003236 2.65926 0.008606
работы 0.003236 0.0 0.0
раздают 0.003236 3.506558 0.011348
ракеты 0.003236 2.040221 0.006603
раньше 0.003236 2.995732 0.009695
реальных 0.003236 0.0 0.0
результаты 0.003236 0.0 0.0
реклама 0.003236 0.0 0.0
решает 0.003236 0.0 0.0
россии 0.003236 0.0 0.0
россияне 0.003236 0.0 0.0
рублей 0.003236 0.0 0.0
рынок 0.003236 0.0 0.0
сайте 0.003236 0.0 0.0
сайты 0.003236 0.0 0.0
самая 0.003236 0.0 0.0
самолётах 0.003236 0.0 0.0
самых 0.003236 0.0 0.0
сантиметров 0.003236 0.0 0.0
сб 0.003236 0.0 0.0
сбора 0.003236 0.0 0.0
сведения 0.003236 4.60517 0.014903
свет 0.003236 0.0 0.0
своей 0.003236 0.0 0.0
связана 0.003236 4.60517 0.014903
связи 0.003236 0.0 0.0
связь 0.003236 0.0 0.0
сдвинуться 0.003236 4.60517 0.014903
сегодня 0.003236 0.0 0.0
секундах 0.003236 3.912023 0.01266
серверы 0.003236 0.0 0.0
сервисы 0.003236 0.0 0.0
середину 0.003236 3.506558 0.011348
сертификацию 0.003236 0.0 0.0
серьёзные 0.003236 4.60517 0.014903
сети 0.003236 0.0 0.0
скидками 0.003236 2.813411 0.009105
склад 0.003236 2.995732 0.009695
скоро 0.003236 0.0 0.0
сложности 0.003236 0.0 0.0
снова 0.003236 0.0 0.0
советский 0.003236 0.0 0.0
соглашаетесь 0.003236 0.0 0.0
сократил 0.003236 2.995732 0.009695
спасти 0.003236 0.0 0.0
ср 0.003236 0.0 0.0
среда 0.003236 0.0 0.0
сроки 0.003236 2.525729 0.008174
ссылки 0.003236 0.0 0.0
стал 0.003236 0.0 0.0
станций 0.003236 3.218876 0.010417
стартуют 0.003236 0.0 0.0
статистика 0.003236 0.0 0.0
статический 0.003236 3.912023 0.01266
статьи 0.003236 0.0 0.0
стоимость 0.003236 0.0 0.0
сша 0.003236 0.0 0.0
тайконавты 0.003236 0.0 0.0
тв 0.003236 0.0 0.0
теги 0.003236 0.0 0.0
текст 0.003236 0.0 0.0
технический 0.003236 0.0 0.0
топ 0.003236 0.0 0.0
топлива 0.003236 2.65926 0.008606
турбонасоса 0.003236 4.60517 0.014903
тыс 0.003236 0.0 0.0
убрали 0.003236 0.0 0.0
упасть 0.003236 0.0 0.0
установкой 0.003236 2.995732 0.009695
устройства 0.003236 0.0 0.0
утечкой 0.003236 4.60517 0.014903
ученым 0.003236 0.0 0.0
файлы 0.003236 0.0 0.0
финальных 0.003236 3.506558 0.011348
флагманского 0.003236 0.0 0.0
фото 0.003236 0.0 0.0
фундаментальные 0.003236 0.0 0.0
хитом 0.003236 0.0 0.0
цвет 0.003236 2.302585 0.007452
цены 0.003236 0.0 0.0
части 0.003236 0.0 0.0
часть 0.003236 2.407946 0.007793
человека 0.003236 0.0 0.0
чт 0.003236 0.0 0.0
шести 0.003236 2.65926 0.008606
экспорт 0.003236 0.0 0.0
эмбрионы 0.003236 0.0 0.0
южной 0.003236 0.0 0.0
