авиалайнер 0.003067 0.0 0.0
австралия 0.003067 0.0 0.0
автоваз 0.006135 0.0 0.0
автомат 0.003067 0.0 0.0
автопроизводитель 0.003067 0.0 0.0
автор 0.009202 0.0 0.0
администрация 0.003067 0.0 0.0
адрес 0.006135 0.0 0.0
америка 0.003067 0.0 0.0
аналитик 0.003067 0.0 0.0
база 0.006135 2.65926 0.016314
белок 0.003067 0.0 0.0
бесперебойный 0.003067 4.60517 0.014126
биологический 0.006135 0.0 0.0
ближний 0.003067 0.0 0.0
близкий 0.003067 2.813411 0.00863
блог 0.003067 0.0 0.0
будущее 0.003067 2.407946 0.007386
быстро 0.006135 0.0 0.0
быстрый 0.003067 2.407946 0.007386
быть 0.003067 0.0 0.0
вдвое 0.006135 2.995732 0.018379
версия 0.009202 2.120264 0.019512
вес 0.003067 0.0 0.0
весь 0.003067 0.0 0.0
взаимодействие 0.006135 3.506558 0.021513
видеокарта 0.003067 0.0 0.0
внедорожник 0.003067 0.0 0.0
войти 0.006135 0.0 0.0
восток 0.003067 0.0 0.0
время 0.006135 1.427116 0.008755
вступить 0.003067 4.60517 0.014126
второй 0.003067 2.302585 0.007063
входить 0.003067 0.0 0.0
выделить 0.003067 0.0 0.0
выпустить 0.006135 3.506558 0.021513
выход 0.006135 0.0 0.0
выходить 0.003067 0.0 0.0
главный 0.003067 0.0 0.0
год 0.003067 0.0 0.0
данные 0.006135 0.0 0.0
двигатель 0.009202 0.0 0.0
дизайн 0.006135 0.0 0.0
директор 0.006135 0.0 0.0
доллар 0.003067 0.0 0.0
дом 0.006135 0.0 0.0
доставить 0.003067 0.0 0.0
достигать 0.003067 0.0 0.0
завершить 0.003067 0.0 0.0
запуск 0.009202 1.272966 0.011714
запустить 0.003067 2.995732 0.009189
защита 0.003067 0.0 0.0
заявлять 0.003067 3.506558 0.010756
земля 0.006135 0.0 0.0
зонд 0.009202 0.0 0.0
игра 0.003067 0.0 0.0
инновационный 0.006135 0.0 0.0
информация 0.003067 0.0 0.0
исполнительный 0.006135 4.60517 0.028253
использование 0.009202 0.0 0.0
использовать 0.006135 2.525729 0.015495
исследование 0.003067 0.0 0.0
истечь 0.003067 4.60517 0.014126
история 0.003067 2.995732 0.009189
источник 0.006135 0.0 0.0
каждый 0.006135 2.525729 0.015495
календарь 0.006135 0.0 0.0
калифорнийский 0.003067 3.506558 0.010756
категория 0.003067 0.0 0.0
кг 0.006135 0.0 0.0
километр 0.003067 0.0 0.0
классический 0.006135 0.0 0.0
клон 0.006135 0.0 0.0
комментирование 0.003067 0.0 0.0
компания 0.009202 0.71335 0.006565
компьютер 0.003067 2.207275 0.006771
комфортный 0.006135 0.0 0.0
конференция 0.006135 0.0 0.0
корея 0.003067 0.0 0.0
корпус 0.003067 0.0 0.0
космос 0.009202 0.0 0.0
который 0.003067 0.891598 0.002735
кроссовер 0.006135 0.0 0.0
кубический 0.003067 0.0 0.0
кук 0.003067 0.0 0.0
летать 0.006135 0.0 0.0
лист 0.003067 0.0 0.0
лицензия 0.006135 4.60517 0.028253
май 0.009202 0.0 0.0
марк 0.003067 0.0 0.0
материал 0.003067 0.0 0.0
машина 0.003067 0.0 0.0
межпланетный 0.006135 0.0 0.0
менять 0.003067 0.0 0.0
миллион 0.003067 0.0 0.0
мир 0.003067 0.0 0.0
мобильный 0.006135 0.0 0.0
момент 0.006135 0.0 0.0
монитор 0.003067 0.0 0.0
мотобренд 0.003067 0.0 0.0
мотоцикл 0.003067 0.0 0.0
мочь 0.003067 0.0 0.0
мощный 0.003067 2.407946 0.007386
нажать 0.003067 0.0 0.0
название 0.003067 0.0 0.0
назвать 0.003067 0.0 0.0
наслать 0.003067 0.0 0.0
начало 0.003067 2.813411 0.00863
начаться 0.003067 3.506558 0.010756
наш 0.006135 0.0 0.0
недавно 0.006135 2.813411 0.01726
новость 0.003067 0.0 0.0
новый 0.009202 0.0 0.0
ноутбук 0.009202 0.0 0.0
нужный 0.003067 0.0 0.0
обеспечение 0.003067 2.813411 0.00863
обзор 0.003067 0.0 0.0
обработка 0.003067 0.0 0.0
образец 0.003067 0.0 0.0
объявить 0.009202 0.0 0.0
одноклассник 0.006135 0.0 0.0
ожидаться 0.003067 2.813411 0.00863
орбита 0.003067 0.0 0.0
отдать 0.003067 0.0 0.0
отечественный 0.003067 0.0 0.0
отказ 0.003067 0.0 0.0
отказаться 0.003067 0.0 0.0
отключить 0.003067 0.0 0.0
официальный 0.003067 3.912023 0.012
очень 0.006135 0.0 0.0
ошибка 0.003067 0.0 0.0
первый 0.003067 1.89712 0.005819
переводить 0.003067 3.506558 0.010756
передний 0.003067 0.0 0.0
перейти 0.003067 4.60517 0.014126
период 0.006135 0.0 0.0
периферия 0.006135 0.0 0.0
персональный 0.006135 0.0 0.0
пиар 0.006135 0.0 0.0
писать 0.003067 3.912023 0.012
планшет 0.006135 0.0 0.0
платформа 0.006135 0.0 0.0
подвести 0.003067 0.0 0.0
поднять 0.003067 0.0 0.0
подробный 0.003067 0.0 0.0
поиск 0.006135 0.0 0.0
пока 0.006135 0.0 0.0
полезный 0.003067 0.0 0.0
политика 0.009202 0.0 0.0
полноприводный 0.003067 0.0 0.0
полностью 0.006135 2.207275 0.013542
пользователь 0.003067 2.525729 0.007748
пользовательский 0.003067 3.912023 0.012
полёт 0.003067 0.0 0.0
попробовать 0.006135 0.0 0.0
популярный 0.006135 0.0 0.0
посещать 0.006135 0.0 0.0
праздник 0.003067 3.912023 0.012
прайс 0.006135 0.0 0.0
председатель 0.006135 4.60517 0.028253
представить 0.006135 0.0 0.0
прибавка 0.006135 0.0 0.0
привод 0.003067 0.0 0.0
приложение 0.003067 3.912023 0.012
принтер 0.003067 0.0 0.0
пробизнес 0.006135 0.0 0.0
проведение 0.003067 0.0 0.0
программа 0.003067 0.0 0.0
программный 0.003067 3.912023 0.012
продавать 0.006135 0.0 0.0
продажа 0.003067 0.0 0.0
продолжать 0.009202 0.0 0.0
проект 0.006135 0.0 0.0
проектор 0.003067 0.0 0.0
производитель 0.006135 1.966113 0.012062
пролить 0.006135 0.0 0.0
прорыв 0.003067 1.714798 0.00526
процесс 0.003067 0.0 0.0
работа 0.003067 0.0 0.0
различный 0.003067 4.60517 0.014126
разработать 0.003067 3.506558 0.010756
ранее 0.006135 1.771957 0.010871
реактор 0.006135 2.65926 0.016314
реализация 0.003067 3.912023 0.012
реальный 0.003067 0.0 0.0
результат 0.003067 0.0 0.0
реклама 0.006135 0.0 0.0
решать 0.003067 0.0 0.0
россия 0.003067 0.0 0.0
россиянин 0.003067 0.0 0.0
рост 0.003067 0.755023 0.002316
рубль 0.003067 0.0 0.0
рынок 0.006135 0.0 0.0
сайт 0.006135 0.0 0.0
самолёт 0.003067 0.0 0.0
самый 0.006135 0.0 0.0
сантиметр 0.003067 0.0 0.0
сбор 0.003067 0.0 0.0
свет 0.006135 0.0 0.0
связь 0.009202 0.0 0.0
сегодня 0.006135 0.0 0.0
сервер 0.003067 0.0 0.0
сервис 0.003067 0.0 0.0
сертификация 0.003067 0.0 0.0
сеть 0.003067 0.0 0.0
синтез 0.003067 2.407946 0.007386
система 0.003067 1.347074 0.004132
скоро 0.006135 0.0 0.0
смартфон 0.006135 2.302585 0.014126
смочь 0.003067 2.995732 0.009189
снова 0.006135 0.0 0.0
советский 0.006135 0.0 0.0
современный 0.003067 2.207275 0.006771
соглашаться 0.003067 0.0 0.0
соответствовать 0.006135 4.60517 0.028253
спасти 0.006135 0.0 0.0
специально 0.006135 3.506558 0.021513
сразу 0.006135 2.813411 0.01726
среда 0.006135 0.0 0.0
ссылка 0.003067 0.0 0.0
становиться 0.003067 3.506558 0.010756
стартовать 0.003067 0.0 0.0
статистика 0.006135 0.0 0.0
стать 0.003067 0.0 0.0
статья 0.003067 0.0 0.0
стоимость 0.006135 0.0 0.0
тайконавт 0.003067 0.0 0.0
тег 0.003067 0.0 0.0
текст 0.006135 0.0 0.0
телефон 0.003067 4.60517 0.014126
термоядерный 0.003067 2.813411 0.00863
технический 0.006135 0.0 0.0
токамак 0.003067 3.506558 0.010756
топ 0.006135 0.0 0.0
тыс 0.006135 0.0 0.0
убрать 0.003067 0.0 0.0
удалить 0.003067 4.60517 0.014126
упасть 0.006135 0.0 0.0
управляемый 0.003067 3.218876 0.009874
устройство 0.003067 0.0 0.0
уходить 0.003067 3.506558 0.010756
файл 0.003067 0.0 0.0
фактически 0.006135 3.912023 0.024
финальный 0.003067 3.506558 0.010756
флагманский 0.003067 0.0 0.0
фундаментальный 0.003067 0.0 0.0
хит 0.003067 0.0 0.0
человек 0.003067 0.0 0.0
чэндун 0.006135 4.60517 0.028253
экосистема 0.003067 3.218876 0.009874
экспорт 0.006135 0.0 0.0
эмбрион 0.003067 0.0 0.0
эмулятор 0.006135 4.60517 0.028253
эра 0.003067 2.525729 0.007748
этап 0.003067 2.207275 0.006771
южный 0.003067 0.0 0.0
