авиалайнер 0.002151 0.0 0.0
австралия 0.002151 0.0 0.0
автоваз 0.004301 0.0 0.0
автомат 0.002151 0.0 0.0
автоматизация 0.002151 2.813411 0.00605
автомобиль 0.002151 1.560648 0.003356
автопроизводитель 0.002151 0.0 0.0
автор 0.006452 0.0 0.0
администрация 0.002151 0.0 0.0
адрес 0.004301 0.0 0.0
активно 0.004301 2.407946 0.010357
активный 0.002151 3.506558 0.007541
актуальный 0.002151 3.912023 0.008413
америка 0.002151 0.0 0.0
аналитик 0.002151 0.0 0.0
андерс 0.004301 3.912023 0.016826
белок 0.002151 0.0 0.0
бестселлер 0.002151 3.218876 0.006922
бизнес 0.004301 0.0 0.0
биологический 0.004301 0.0 0.0
ближний 0.002151 0.0 0.0
близко 0.004301 4.60517 0.019807
блог 0.002151 0.0 0.0
большинство 0.004301 3.218876 0.013845
бот 0.002151 0.0 0.0
бум 0.002151 3.506558 0.007541
бухгалтер 0.002151 4.60517 0.009904
быстро 0.004301 0.0 0.0
быть 0.002151 0.0 0.0
вес 0.002151 0.0 0.0
вестергаард 0.004301 4.60517 0.019807
весь 0.002151 0.0 0.0
взаимодействовать 0.002151 3.912023 0.008413
взять 0.004301 4.60517 0.019807
видеокарта 0.002151 0.0 0.0
влияние 0.004301 3.506558 0.015082
влиять 0.002151 2.813411 0.00605
внедорожник 0.002151 0.0 0.0
внедрение 0.006452 2.65926 0.017157
внедрять 0.002151 3.912023 0.008413
внимание 0.004301 2.65926 0.011438
войти 0.004301 0.0 0.0
восток 0.002151 0.0 0.0
время 0.006452 1.139434 0.007351
входить 0.002151 0.0 0.0
вывод 0.004301 2.65926 0.011438
выгода 0.002151 4.60517 0.009904
выделить 0.002151 0.0 0.0
высвободить 0.002151 4.60517 0.009904
высокий 0.002151 3.912023 0.008413
выходить 0.002151 0.0 0.0
выявление 0.004301 3.912023 0.016826
гарантия 0.002151 3.506558 0.007541
генеративный 0.004301 3.218876 0.013845
главный 0.002151 0.0 0.0
говориться 0.002151 4.60517 0.009904
год 0.006452 0.0 0.0
дания 0.002151 1.560648 0.003356
данные 0.004301 0.0 0.0
двигатель 0.006452 0.0 0.0
двухлетний 0.002151 3.506558 0.007541
день 0.004301 2.207275 0.009494
дизайн 0.004301 0.0 0.0
директор 0.004301 0.0 0.0
добавить 0.002151 2.65926 0.005719
должный 0.002151 2.813411 0.00605
доллар 0.002151 0.0 0.0
дом 0.004301 0.0 0.0
дополнительный 0.004301 3.912023 0.016826
доставить 0.002151 0.0 0.0
достигать 0.002151 0.0 0.0
доход 0.006452 3.506558 0.022623
другой 0.002151 1.771957 0.003811
завершить 0.002151 0.0 0.0
задача 0.006452 1.609438 0.010383
занятость 0.004301 3.506558 0.015082
запас 0.002151 2.120264 0.00456
заработный 0.002151 4.60517 0.009904
зарплата 0.002151 3.506558 0.007541
зафиксировать 0.002151 3.912023 0.008413
защита 0.002151 0.0 0.0
заявление 0.002151 3.912023 0.008413
земля 0.004301 0.0 0.0
зонд 0.006452 0.0 0.0
игра 0.002151 0.0 0.0
издержка 0.002151 4.60517 0.009904
изучить 0.002151 3.506558 0.007541
иллюстрация 0.004301 2.120264 0.009119
инвестор 0.002151 3.506558 0.007541
инновационный 0.004301 0.0 0.0
инструмент 0.002151 1.89712 0.00408
интегрировать 0.004301 2.813411 0.012101
информация 0.002151 0.0 0.0
использование 0.006452 0.0 0.0
исследование 0.010753 0.0 0.0
исторический 0.002151 3.912023 0.008413
источник 0.004301 0.0 0.0
итог 0.002151 2.813411 0.00605
календарь 0.004301 0.0 0.0
категория 0.002151 0.0 0.0
качество 0.004301 3.506558 0.015082
кг 0.004301 0.0 0.0
километр 0.002151 0.0 0.0
китай 0.002151 1.07881 0.00232
классический 0.002151 0.0 0.0
клон 0.004301 0.0 0.0
км 0.004301 1.309333 0.005632
комментирование 0.002151 0.0 0.0
компания 0.006452 0.693147 0.004472
комплексный 0.002151 4.60517 0.009904
комфортный 0.004301 0.0 0.0
контент 0.002151 3.506558 0.007541
конференция 0.004301 0.0 0.0
копенгагенский 0.004301 4.60517 0.019807
корея 0.002151 0.0 0.0
корпус 0.002151 0.0 0.0
космос 0.006452 0.0 0.0
который 0.002151 0.891598 0.001917
кроссовер 0.004301 0.0 0.0
кубический 0.002151 0.0 0.0
кук 0.002151 0.0 0.0
летать 0.004301 0.0 0.0
лист 0.002151 0.0 0.0
любой 0.002151 3.912023 0.008413
май 0.006452 0.0 0.0
макроуровень 0.002151 3.912023 0.008413
маленький 0.002151 2.407946 0.005178
марк 0.002151 0.0 0.0
маркетолог 0.002151 4.60517 0.009904
масштабирование 0.002151 3.506558 0.007541
материал 0.002151 0.0 0.0
машина 0.004301 0.0 0.0
межпланетный 0.004301 0.0 0.0
менять 0.002151 0.0 0.0
методология 0.002151 4.60517 0.009904
миллион 0.002151 0.0 0.0
мир 0.002151 0.0 0.0
мобильный 0.002151 0.0 0.0
момент 0.004301 0.0 0.0
монитор 0.002151 0.0 0.0
мотобренд 0.002151 0.0 0.0
мотоцикл 0.002151 0.0 0.0
мочь 0.002151 0.0 0.0
нагрузка 0.002151 2.995732 0.006442
нажать 0.002151 0.0 0.0
название 0.002151 0.0 0.0
назвать 0.002151 0.0 0.0
налоговый 0.002151 4.60517 0.009904
написание 0.004301 4.60517 0.019807
направление 0.002151 3.506558 0.007541
напрямую 0.004301 3.506558 0.015082
наслать 0.002151 0.0 0.0
начинать 0.002151 3.218876 0.006922
наш 0.004301 0.0 0.0
неделя 0.002151 3.912023 0.008413
нейросеть 0.002151 4.60517 0.009904
нивелировать 0.002151 4.60517 0.009904
новость 0.002151 0.0 0.0
новый 0.008602 0.0 0.0
ном 0.004301 0.462035 0.001987
ноутбук 0.002151 0.0 0.0
нужный 0.002151 0.0 0.0
нуль 0.002151 4.60517 0.009904
обзор 0.002151 0.0 0.0
обработка 0.002151 0.0 0.0
образец 0.002151 0.0 0.0
обратить 0.002151 4.60517 0.009904
объявить 0.002151 0.0 0.0
объяснять 0.002151 2.995732 0.006442
обязанность 0.002151 4.60517 0.009904
ограничение 0.002151 2.525729 0.005432
один 0.002151 1.560648 0.003356
одноклассник 0.004301 0.0 0.0
опрос 0.002151 1.514128 0.003256
орбита 0.002151 0.0 0.0
осваивать 0.002151 4.60517 0.009904
основать 0.002151 4.60517 0.009904
основный 0.002151 3.912023 0.008413
особенно 0.004301 1.609438 0.006922
оставаться 0.002151 1.966113 0.004228
отдать 0.002151 0.0 0.0
отечественный 0.002151 0.0 0.0
отказ 0.002151 0.0 0.0
отказаться 0.002151 0.0 0.0
отключить 0.002151 0.0 0.0
отметить 0.004301 1.427116 0.006138
отрицать 0.002151 4.60517 0.009904
отчёт 0.002151 3.218876 0.006922
официально 0.004301 1.966113 0.008456
охватить 0.002151 4.60517 0.009904
оценить 0.002151 3.506558 0.007541
очень 0.004301 0.0 0.0
ошибка 0.002151 0.0 0.0
парадокс 0.004301 4.60517 0.019807
первый 0.002151 2.207275 0.004747
передать 0.004301 3.912023 0.016826
передний 0.002151 0.0 0.0
перенаправляться 0.002151 4.60517 0.009904
переписка 0.002151 4.60517 0.009904
перераспределять 0.002151 4.60517 0.009904
пересмотреть 0.004301 2.813411 0.012101
период 0.004301 0.0 0.0
периферия 0.004301 0.0 0.0
персональный 0.004301 0.0 0.0
пиар 0.004301 0.0 0.0
плагиат 0.002151 4.60517 0.009904
планшет 0.002151 0.0 0.0
плата 0.002151 3.506558 0.007541
платформа 0.004301 0.0 0.0
повлиять 0.004301 2.995732 0.012885
повышение 0.002151 2.995732 0.006442
поглощаться 0.002151 4.60517 0.009904
подвести 0.002151 0.0 0.0
поднять 0.002151 0.0 0.0
подробный 0.002151 0.0 0.0
подход 0.002151 1.89712 0.00408
подчёркивать 0.002151 2.995732 0.006442
поиск 0.004301 0.0 0.0
пока 0.004301 0.0 0.0
показать 0.002151 2.302585 0.004952
полезный 0.002151 0.0 0.0
политика 0.006452 0.0 0.0
полноприводный 0.002151 0.0 0.0
полностью 0.004301 2.207275 0.009494
пользователь 0.002151 2.525729 0.005432
полёт 0.002151 0.0 0.0
помогать 0.002151 3.506558 0.007541
понимать 0.004301 4.60517 0.019807
попробовать 0.004301 0.0 0.0
популярный 0.004301 0.0 0.0
посещать 0.004301 0.0 0.0
потенциал 0.006452 2.525729 0.016295
потенциальный 0.002151 3.912023 0.008413
пояснить 0.002151 2.040221 0.004388
прайс 0.004301 0.0 0.0
практически 0.004301 2.995732 0.012885
представить 0.002151 0.0 0.0
предупредить 0.002151 4.60517 0.009904
предыдущий 0.002151 4.60517 0.009904
преимущество 0.002151 2.813411 0.00605
преподаватель 0.002151 4.60517 0.009904
прибавка 0.004301 0.0 0.0
привести 0.002151 2.995732 0.006442
привод 0.002151 0.0 0.0
призывать 0.002151 4.60517 0.009904
пример 0.002151 1.660731 0.003571
принтер 0.002151 0.0 0.0
прислать 0.002151 3.912023 0.008413
пробизнес 0.004301 0.0 0.0
проведение 0.002151 0.0 0.0
проверка 0.006452 3.506558 0.022623
проверять 0.002151 3.912023 0.008413
программа 0.002151 0.0 0.0
продавать 0.004301 0.0 0.0
продажа 0.002151 0.0 0.0
продать 0.002151 2.995732 0.006442
продолжать 0.002151 0.0 0.0
проект 0.004301 0.0 0.0
проектор 0.002151 0.0 0.0
производительность 0.002151 2.813411 0.00605
пролить 0.004301 0.0 0.0
промптов 0.004301 3.912023 0.016826
противоречить 0.002151 4.60517 0.009904
профессия 0.002151 4.60517 0.009904
процесс 0.006452 0.0 0.0
работа 0.004301 0.0 0.0
работник 0.004301 3.912023 0.016826
рабочий 0.002151 4.60517 0.009904
различие 0.002151 4.60517 0.009904
разочарование 0.004301 4.60517 0.019807
распродавать 0.002151 3.506558 0.007541
реальность 0.002151 3.506558 0.007541
реальный 0.002151 0.0 0.0
результат 0.002151 0.0 0.0
резюмировать 0.002151 4.60517 0.009904
реклама 0.004301 0.0 0.0
рекорд 0.004301 2.120264 0.009119
ресурс 0.002151 2.525729 0.005432
решать 0.004301 0.0 0.0
россия 0.002151 0.0 0.0
россиянин 0.002151 0.0 0.0
рост 0.008602 0.755023 0.006495
рубль 0.002151 0.0 0.0
рынок 0.006452 0.0 0.0
сайт 0.004301 0.0 0.0
самолёт 0.002151 0.0 0.0
самый 0.004301 0.0 0.0
сантиметр 0.002151 0.0 0.0
сбор 0.002151 0.0 0.0
свет 0.006452 0.0 0.0
связь 0.006452 0.0 0.0
сегодня 0.004301 0.0 0.0
сервер 0.002151 0.0 0.0
сервис 0.002151 0.0 0.0
сертификация 0.002151 0.0 0.0
сеть 0.002151 0.0 0.0
система 0.002151 0.653926 0.001406
скидка 0.002151 2.65926 0.005719
скоро 0.004301 0.0 0.0
снова 0.004301 0.0 0.0
советский 0.004301 0.0 0.0
соглашаться 0.002151 0.0 0.0
создавать 0.002151 2.995732 0.006442
сокращение 0.002151 3.218876 0.006922
составить 0.002151 3.218876 0.006922
сотрудник 0.008602 3.218876 0.027689
спасти 0.004301 0.0 0.0
специалист 0.002151 2.813411 0.00605
сравнить 0.002151 3.912023 0.008413
среда 0.004301 0.0 0.0
средний 0.002151 3.912023 0.008413
ссылка 0.002151 0.0 0.0
стартовать 0.002151 0.0 0.0
статистика 0.004301 0.0 0.0
стать 0.004301 0.0 0.0
статья 0.002151 0.0 0.0
стоимость 0.004301 0.0 0.0
столкнуться 0.002151 4.60517 0.009904
структурный 0.002151 4.60517 0.009904
студенческий 0.002151 4.60517 0.009904
сфера 0.002151 2.813411 0.00605
тайконавт 0.002151 0.0 0.0
такой 0.002151 1.714798 0.003688
тег 0.002151 0.0 0.0
текст 0.006452 0.0 0.0
технический 0.004301 0.0 0.0
технология 0.002151 1.427116 0.003069
топ 0.004301 0.0 0.0
точечный 0.002151 4.60517 0.009904
трансформация 0.002151 4.60517 0.009904
трансформироваться 0.002151 4.60517 0.009904
тратить 0.004301 4.60517 0.019807
труд 0.002151 1.714798 0.003688
тыс 0.004301 0.0 0.0
тысяча 0.002151 2.407946 0.005178
убрать 0.002151 0.0 0.0
узкий 0.002151 3.912023 0.008413
университет 0.004301 2.040221 0.008775
упасть 0.004301 0.0 0.0
установить 0.002151 2.525729 0.005432
устройство 0.002151 0.0 0.0
учитель 0.002151 4.60517 0.009904
учитывать 0.004301 4.60517 0.019807
учёный 0.002151 1.966113 0.004228
файл 0.002151 0.0 0.0
флагманский 0.002151 0.0 0.0
фокусироваться 0.002151 3.912023 0.008413
фундаментальный 0.002151 0.0 0.0
хит 0.002151 0.0 0.0
ход 0.002151 0.0 0.0
хумлум 0.004301 4.60517 0.019807
час 0.004301 0.0 0.0
часть 0.004301 2.407946 0.010357
чат 0.004301 1.049822 0.004515
человек 0.002151 0.0 0.0
чикагский 0.004301 4.60517 0.019807
экономист 0.006452 4.60517 0.029711
экономить 0.006452 4.60517 0.029711
экономический 0.002151 4.60517 0.009904
экономия 0.004301 4.60517 0.019807
экспорт 0.004301 0.0 0.0
эмбрион 0.002151 0.0 0.0
эмилия 0.004301 4.60517 0.019807
эффект 0.002151 1.609438 0.003461
эффективность 0.004301 2.120264 0.009119
южный 0.002151 0.0 0.0
юрист 0.002151 4.60517 0.009904
