авиалайнер 0.003257 0.0 0.0
австралия 0.003257 0.0 0.0
автоваз 0.006515 0.0 0.0
автомат 0.003257 0.0 0.0
автопроизводитель 0.003257 0.0 0.0
автор 0.009772 0.0 0.0
администрация 0.003257 0.0 0.0
адрес 0.006515 0.0 0.0
аксессуар 0.003257 3.506558 0.011422
америка 0.003257 0.0 0.0
аналитик 0.003257 0.0 0.0
базовый 0.003257 3.506558 0.011422
белок 0.003257 0.0 0.0
биологический 0.006515 0.0 0.0
ближний 0.003257 0.0 0.0
близкий 0.003257 4.60517 0.015001
блог 0.003257 0.0 0.0
быстро 0.006515 0.0 0.0
быть 0.003257 0.0 0.0
версия 0.006515 2.65926 0.017324
вес 0.003257 0.0 0.0
весь 0.003257 0.0 0.0
видеокарта 0.003257 0.0 0.0
внедорожник 0.003257 0.0 0.0
внутренний 0.003257 4.60517 0.015001
вовсе 0.006515 4.60517 0.030001
войти 0.006515 0.0 0.0
вопрос 0.006515 1.660731 0.010819
восток 0.003257 0.0 0.0
время 0.003257 1.139434 0.003712
входить 0.003257 0.0 0.0
выделить 0.003257 0.0 0.0
выпускать 0.003257 4.60517 0.015001
вырасти 0.003257 3.912023 0.012743
выходить 0.009772 0.0 0.0
германия 0.003257 2.995732 0.009758
главный 0.003257 0.0 0.0
год 0.003257 0.0 0.0
данные 0.006515 0.0 0.0
двигатель 0.009772 0.0 0.0
дизайн 0.006515 0.0 0.0
директор 0.006515 0.0 0.0
догадаться 0.006515 4.60517 0.030001
доллар 0.003257 0.0 0.0
дом 0.006515 0.0 0.0
доставить 0.003257 0.0 0.0
достигать 0.003257 0.0 0.0
завершить 0.003257 0.0 0.0
заметно 0.006515 3.506558 0.022844
заодно 0.006515 3.506558 0.022844
защита 0.003257 0.0 0.0
земля 0.006515 0.0 0.0
зонд 0.009772 0.0 0.0
зрение 0.006515 3.506558 0.022844
игра 0.006515 0.0 0.0
игровой 0.003257 3.506558 0.011422
инновационный 0.006515 0.0 0.0
информация 0.003257 0.0 0.0
использование 0.003257 0.0 0.0
испортить 0.003257 3.506558 0.011422
исследование 0.003257 0.0 0.0
источник 0.006515 0.0 0.0
календарь 0.006515 0.0 0.0
категория 0.003257 0.0 0.0
кг 0.006515 0.0 0.0
километр 0.003257 0.0 0.0
классический 0.003257 0.0 0.0
клон 0.006515 0.0 0.0
ключевой 0.003257 2.207275 0.00719
комментирование 0.003257 0.0 0.0
компания 0.009772 0.71335 0.006971
комфортный 0.006515 0.0 0.0
консоль 0.003257 3.506558 0.011422
конференция 0.006515 0.0 0.0
корея 0.003257 0.0 0.0
корпус 0.003257 0.0 0.0
космос 0.009772 0.0 0.0
кроссовер 0.006515 0.0 0.0
кубический 0.003257 0.0 0.0
кук 0.003257 0.0 0.0
купить 0.006515 3.218876 0.02097
летать 0.006515 0.0 0.0
лист 0.003257 0.0 0.0
май 0.009772 0.0 0.0
марк 0.003257 0.0 0.0
материал 0.003257 0.0 0.0
машина 0.003257 0.0 0.0
межпланетный 0.006515 0.0 0.0
менять 0.003257 0.0 0.0
миллион 0.003257 0.0 0.0
минимум 0.006515 2.65926 0.017324
мир 0.003257 0.0 0.0
мобильный 0.003257 0.0 0.0
модель 0.003257 0.867501 0.002826
момент 0.006515 0.0 0.0
монитор 0.009772 0.0 0.0
мотобренд 0.003257 0.0 0.0
мотоцикл 0.003257 0.0 0.0
мочь 0.003257 0.0 0.0
нажать 0.003257 0.0 0.0
название 0.003257 0.0 0.0
назвать 0.003257 0.0 0.0
наслать 0.003257 0.0 0.0
начинать 0.003257 3.218876 0.010485
наш 0.006515 0.0 0.0
недавно 0.006515 2.813411 0.018328
неожиданно 0.006515 3.912023 0.025485
несложно 0.006515 4.60517 0.030001
новость 0.003257 0.0 0.0
новый 0.013029 0.0 0.0
нормальный 0.003257 3.506558 0.011422
ноутбук 0.003257 0.0 0.0
нужно 0.006515 2.65926 0.017324
нужный 0.003257 0.0 0.0
обзор 0.003257 0.0 0.0
обработка 0.003257 0.0 0.0
образец 0.003257 0.0 0.0
объявить 0.003257 0.0 0.0
объяснить 0.006515 4.60517 0.030001
одноклассник 0.006515 0.0 0.0
орбита 0.003257 0.0 0.0
остальной 0.003257 3.912023 0.012743
отдать 0.003257 0.0 0.0
отечественный 0.003257 0.0 0.0
отказ 0.003257 0.0 0.0
отказаться 0.003257 0.0 0.0
отключить 0.003257 0.0 0.0
очень 0.006515 0.0 0.0
ошибка 0.003257 0.0 0.0
память 0.003257 2.995732 0.009758
передний 0.003257 0.0 0.0
переход 0.006515 2.120264 0.013813
период 0.006515 0.0 0.0
периферия 0.006515 0.0 0.0
персональный 0.006515 0.0 0.0
пиар 0.006515 0.0 0.0
планшет 0.003257 0.0 0.0
платформа 0.006515 0.0 0.0
повысить 0.009772 2.525729 0.024681
повышение 0.003257 2.995732 0.009758
подвести 0.003257 0.0 0.0
поднять 0.009772 0.0 0.0
подорожать 0.006515 4.60517 0.030001
подробный 0.003257 0.0 0.0
подрожание 0.003257 4.60517 0.015001
подрожать 0.003257 4.60517 0.015001
поиск 0.006515 0.0 0.0
пока 0.006515 0.0 0.0
полезный 0.003257 0.0 0.0
политика 0.009772 0.0 0.0
полноприводный 0.003257 0.0 0.0
полный 0.006515 2.813411 0.018328
полёт 0.003257 0.0 0.0
попробовать 0.006515 0.0 0.0
популярный 0.006515 0.0 0.0
посещать 0.006515 0.0 0.0
прайс 0.006515 0.0 0.0
представить 0.003257 0.0 0.0
прибавка 0.006515 0.0 0.0
привод 0.003257 0.0 0.0
пример 0.003257 1.660731 0.00541
принтер 0.003257 0.0 0.0
приставка 0.003257 4.60517 0.015001
пробизнес 0.006515 0.0 0.0
проведение 0.003257 0.0 0.0
программа 0.003257 0.0 0.0
продавать 0.006515 0.0 0.0
продаваться 0.006515 3.506558 0.022844
продажа 0.003257 0.0 0.0
продолжать 0.003257 0.0 0.0
проект 0.006515 0.0 0.0
проектор 0.003257 0.0 0.0
пролить 0.006515 0.0 0.0
процесс 0.003257 0.0 0.0
работа 0.003257 0.0 0.0
реальный 0.003257 0.0 0.0
резко 0.006515 2.995732 0.019516
результат 0.003257 0.0 0.0
реклама 0.006515 0.0 0.0
решать 0.003257 0.0 0.0
решить 0.003257 3.506558 0.011422
россия 0.003257 0.0 0.0
россиянин 0.003257 0.0 0.0
рубль 0.003257 0.0 0.0
рынок 0.013029 0.0 0.0
сайт 0.006515 0.0 0.0
самолёт 0.003257 0.0 0.0
самый 0.006515 0.0 0.0
сантиметр 0.003257 0.0 0.0
сбор 0.003257 0.0 0.0
свет 0.006515 0.0 0.0
свой 0.003257 1.832581 0.005969
связь 0.009772 0.0 0.0
сделать 0.003257 3.218876 0.010485
сегодня 0.006515 0.0 0.0
сервер 0.003257 0.0 0.0
сервис 0.003257 0.0 0.0
сертификация 0.003257 0.0 0.0
сеть 0.003257 0.0 0.0
сказать 0.006515 3.912023 0.025485
скоро 0.006515 0.0 0.0
снова 0.006515 0.0 0.0
советский 0.006515 0.0 0.0
соглашаться 0.003257 0.0 0.0
спасти 0.006515 0.0 0.0
сразу 0.006515 2.813411 0.018328
среда 0.006515 0.0 0.0
ссылка 0.003257 0.0 0.0
стартовать 0.003257 0.0 0.0
статистика 0.006515 0.0 0.0
стать 0.003257 0.0 0.0
статья 0.003257 0.0 0.0
стоимость 0.006515 0.0 0.0
стоить 0.006515 4.60517 0.030001
студия 0.003257 4.60517 0.015001
тайконавт 0.003257 0.0 0.0
тариф 0.003257 2.995732 0.009758
тег 0.003257 0.0 0.0
текст 0.006515 0.0 0.0
технический 0.006515 0.0 0.0
топ 0.006515 0.0 0.0
топовый 0.003257 3.218876 0.010485
точно 0.006515 1.108663 0.007223
тыс 0.006515 0.0 0.0
убрать 0.003257 0.0 0.0
упасть 0.006515 0.0 0.0
устройство 0.003257 0.0 0.0
утверждать 0.003257 4.60517 0.015001
файл 0.003257 0.0 0.0
фирменный 0.003257 4.60517 0.015001
флагманский 0.003257 0.0 0.0
фундаментальный 0.003257 0.0 0.0
хит 0.003257 0.0 0.0
хотеть 0.003257 2.813411 0.009164
цена 0.013029 1.237874 0.016129
человек 0.003257 0.0 0.0
экспорт 0.006515 0.0 0.0
эмбрион 0.003257 0.0 0.0
южный 0.003257 0.0 0.0
