авиалайнер 0.002203 0.0 0.0
австралия 0.002203 0.0 0.0
автоваз 0.004405 0.0 0.0
автомат 0.002203 0.0 0.0
автономно 0.004405 3.218876 0.01418
автопроизводитель 0.002203 0.0 0.0
автор 0.006608 0.0 0.0
адвокат 0.002203 4.60517 0.010144
администрация 0.002203 0.0 0.0
адрес 0.004405 0.0 0.0
алгоритм 0.002203 2.65926 0.005857
америка 0.002203 0.0 0.0
аналитик 0.002203 0.0 0.0
аналитический 0.002203 4.60517 0.010144
апрель 0.006608 1.832581 0.01211
безопасность 0.002203 1.714798 0.003777
белок 0.002203 0.0 0.0
биологический 0.004405 0.0 0.0
ближний 0.002203 0.0 0.0
блог 0.002203 0.0 0.0
больший 0.002203 4.60517 0.010144
будущий 0.002203 2.65926 0.005857
быстро 0.004405 0.0 0.0
быть 0.002203 0.0 0.0
ввс 0.004405 3.218876 0.01418
версия 0.004405 2.65926 0.011715
вес 0.002203 0.0 0.0
весь 0.002203 0.0 0.0
видеокарта 0.002203 0.0 0.0
включать 0.002203 4.60517 0.010144
внедорожник 0.002203 0.0 0.0
войти 0.004405 0.0 0.0
восток 0.002203 0.0 0.0
впервые 0.004405 2.120264 0.00934
впечатлять 0.002203 4.60517 0.010144
вред 0.004405 2.525729 0.011127
время 0.004405 1.427116 0.006287
встроить 0.002203 3.912023 0.008617
входить 0.002203 0.0 0.0
вывод 0.002203 2.65926 0.005857
выдавать 0.002203 3.912023 0.008617
выделить 0.002203 0.0 0.0
вызвать 0.002203 3.506558 0.007724
выходить 0.002203 0.0 0.0
галлюцинировать 0.002203 4.60517 0.010144
гибридный 0.002203 2.525729 0.005563
глава 0.004405 2.813411 0.012394
главный 0.002203 0.0 0.0
год 0.002203 0.0 0.0
готовый 0.002203 1.237874 0.002727
далёкий 0.002203 3.912023 0.008617
данные 0.004405 0.0 0.0
двигатель 0.008811 0.0 0.0
двухлетний 0.002203 4.60517 0.010144
дебаты 0.004405 4.60517 0.020287
диалог 0.002203 4.60517 0.010144
дизайн 0.004405 0.0 0.0
директор 0.004405 0.0 0.0
дискуссия 0.004405 4.60517 0.020287
доллар 0.002203 0.0 0.0
дом 0.004405 0.0 0.0
доставить 0.002203 0.0 0.0
достигать 0.002203 0.0 0.0
достижение 0.002203 2.65926 0.005857
доступ 0.002203 1.347074 0.002967
доступный 0.002203 4.60517 0.010144
ещё 0.004405 1.89712 0.008357
жена 0.002203 2.995732 0.006599
журналист 0.002203 3.912023 0.008617
завершить 0.004405 0.0 0.0
задача 0.002203 1.609438 0.003545
закрывать 0.002203 4.60517 0.010144
закрываться 0.002203 4.60517 0.010144
заложить 0.002203 4.60517 0.010144
заменить 0.002203 4.60517 0.010144
заморозить 0.004405 4.60517 0.020287
запас 0.002203 2.120264 0.00467
запрос 0.002203 2.813411 0.006197
запуск 0.002203 1.272966 0.002804
захват 0.002203 3.912023 0.008617
защита 0.002203 0.0 0.0
заявление 0.002203 3.218876 0.00709
земля 0.004405 0.0 0.0
злоупотреблять 0.002203 4.60517 0.010144
зонд 0.006608 0.0 0.0
игра 0.002203 0.0 0.0
избегать 0.002203 4.60517 0.010144
избежать 0.002203 4.60517 0.010144
изображение 0.002203 1.469676 0.003237
илона 0.004405 2.207275 0.009724
имитация 0.002203 4.60517 0.010144
имя 0.002203 3.506558 0.007724
инновационный 0.004405 0.0 0.0
инструмент 0.002203 1.89712 0.004179
интеллект 0.006608 1.966113 0.012992
информация 0.002203 0.0 0.0
инцидент 0.002203 2.995732 0.006599
искусственный 0.004405 3.912023 0.017234
использование 0.002203 0.0 0.0
исследование 0.002203 0.0 0.0
источник 0.004405 0.0 0.0
календарь 0.004405 0.0 0.0
категория 0.002203 0.0 0.0
кг 0.004405 0.0 0.0
километр 0.002203 0.0 0.0
классический 0.002203 0.0 0.0
клон 0.004405 0.0 0.0
км 0.004405 1.309333 0.005768
комментирование 0.002203 0.0 0.0
компания 0.006608 0.71335 0.004714
комфортный 0.004405 0.0 0.0
конгресс 0.002203 3.218876 0.00709
контент 0.004405 3.506558 0.015447
конференция 0.004405 0.0 0.0
корея 0.002203 0.0 0.0
корпус 0.002203 0.0 0.0
космос 0.006608 0.0 0.0
который 0.004405 1.386294 0.006107
креативность 0.004405 4.60517 0.020287
креативный 0.002203 4.60517 0.010144
критика 0.002203 3.912023 0.008617
кроссовер 0.004405 0.0 0.0
кубический 0.002203 0.0 0.0
кук 0.002203 0.0 0.0
легендарный 0.002203 3.506558 0.007724
летать 0.004405 0.0 0.0
лист 0.002203 0.0 0.0
логический 0.002203 0.0 0.0
ложный 0.004405 4.60517 0.020287
лётный 0.002203 3.506558 0.007724
май 0.006608 0.0 0.0
манипулировать 0.004405 4.60517 0.020287
манипуляция 0.002203 4.60517 0.010144
марк 0.002203 0.0 0.0
маркировка 0.002203 4.60517 0.010144
март 0.002203 1.714798 0.003777
маска 0.004405 2.207275 0.009724
материал 0.002203 0.0 0.0
машина 0.002203 0.0 0.0
машинный 0.002203 4.60517 0.010144
межпланетный 0.004405 0.0 0.0
менять 0.002203 0.0 0.0
миллион 0.002203 0.0 0.0
мир 0.008811 0.0 0.0
млн 0.004405 1.108663 0.004884
мобильный 0.002203 0.0 0.0
модель 0.006608 0.867501 0.005732
момент 0.006608 0.0 0.0
монитор 0.002203 0.0 0.0
мотобренд 0.002203 0.0 0.0
мотоцикл 0.002203 0.0 0.0
мочь 0.002203 0.0 0.0
мощность 0.002203 1.560648 0.003438
мультимодальный 0.004405 4.60517 0.020287
нажать 0.002203 0.0 0.0
название 0.002203 0.0 0.0
назвать 0.002203 0.0 0.0
наименование 0.002203 4.60517 0.010144
наслать 0.002203 0.0 0.0
начало 0.002203 1.89712 0.004179
начаться 0.002203 3.912023 0.008617
наш 0.004405 0.0 0.0
нашуметь 0.004405 4.60517 0.020287
нейросеть 0.002203 4.60517 0.010144
новость 0.002203 0.0 0.0
новый 0.006608 0.0 0.0
ноутбук 0.002203 0.0 0.0
ноябрь 0.002203 3.506558 0.007724
нужный 0.002203 0.0 0.0
нумерация 0.004405 4.60517 0.020287
обзор 0.002203 0.0 0.0
обнажить 0.002203 4.60517 0.010144
обновление 0.002203 2.407946 0.005304
обработка 0.004405 0.0 0.0
образ 0.002203 0.0 0.0
образец 0.002203 0.0 0.0
обратный 0.002203 3.912023 0.008617
обучение 0.004405 4.60517 0.020287
объявить 0.002203 0.0 0.0
обязывать 0.002203 4.60517 0.010144
одноклассник 0.004405 0.0 0.0
октябрь 0.002203 3.912023 0.008617
опубликовать 0.002203 3.506558 0.007724
орбита 0.002203 0.0 0.0
основа 0.002203 1.89712 0.004179
оставить 0.004405 3.506558 0.015447
остаться 0.002203 3.506558 0.007724
отдать 0.002203 0.0 0.0
отечественный 0.002203 0.0 0.0
отказ 0.002203 0.0 0.0
отказаться 0.002203 0.0 0.0
отключить 0.002203 0.0 0.0
отметить 0.002203 2.65926 0.005857
официальный 0.002203 3.218876 0.00709
очень 0.004405 0.0 0.0
ошибка 0.002203 0.0 0.0
параллельно 0.004405 1.89712 0.008357
параметр 0.002203 2.65926 0.005857
пауза 0.004405 4.60517 0.020287
передний 0.002203 0.0 0.0
период 0.004405 0.0 0.0
периферия 0.004405 0.0 0.0
персональный 0.004405 0.0 0.0
пиар 0.004405 0.0 0.0
письмо 0.004405 4.60517 0.020287
планшет 0.002203 0.0 0.0
платформа 0.006608 0.0 0.0
подвести 0.002203 0.0 0.0
поддержка 0.002203 2.525729 0.005563
подлинный 0.002203 4.60517 0.010144
поднять 0.002203 0.0 0.0
подписать 0.002203 3.912023 0.008617
подробный 0.002203 0.0 0.0
подчеркнуть 0.004405 2.995732 0.013197
позволить 0.002203 2.65926 0.005857
поиск 0.004405 0.0 0.0
пока 0.004405 0.0 0.0
показать 0.002203 2.302585 0.005072
полгода 0.004405 3.218876 0.01418
полезный 0.002203 0.0 0.0
политика 0.006608 0.0 0.0
полноприводный 0.002203 0.0 0.0
получить 0.002203 2.040221 0.004494
полёт 0.002203 0.0 0.0
понимание 0.002203 3.912023 0.008617
попробовать 0.004405 0.0 0.0
популярный 0.004405 0.0 0.0
пора 0.002203 0.0 0.0
поразить 0.002203 4.60517 0.010144
посещать 0.004405 0.0 0.0
последовать 0.002203 4.60517 0.010144
прайс 0.004405 0.0 0.0
представить 0.004405 0.0 0.0
предупреждение 0.002203 4.60517 0.010144
прекратить 0.002203 3.912023 0.008617
прибавка 0.004405 0.0 0.0
привести 0.002203 3.218876 0.00709
привод 0.002203 0.0 0.0
призыв 0.002203 3.912023 0.008617
принести 0.002203 4.60517 0.010144
принтер 0.002203 0.0 0.0
причинять 0.004405 4.60517 0.020287
пробизнес 0.004405 0.0 0.0
проведение 0.002203 0.0 0.0
проверить 0.004405 4.60517 0.020287
программа 0.002203 0.0 0.0
продавать 0.004405 0.0 0.0
продажа 0.002203 0.0 0.0
продвинуть 0.002203 4.60517 0.010144
продолжать 0.002203 0.0 0.0
продолжить 0.002203 3.912023 0.008617
проект 0.006608 0.0 0.0
проектор 0.002203 0.0 0.0
пролить 0.004405 0.0 0.0
прорыв 0.002203 1.714798 0.003777
прохождение 0.002203 3.506558 0.007724
процентиль 0.002203 4.60517 0.010144
процесс 0.002203 0.0 0.0
публичный 0.002203 4.60517 0.010144
путаница 0.002203 4.60517 0.010144
работа 0.002203 0.0 0.0
разгон 0.002203 2.525729 0.005563
разработка 0.002203 2.407946 0.005304
разработчик 0.002203 2.407946 0.005304
разрыв 0.004405 3.218876 0.01418
ранний 0.002203 3.912023 0.008617
реальный 0.002203 0.0 0.0
регулярно 0.004405 3.912023 0.017234
результат 0.004405 0.0 0.0
реклама 0.004405 0.0 0.0
релиз 0.002203 3.218876 0.00709
ресурс 0.002203 2.525729 0.005563
решать 0.002203 0.0 0.0
решение 0.006608 2.040221 0.013482
роль 0.004405 1.89712 0.008357
россия 0.002203 0.0 0.0
россиянин 0.002203 0.0 0.0
рубль 0.002203 0.0 0.0
рынок 0.004405 0.0 0.0
сайт 0.004405 0.0 0.0
самолёт 0.002203 0.0 0.0
самый 0.004405 0.0 0.0
сантиметр 0.002203 0.0 0.0
сбор 0.002203 0.0 0.0
свет 0.004405 0.0 0.0
свой 0.002203 3.218876 0.00709
связь 0.006608 0.0 0.0
сегодня 0.004405 0.0 0.0
сей 0.002203 1.272966 0.002804
секунда 0.002203 2.120264 0.00467
сервер 0.002203 0.0 0.0
сервис 0.002203 0.0 0.0
сертификация 0.002203 0.0 0.0
сеть 0.002203 0.0 0.0
сидней 0.004405 4.60517 0.020287
система 0.004405 0.653926 0.002881
скандал 0.006608 4.60517 0.030431
скоро 0.004405 0.0 0.0
сложный 0.002203 2.813411 0.006197
снизить 0.002203 2.813411 0.006197
снова 0.004405 0.0 0.0
совершенствовать 0.004405 3.506558 0.015447
советский 0.004405 0.0 0.0
совместимость 0.004405 3.912023 0.017234
соглашаться 0.002203 0.0 0.0
состояться 0.002203 3.912023 0.008617
сотрудничество 0.004405 2.65926 0.011715
сохранить 0.004405 3.218876 0.01418
сохранять 0.002203 3.218876 0.00709
сочетать 0.002203 2.995732 0.006599
спасти 0.004405 0.0 0.0
способный 0.002203 2.525729 0.005563
спровоцировать 0.002203 4.60517 0.010144
среда 0.004405 0.0 0.0
ссылка 0.002203 0.0 0.0
стабильность 0.002203 2.995732 0.006599
стартовать 0.002203 0.0 0.0
статистика 0.004405 0.0 0.0
стать 0.002203 0.0 0.0
статья 0.002203 0.0 0.0
стоимость 0.004405 0.0 0.0
стратегия 0.002203 3.218876 0.00709
существующий 0.002203 4.60517 0.010144
сходить 0.002203 4.60517 0.010144
сэм 0.004405 3.506558 0.015447
тайконавт 0.002203 0.0 0.0
такой 0.002203 1.89712 0.004179
тег 0.002203 0.0 0.0
текст 0.004405 0.0 0.0
тест 0.004405 1.171183 0.005159
тестировать 0.004405 3.506558 0.015447
технический 0.006608 0.0 0.0
технология 0.002203 2.040221 0.004494
топ 0.004405 0.0 0.0
трансляция 0.002203 3.912023 0.008617
тыс 0.004405 0.0 0.0
убедительный 0.004405 4.60517 0.020287
убрать 0.002203 0.0 0.0
уговаривать 0.002203 4.60517 0.010144
уйти 0.002203 3.218876 0.00709
указ 0.002203 2.813411 0.006197
ум 0.002203 0.776529 0.00171
упасть 0.004405 0.0 0.0
уровень 0.002203 2.302585 0.005072
успеть 0.002203 4.60517 0.010144
устройство 0.002203 0.0 0.0
файл 0.002203 0.0 0.0
февраль 0.006608 3.912023 0.02585
флагманский 0.002203 0.0 0.0
фундаментальный 0.002203 0.0 0.0
хаотичный 0.002203 4.60517 0.010144
хит 0.002203 0.0 0.0
ход 0.002203 0.0 0.0
чат 0.004405 1.049822 0.004625
человек 0.006608 0.0 0.0
экзамен 0.002203 4.60517 0.010144
экспорт 0.004405 0.0 0.0
эмбрион 0.002203 0.0 0.0
эмоция 0.002203 4.60517 0.010144
эра 0.002203 2.525729 0.005563
южный 0.002203 0.0 0.0
