авиалайнер 0.001931 0.0 0.0
австралия 0.001931 0.0 0.0
автоваз 0.003861 0.0 0.0
автомат 0.001931 0.0 0.0
автономный 0.001931 2.813411 0.005431
автопроизводитель 0.001931 0.0 0.0
автор 0.005792 0.0 0.0
администрация 0.001931 0.0 0.0
адрес 0.003861 0.0 0.0
активно 0.003861 2.407946 0.009297
активный 0.001931 4.60517 0.00889
алгоритм 0.001931 2.65926 0.005134
амбиция 0.001931 4.60517 0.00889
америка 0.001931 0.0 0.0
анализ 0.003861 1.966113 0.007591
аналитик 0.001931 0.0 0.0
аппарат 0.001931 1.660731 0.003206
астероид 0.001931 2.995732 0.005783
белок 0.001931 0.0 0.0
беспокойство 0.003861 4.60517 0.017781
биологический 0.003861 0.0 0.0
ближний 0.001931 0.0 0.0
близкий 0.001931 2.813411 0.005431
блог 0.001931 0.0 0.0
блокировка 0.001931 4.60517 0.00889
болт 0.001931 4.60517 0.00889
большинство 0.001931 3.218876 0.006214
будущее 0.003861 3.218876 0.012428
быстро 0.003861 0.0 0.0
быть 0.001931 0.0 0.0
верхний 0.001931 4.60517 0.00889
вес 0.001931 0.0 0.0
весь 0.001931 0.0 0.0
взрыв 0.003861 2.995732 0.011567
видеокарта 0.001931 0.0 0.0
внедорожник 0.001931 0.0 0.0
внедрение 0.003861 2.407946 0.009297
войти 0.003861 0.0 0.0
вопрос 0.003861 1.660731 0.006412
восток 0.001931 0.0 0.0
вторичный 0.001931 4.60517 0.00889
входить 0.001931 0.0 0.0
вывод 0.001931 2.65926 0.005134
выделить 0.001931 0.0 0.0
вызвать 0.001931 4.60517 0.00889
вызывать 0.001931 3.912023 0.007552
выполнить 0.001931 4.60517 0.00889
вырасти 0.001931 4.60517 0.00889
выступать 0.001931 4.60517 0.00889
выходить 0.001931 0.0 0.0
главный 0.001931 0.0 0.0
глобальный 0.001931 2.995732 0.005783
год 0.007722 0.0 0.0
граната 0.001931 4.60517 0.00889
данные 0.005792 0.0 0.0
двигатель 0.007722 0.0 0.0
действие 0.001931 2.207275 0.004261
демонстрационный 0.001931 4.60517 0.00889
деорбитация 0.003861 4.60517 0.017781
дизайн 0.003861 0.0 0.0
динамика 0.001931 3.912023 0.007552
директор 0.003861 0.0 0.0
долгоживущий 0.001931 4.60517 0.00889
доллар 0.001931 0.0 0.0
доля 0.001931 3.506558 0.006769
дом 0.003861 0.0 0.0
доставить 0.001931 0.0 0.0
достигать 0.001931 0.0 0.0
единый 0.001931 4.60517 0.00889
ежесуточно 0.003861 4.60517 0.017781
естественный 0.001931 3.218876 0.006214
ещё 0.003861 1.89712 0.007325
завершение 0.001931 2.813411 0.005431
завершить 0.001931 0.0 0.0
зависеть 0.001931 2.65926 0.005134
заказчик 0.001931 3.912023 0.007552
заменить 0.001931 3.912023 0.007552
запуск 0.003861 1.272966 0.004915
затрата 0.001931 2.65926 0.005134
защита 0.001931 0.0 0.0
защитный 0.001931 3.912023 0.007552
земля 0.005792 0.0 0.0
зонд 0.005792 0.0 0.0
игра 0.001931 0.0 0.0
иллюстрация 0.003861 2.120264 0.008186
инновационный 0.003861 0.0 0.0
интерфейс 0.001931 2.525729 0.004876
информация 0.001931 0.0 0.0
инфраструктура 0.003861 4.60517 0.017781
инцидент 0.003861 2.995732 0.011567
использование 0.001931 0.0 0.0
исследование 0.001931 0.0 0.0
исследователь 0.001931 2.525729 0.004876
исследовательский 0.001931 2.813411 0.005431
источник 0.005792 0.0 0.0
календарь 0.003861 0.0 0.0
категория 0.001931 0.0 0.0
качество 0.001931 2.407946 0.004649
кг 0.003861 0.0 0.0
километр 0.001931 0.0 0.0
китай 0.003861 1.171183 0.004522
китайский 0.001931 2.120264 0.004093
клапан 0.001931 3.506558 0.006769
классический 0.001931 0.0 0.0
клон 0.003861 0.0 0.0
км 0.003861 1.309333 0.005055
комментирование 0.001931 0.0 0.0
коммерческий 0.001931 2.65926 0.005134
компьютер 0.003861 2.207275 0.008522
комфортный 0.003861 0.0 0.0
конференция 0.003861 0.0 0.0
концепция 0.001931 4.60517 0.00889
корея 0.001931 0.0 0.0
корпус 0.001931 0.0 0.0
космический 0.005792 1.714798 0.009931
космос 0.005792 0.0 0.0
который 0.001931 0.776529 0.001499
критический 0.001931 4.60517 0.00889
кроссовер 0.003861 0.0 0.0
кубический 0.001931 0.0 0.0
кук 0.001931 0.0 0.0
купол 0.003861 4.60517 0.017781
летать 0.003861 0.0 0.0
лист 0.001931 0.0 0.0
ловушка 0.001931 3.912023 0.007552
люк 0.001931 3.912023 0.007552
май 0.005792 0.0 0.0
манипулятор 0.001931 4.60517 0.00889
манёвр 0.001931 2.65926 0.005134
марк 0.001931 0.0 0.0
масса 0.001931 2.813411 0.005431
масштабирование 0.001931 3.506558 0.006769
материал 0.001931 0.0 0.0
машина 0.001931 0.0 0.0
мегагруппировка 0.001931 3.506558 0.006769
межпланетный 0.003861 0.0 0.0
менее 0.003861 2.207275 0.008522
менять 0.001931 0.0 0.0
миллиметр 0.001931 4.60517 0.00889
миллион 0.001931 0.0 0.0
минимизация 0.003861 4.60517 0.017781
мир 0.001931 0.0 0.0
миссия 0.003861 1.347074 0.005201
мишень 0.001931 3.912023 0.007552
мобильный 0.001931 0.0 0.0
модель 0.003861 1.469676 0.005674
модуль 0.001931 2.65926 0.005134
мозг 0.003861 2.813411 0.010863
момент 0.003861 0.0 0.0
монитор 0.001931 0.0 0.0
мониторинг 0.001931 3.912023 0.007552
мотобренд 0.001931 0.0 0.0
мотоцикл 0.001931 0.0 0.0
мочь 0.003861 0.0 0.0
мусор 0.007722 2.813411 0.021725
нажать 0.001931 0.0 0.0
название 0.001931 0.0 0.0
назвать 0.001931 0.0 0.0
накопление 0.003861 4.60517 0.017781
население 0.001931 4.60517 0.00889
наслать 0.001931 0.0 0.0
настаивать 0.001931 4.60517 0.00889
начать 0.001931 2.813411 0.005431
наш 0.003861 0.0 0.0
недостаточно 0.003861 3.506558 0.013539
неконтролируемый 0.001931 4.60517 0.00889
необходимый 0.001931 3.912023 0.007552
нерабочий 0.001931 4.60517 0.00889
низкий 0.001931 3.218876 0.006214
новость 0.001931 0.0 0.0
новый 0.007722 0.0 0.0
норма 0.001931 2.65926 0.005134
ноутбук 0.001931 0.0 0.0
нужный 0.001931 0.0 0.0
обезвреживание 0.003861 4.60517 0.017781
обзор 0.001931 0.0 0.0
обладать 0.001931 3.506558 0.006769
обломок 0.003861 3.506558 0.013539
обмен 0.003861 3.506558 0.013539
обнаруживаться 0.001931 4.60517 0.00889
обработка 0.001931 0.0 0.0
образец 0.001931 0.0 0.0
объект 0.003861 2.207275 0.008522
объявить 0.001931 0.0 0.0
один 0.001931 1.560648 0.003013
одноклассник 0.003861 0.0 0.0
оказаться 0.001931 2.813411 0.005431
околоземный 0.001931 3.912023 0.007552
опасность 0.003861 2.407946 0.009297
оператор 0.001931 4.60517 0.00889
оптический 0.001931 4.60517 0.00889
орбита 0.009653 0.0 0.0
орбитальный 0.003861 3.506558 0.013539
освоение 0.001931 4.60517 0.00889
осколок 0.003861 2.813411 0.010863
основный 0.001931 4.60517 0.00889
особенно 0.003861 1.609438 0.006214
особый 0.003861 3.912023 0.015104
оставаться 0.001931 2.65926 0.005134
оставить 0.003861 2.407946 0.009297
остаться 0.001931 3.506558 0.006769
осязание 0.001931 3.506558 0.006769
отдать 0.001931 0.0 0.0
отечественный 0.001931 0.0 0.0
отказ 0.003861 0.0 0.0
отказаться 0.001931 0.0 0.0
отключить 0.001931 0.0 0.0
очень 0.003861 0.0 0.0
очистка 0.005792 4.60517 0.026671
ошибка 0.001931 0.0 0.0
пассивация 0.005792 4.60517 0.026671
передний 0.001931 0.0 0.0
перекрёсток 0.001931 4.60517 0.00889
пересмотр 0.001931 2.302585 0.004445
переходить 0.001931 3.912023 0.007552
период 0.003861 0.0 0.0
периферия 0.003861 0.0 0.0
персональный 0.003861 0.0 0.0
пиар 0.003861 0.0 0.0
пилотировать 0.001931 3.912023 0.007552
планета 0.003861 2.995732 0.011567
плановый 0.001931 4.60517 0.00889
планшет 0.001931 0.0 0.0
платформа 0.005792 0.0 0.0
подвести 0.001931 0.0 0.0
поднять 0.001931 0.0 0.0
подробный 0.001931 0.0 0.0
подход 0.001931 1.89712 0.003662
поиск 0.003861 0.0 0.0
пока 0.003861 0.0 0.0
показывать 0.001931 3.506558 0.006769
поколение 0.001931 3.506558 0.006769
покрывать 0.001931 4.60517 0.00889
покрытие 0.003861 4.60517 0.017781
полезный 0.001931 0.0 0.0
политика 0.005792 0.0 0.0
полноприводный 0.001931 0.0 0.0
полный 0.001931 2.407946 0.004649
полярный 0.001931 4.60517 0.00889
полёт 0.003861 0.0 0.0
попробовать 0.003861 0.0 0.0
популярный 0.003861 0.0 0.0
посещать 0.003861 0.0 0.0
последний 0.001931 2.65926 0.005134
постепенно 0.003861 3.506558 0.013539
потеря 0.001931 2.995732 0.005783
прайс 0.003861 0.0 0.0
практика 0.001931 4.60517 0.00889
превратиться 0.003861 4.60517 0.017781
предложить 0.001931 4.60517 0.00889
предотвращать 0.001931 4.60517 0.00889
предписывать 0.001931 4.60517 0.00889
представить 0.001931 0.0 0.0
представлять 0.001931 3.912023 0.007552
прибавка 0.003861 0.0 0.0
приблизиться 0.001931 3.218876 0.006214
привод 0.001931 0.0 0.0
пример 0.003861 1.660731 0.006412
принтер 0.001931 0.0 0.0
принять 0.001931 4.60517 0.00889
природа 0.001931 3.218876 0.006214
пробизнес 0.003861 0.0 0.0
проблема 0.001931 2.995732 0.005783
проведение 0.001931 0.0 0.0
провоцировать 0.003861 4.60517 0.017781
программа 0.003861 0.0 0.0
программный 0.001931 4.60517 0.00889
продавать 0.003861 0.0 0.0
продажа 0.001931 0.0 0.0
продолжать 0.003861 0.0 0.0
проект 0.003861 0.0 0.0
проектирование 0.003861 3.912023 0.015104
проектор 0.001931 0.0 0.0
пролить 0.003861 0.0 0.0
процесс 0.001931 0.0 0.0
пять 0.003861 2.995732 0.011567
работа 0.003861 0.0 0.0
радар 0.001931 3.912023 0.007552
раз 0.001931 0.0 0.0
развивать 0.001931 3.912023 0.007552
развёртывание 0.001931 3.218876 0.006214
развёртывать 0.001931 4.60517 0.00889
размер 0.001931 2.302585 0.004445
разрозненный 0.001931 4.60517 0.00889
разрушение 0.001931 3.912023 0.007552
реальный 0.001931 0.0 0.0
результат 0.001931 0.0 0.0
реклама 0.003861 0.0 0.0
решать 0.001931 0.0 0.0
решение 0.001931 1.609438 0.003107
риск 0.003861 1.89712 0.007325
россия 0.001931 0.0 0.0
россиянин 0.001931 0.0 0.0
рост 0.003861 0.755023 0.002915
рубль 0.001931 0.0 0.0
рынок 0.003861 0.0 0.0
сайт 0.003861 0.0 0.0
самолёт 0.001931 0.0 0.0
самый 0.003861 0.0 0.0
сантиметр 0.001931 0.0 0.0
сантиметровый 0.003861 4.60517 0.017781
сближение 0.001931 4.60517 0.00889
сбор 0.001931 0.0 0.0
сброс 0.001931 3.912023 0.007552
свет 0.003861 0.0 0.0
связать 0.001931 3.912023 0.007552
связь 0.005792 0.0 0.0
сегодня 0.003861 0.0 0.0
сервер 0.001931 0.0 0.0
сервис 0.001931 0.0 0.0
сертификация 0.001931 0.0 0.0
сеть 0.003861 0.0 0.0
сила 0.001931 2.040221 0.003939
система 0.001931 0.653926 0.001262
ситуация 0.003861 3.218876 0.012428
скол 0.003861 1.514128 0.005846
скоро 0.003861 0.0 0.0
сложность 0.003861 3.506558 0.013539
смена 0.001931 2.813411 0.005431
смотреть 0.001931 0.0 0.0
снижение 0.001931 2.995732 0.005783
снова 0.003861 0.0 0.0
советский 0.003861 0.0 0.0
совместный 0.001931 4.60517 0.00889
соглашаться 0.001931 0.0 0.0
создание 0.001931 1.89712 0.003662
создать 0.003861 1.832581 0.007076
сократить 0.003861 2.65926 0.010267
спасти 0.003861 0.0 0.0
спутник 0.003861 2.120264 0.008186
среда 0.003861 0.0 0.0
срок 0.003861 2.207275 0.008522
ссылка 0.001931 0.0 0.0
ставить 0.001931 2.302585 0.004445
сталкиваться 0.001931 4.60517 0.00889
стандарт 0.007722 1.832581 0.014151
станция 0.005792 2.207275 0.012783
стартовать 0.001931 0.0 0.0
статистика 0.003861 0.0 0.0
стать 0.007722 0.0 0.0
статья 0.001931 0.0 0.0
стекло 0.001931 2.995732 0.005783
сто 0.001931 0.0 0.0
стоимость 0.003861 0.0 0.0
столкновение 0.003861 3.218876 0.012428
сторона 0.001931 2.407946 0.004649
стремительный 0.003861 4.60517 0.017781
структурный 0.001931 4.60517 0.00889
ступень 0.001931 2.813411 0.005431
стыковка 0.001931 4.60517 0.00889
тайконавт 0.001931 0.0 0.0
тег 0.001931 0.0 0.0
текст 0.003861 0.0 0.0
технический 0.003861 0.0 0.0
технология 0.001931 1.427116 0.002755
топ 0.003861 0.0 0.0
топливо 0.001931 2.65926 0.005134
требовать 0.003861 1.89712 0.007325
тротил 0.001931 4.60517 0.00889
тыс 0.003861 0.0 0.0
убрать 0.001931 0.0 0.0
увеличение 0.001931 3.506558 0.006769
угрожать 0.001931 3.506558 0.006769
угроза 0.001931 2.65926 0.005134
удаление 0.001931 4.60517 0.00889
ужесточение 0.001931 4.60517 0.00889
уклонение 0.001931 3.912023 0.007552
улучшение 0.001931 3.218876 0.006214
упасть 0.003861 0.0 0.0
усилие 0.001931 4.60517 0.00889
услуга 0.003861 4.60517 0.017781
усталость 0.001931 4.60517 0.00889
устройство 0.001931 0.0 0.0
усугублять 0.001931 3.912023 0.007552
ухудшаться 0.003861 4.60517 0.017781
учёный 0.001931 1.966113 0.003796
файл 0.001931 0.0 0.0
фиксировать 0.001931 3.912023 0.007552
флагманский 0.001931 0.0 0.0
фрагмент 0.003861 3.218876 0.012428
фрагментарный 0.001931 4.60517 0.00889
фундаментальный 0.001931 0.0 0.0
хит 0.001931 0.0 0.0
частица 0.003861 3.218876 0.012428
частый 0.001931 3.506558 0.006769
часть 0.003861 2.407946 0.009297
человек 0.001931 0.0 0.0
число 0.001931 3.506558 0.006769
эксперт 0.001931 2.65926 0.005134
экспозиция 0.001931 3.912023 0.007552
экспорт 0.003861 0.0 0.0
эмбрион 0.001931 0.0 0.0
энергия 0.003861 2.120264 0.008186
энергосистема 0.001931 4.60517 0.00889
южный 0.001931 0.0 0.0
яркий 0.003861 4.60517 0.017781
