авиалайнер 0.003215 0.0 0.0
австралия 0.003215 0.0 0.0
автоваз 0.006431 0.0 0.0
автомат 0.003215 0.0 0.0
автомобиль 0.009646 2.525729 0.024364
автопроизводитель 0.003215 0.0 0.0
автор 0.009646 0.0 0.0
администрация 0.003215 0.0 0.0
адрес 0.006431 0.0 0.0
активный 0.003215 3.506558 0.011275
америка 0.003215 0.0 0.0
аналитик 0.003215 0.0 0.0
аналогичный 0.003215 3.912023 0.012579
белок 0.003215 0.0 0.0
бестселлер 0.003215 3.218876 0.01035
биологический 0.006431 0.0 0.0
ближний 0.003215 0.0 0.0
блог 0.003215 0.0 0.0
быстро 0.006431 0.0 0.0
быть 0.003215 0.0 0.0
вес 0.003215 0.0 0.0
весь 0.003215 0.0 0.0
взнос 0.006431 4.60517 0.029615
видеокарта 0.003215 0.0 0.0
внедорожник 0.003215 0.0 0.0
внедрение 0.006431 2.813411 0.018093
возможность 0.003215 1.966113 0.006322
войти 0.006431 0.0 0.0
восток 0.003215 0.0 0.0
входить 0.003215 0.0 0.0
выбрать 0.006431 3.912023 0.025158
выделить 0.003215 0.0 0.0
выходить 0.003215 0.0 0.0
гарантия 0.006431 3.218876 0.0207
генеративный 0.006431 3.218876 0.0207
главный 0.003215 0.0 0.0
год 0.006431 0.0 0.0
дания 0.003215 1.560648 0.005018
данные 0.006431 0.0 0.0
двигатель 0.009646 0.0 0.0
двухлетний 0.003215 3.506558 0.011275
действовать 0.003215 2.525729 0.008121
дизайн 0.006431 0.0 0.0
директор 0.006431 0.0 0.0
диск 0.003215 2.813411 0.009046
доллар 0.003215 0.0 0.0
дом 0.006431 0.0 0.0
доставить 0.003215 0.0 0.0
достигать 0.003215 0.0 0.0
доступный 0.003215 2.65926 0.008551
дюймовый 0.003215 3.218876 0.01035
завершить 0.003215 0.0 0.0
занятость 0.006431 3.506558 0.02255
защита 0.003215 0.0 0.0
земля 0.006431 0.0 0.0
зонд 0.009646 0.0 0.0
игра 0.003215 0.0 0.0
илона 0.006431 2.207275 0.014195
инновационный 0.006431 0.0 0.0
инсульт 0.003215 3.506558 0.011275
информация 0.003215 0.0 0.0
использование 0.003215 0.0 0.0
исследование 0.009646 0.0 0.0
источник 0.006431 0.0 0.0
календарь 0.006431 0.0 0.0
категория 0.003215 0.0 0.0
кг 0.006431 0.0 0.0
километр 0.003215 0.0 0.0
китай 0.003215 1.07881 0.003469
китайский 0.003215 2.407946 0.007743
классический 0.003215 0.0 0.0
клон 0.006431 0.0 0.0
км 0.006431 1.309333 0.00842
комментирование 0.003215 0.0 0.0
компания 0.009646 0.71335 0.006881
комфортный 0.006431 0.0 0.0
конференция 0.006431 0.0 0.0
корея 0.003215 0.0 0.0
корпус 0.003215 0.0 0.0
космос 0.009646 0.0 0.0
который 0.009646 0.510826 0.004928
кредит 0.003215 4.60517 0.014808
кредитование 0.003215 4.60517 0.014808
кроссовер 0.006431 0.0 0.0
кубический 0.003215 0.0 0.0
кук 0.003215 0.0 0.0
летать 0.006431 0.0 0.0
лист 0.003215 0.0 0.0
май 0.009646 0.0 0.0
марк 0.003215 0.0 0.0
маска 0.006431 2.207275 0.014195
материал 0.003215 0.0 0.0
машина 0.003215 0.0 0.0
межпланетный 0.006431 0.0 0.0
менять 0.003215 0.0 0.0
миллион 0.003215 0.0 0.0
минимальный 0.006431 3.912023 0.025158
мир 0.003215 0.0 0.0
мобильный 0.003215 0.0 0.0
модель 0.003215 1.237874 0.00398
мозг 0.003215 2.813411 0.009046
момент 0.006431 0.0 0.0
монитор 0.003215 0.0 0.0
мотобренд 0.003215 0.0 0.0
мотоцикл 0.003215 0.0 0.0
мочь 0.003215 0.0 0.0
нажать 0.003215 0.0 0.0
название 0.003215 0.0 0.0
назвать 0.003215 0.0 0.0
наслать 0.003215 0.0 0.0
наш 0.006431 0.0 0.0
неделя 0.003215 2.995732 0.009633
новость 0.003215 0.0 0.0
новый 0.009646 0.0 0.0
ноутбук 0.003215 0.0 0.0
нужный 0.003215 0.0 0.0
обзор 0.003215 0.0 0.0
обработка 0.003215 0.0 0.0
образец 0.003215 0.0 0.0
объявить 0.003215 0.0 0.0
одноклассник 0.006431 0.0 0.0
орбита 0.003215 0.0 0.0
отдать 0.003215 0.0 0.0
отечественный 0.003215 0.0 0.0
отказ 0.003215 0.0 0.0
отказаться 0.003215 0.0 0.0
отключить 0.003215 0.0 0.0
официально 0.006431 1.966113 0.012644
официальный 0.003215 4.60517 0.014808
очень 0.006431 0.0 0.0
ошибка 0.003215 0.0 0.0
паралич 0.003215 3.218876 0.01035
первоначальный 0.006431 4.60517 0.029615
передний 0.003215 0.0 0.0
период 0.006431 0.0 0.0
периферия 0.006431 0.0 0.0
персональный 0.006431 0.0 0.0
пиар 0.006431 0.0 0.0
планшет 0.003215 0.0 0.0
платформа 0.006431 0.0 0.0
повлиять 0.003215 2.995732 0.009633
повреждение 0.003215 2.813411 0.009046
подвести 0.003215 0.0 0.0
поднять 0.003215 0.0 0.0
подробный 0.003215 0.0 0.0
поиск 0.006431 0.0 0.0
пока 0.006431 0.0 0.0
показать 0.003215 2.302585 0.007404
покупатель 0.003215 3.912023 0.012579
покупка 0.003215 4.60517 0.014808
полезный 0.003215 0.0 0.0
политика 0.009646 0.0 0.0
полноприводный 0.003215 0.0 0.0
получать 0.003215 3.218876 0.01035
получить 0.009646 1.427116 0.013766
полёт 0.003215 0.0 0.0
помочь 0.003215 2.995732 0.009633
попробовать 0.006431 0.0 0.0
популярный 0.006431 0.0 0.0
посещать 0.006431 0.0 0.0
поставить 0.003215 4.60517 0.014808
прайс 0.006431 0.0 0.0
предлагать 0.003215 2.120264 0.006818
предложение 0.006431 3.912023 0.025158
представить 0.003215 0.0 0.0
прибавка 0.006431 0.0 0.0
привод 0.003215 0.0 0.0
принтер 0.003215 0.0 0.0
пробизнес 0.006431 0.0 0.0
проведение 0.003215 0.0 0.0
программа 0.003215 0.0 0.0
продавать 0.006431 0.0 0.0
продажа 0.003215 0.0 0.0
продолжать 0.003215 0.0 0.0
проект 0.006431 0.0 0.0
проектор 0.003215 0.0 0.0
пролить 0.006431 0.0 0.0
процесс 0.003215 0.0 0.0
публиковать 0.003215 4.60517 0.014808
пять 0.006431 2.995732 0.019265
работа 0.003215 0.0 0.0
распродавать 0.003215 3.506558 0.011275
реальный 0.003215 0.0 0.0
революционный 0.003215 3.506558 0.011275
результат 0.003215 0.0 0.0
реклама 0.006431 0.0 0.0
решать 0.003215 0.0 0.0
россия 0.006431 0.0 0.0
россиянин 0.003215 0.0 0.0
рубль 0.003215 0.0 0.0
рынок 0.006431 0.0 0.0
сайт 0.006431 0.0 0.0
самолёт 0.003215 0.0 0.0
самый 0.006431 0.0 0.0
сантиметр 0.003215 0.0 0.0
сбор 0.003215 0.0 0.0
свет 0.006431 0.0 0.0
связь 0.009646 0.0 0.0
сегодня 0.006431 0.0 0.0
сервер 0.003215 0.0 0.0
сервис 0.003215 0.0 0.0
сертификация 0.003215 0.0 0.0
сеть 0.003215 0.0 0.0
скидка 0.003215 2.65926 0.008551
скоро 0.006431 0.0 0.0
смочь 0.003215 2.65926 0.008551
снова 0.006431 0.0 0.0
советский 0.006431 0.0 0.0
соглашаться 0.003215 0.0 0.0
составлять 0.003215 2.407946 0.007743
спасти 0.006431 0.0 0.0
специальный 0.003215 4.60517 0.014808
спинной 0.003215 3.218876 0.01035
среда 0.006431 0.0 0.0
ссылка 0.003215 0.0 0.0
ставка 0.003215 4.60517 0.014808
стартовать 0.003215 0.0 0.0
статистика 0.006431 0.0 0.0
статус 0.006431 2.995732 0.019265
стать 0.003215 0.0 0.0
статья 0.003215 0.0 0.0
стоимость 0.006431 0.0 0.0
тайконавт 0.003215 0.0 0.0
тег 0.003215 0.0 0.0
текст 0.006431 0.0 0.0
технический 0.006431 0.0 0.0
топ 0.006431 0.0 0.0
три 0.003215 0.71335 0.002294
тыс 0.006431 0.0 0.0
убрать 0.003215 0.0 0.0
упасть 0.006431 0.0 0.0
условие 0.006431 1.560648 0.010036
устройство 0.003215 0.0 0.0
файл 0.003215 0.0 0.0
флагманский 0.003215 0.0 0.0
фундаментальный 0.003215 0.0 0.0
хит 0.003215 0.0 0.0
цветок 0.003215 4.60517 0.014808
человек 0.006431 0.0 0.0
чип 0.006431 1.966113 0.012644
экспорт 0.006431 0.0 0.0
электрический 0.003215 2.813411 0.009046
эмбрион 0.003215 0.0 0.0
южный 0.003215 0.0 0.0
