авиалайнер 0.003115 0.0 0.0
австралия 0.003115 0.0 0.0
автоваз 0.006231 0.0 0.0
автомат 0.003115 0.0 0.0
автопроизводитель 0.003115 0.0 0.0
автор 0.009346 0.0 0.0
агентство 0.003115 3.218876 0.010028
администрация 0.003115 0.0 0.0
адрес 0.006231 0.0 0.0
америка 0.003115 0.0 0.0
аналитик 0.003115 0.0 0.0
апрель 0.003115 2.995732 0.009332
астронавт 0.003115 2.525729 0.007868
белок 0.003115 0.0 0.0
беспилотный 0.006231 4.60517 0.028693
биологический 0.006231 0.0 0.0
ближний 0.003115 0.0 0.0
блог 0.003115 0.0 0.0
быстро 0.006231 0.0 0.0
быть 0.003115 0.0 0.0
вес 0.003115 0.0 0.0
весь 0.003115 0.0 0.0
видеокарта 0.003115 0.0 0.0
внедорожник 0.003115 0.0 0.0
войти 0.006231 0.0 0.0
вопрос 0.003115 1.660731 0.005174
восемь 0.003115 4.60517 0.014346
восток 0.003115 0.0 0.0
входить 0.003115 0.0 0.0
выделить 0.003115 0.0 0.0
выполнение 0.003115 3.218876 0.010028
выполнить 0.003115 4.60517 0.014346
выходить 0.003115 0.0 0.0
главный 0.003115 0.0 0.0
год 0.006231 0.0 0.0
графика 0.006231 3.218876 0.020055
грузовой 0.003115 3.912023 0.012187
данные 0.006231 0.0 0.0
данный 0.006231 0.0 0.0
двигатель 0.009346 0.0 0.0
двигаться 0.003115 3.506558 0.010924
дело 0.006231 3.218876 0.020055
день 0.003115 0.0 0.0
дизайн 0.006231 0.0 0.0
директор 0.006231 0.0 0.0
доллар 0.003115 0.0 0.0
дом 0.006231 0.0 0.0
доставить 0.003115 0.0 0.0
доставка 0.003115 3.218876 0.010028
достигать 0.003115 0.0 0.0
евклид 0.006231 4.60517 0.028693
ежемесячно 0.006231 4.60517 0.028693
завершить 0.003115 0.0 0.0
запуск 0.009346 1.272966 0.011897
запускать 0.003115 2.813411 0.008765
защита 0.003115 0.0 0.0
земля 0.006231 0.0 0.0
зонд 0.009346 0.0 0.0
игра 0.003115 0.0 0.0
илона 0.006231 2.207275 0.013752
инновационный 0.006231 0.0 0.0
информация 0.003115 0.0 0.0
иск 0.003115 0.0 0.0
использование 0.003115 0.0 0.0
исследование 0.003115 0.0 0.0
источник 0.006231 0.0 0.0
каждый 0.003115 2.407946 0.007501
календарь 0.006231 0.0 0.0
калифорния 0.003115 2.525729 0.007868
категория 0.003115 0.0 0.0
кг 0.006231 0.0 0.0
километр 0.003115 0.0 0.0
классический 0.003115 0.0 0.0
клон 0.006231 0.0 0.0
комментирование 0.003115 0.0 0.0
компания 0.009346 0.71335 0.006667
комфортный 0.006231 0.0 0.0
конец 0.003115 2.120264 0.006605
конференция 0.006231 0.0 0.0
корабль 0.006231 3.218876 0.020055
корея 0.003115 0.0 0.0
корпус 0.003115 0.0 0.0
космический 0.003115 2.120264 0.006605
космос 0.009346 0.0 0.0
кроссовер 0.006231 0.0 0.0
кубический 0.003115 0.0 0.0
кук 0.003115 0.0 0.0
летать 0.006231 0.0 0.0
лист 0.003115 0.0 0.0
май 0.009346 0.0 0.0
марк 0.003115 0.0 0.0
март 0.003115 1.714798 0.005342
маска 0.006231 2.207275 0.013752
материал 0.003115 0.0 0.0
машина 0.003115 0.0 0.0
международный 0.003115 3.506558 0.010924
межпланетный 0.006231 0.0 0.0
менять 0.003115 0.0 0.0
месяц 0.006231 1.832581 0.011418
миллион 0.003115 0.0 0.0
минута 0.003115 2.65926 0.008284
мир 0.003115 0.0 0.0
миссия 0.006231 1.771957 0.01104
мобильный 0.003115 0.0 0.0
момент 0.006231 0.0 0.0
монитор 0.003115 0.0 0.0
мотобренд 0.003115 0.0 0.0
мотоцикл 0.003115 0.0 0.0
мочь 0.003115 0.0 0.0
нажать 0.003115 0.0 0.0
название 0.003115 0.0 0.0
назвать 0.003115 0.0 0.0
наслать 0.003115 0.0 0.0
наш 0.006231 0.0 0.0
новость 0.003115 0.0 0.0
новый 0.009346 0.0 0.0
носитель 0.006231 2.995732 0.018665
ноутбук 0.003115 0.0 0.0
нужный 0.003115 0.0 0.0
обзор 0.003115 0.0 0.0
обработка 0.003115 0.0 0.0
образец 0.003115 0.0 0.0
обсерватория 0.003115 3.506558 0.010924
общий 0.003115 3.912023 0.012187
объявить 0.003115 0.0 0.0
одноклассник 0.006231 0.0 0.0
орбита 0.003115 0.0 0.0
орбитальный 0.003115 3.506558 0.010924
оставить 0.003115 0.0 0.0
отдать 0.003115 0.0 0.0
отечественный 0.003115 0.0 0.0
отказ 0.003115 0.0 0.0
отказаться 0.003115 0.0 0.0
отклонение 0.003115 3.506558 0.010924
отклонить 0.003115 3.506558 0.010924
отключить 0.003115 0.0 0.0
отправить 0.003115 4.60517 0.014346
отставать 0.003115 3.218876 0.010028
очень 0.006231 0.0 0.0
ошибка 0.003115 0.0 0.0
первый 0.003115 2.120264 0.006605
передний 0.003115 0.0 0.0
период 0.006231 0.0 0.0
периферия 0.006231 0.0 0.0
персональный 0.006231 0.0 0.0
пиар 0.006231 0.0 0.0
план 0.003115 0.0 0.0
планироваться 0.003115 3.506558 0.010924
планшет 0.003115 0.0 0.0
платформа 0.006231 0.0 0.0
подвести 0.003115 0.0 0.0
поднять 0.003115 0.0 0.0
подробный 0.003115 0.0 0.0
поиск 0.006231 0.0 0.0
пока 0.006231 0.0 0.0
показаться 0.006231 3.506558 0.021848
полезный 0.003115 0.0 0.0
политика 0.009346 0.0 0.0
полноприводный 0.003115 0.0 0.0
полёт 0.003115 0.0 0.0
попробовать 0.006231 0.0 0.0
популярный 0.006231 0.0 0.0
посадка 0.006231 3.218876 0.020055
посещать 0.006231 0.0 0.0
потребоваться 0.003115 3.912023 0.012187
появиться 0.003115 2.813411 0.008765
прайс 0.006231 0.0 0.0
представить 0.003115 0.0 0.0
прибавка 0.006231 0.0 0.0
привод 0.003115 0.0 0.0
придерживаться 0.006231 4.60517 0.028693
принтер 0.003115 0.0 0.0
пробизнес 0.006231 0.0 0.0
проведение 0.003115 0.0 0.0
программа 0.003115 0.0 0.0
продавать 0.006231 0.0 0.0
продажа 0.003115 0.0 0.0
продолжать 0.003115 0.0 0.0
продолжить 0.003115 3.506558 0.010924
проект 0.006231 0.0 0.0
проектор 0.003115 0.0 0.0
прожига 0.003115 3.218876 0.010028
пролить 0.006231 0.0 0.0
процесс 0.003115 0.0 0.0
работа 0.003115 0.0 0.0
ракета 0.003115 2.525729 0.007868
ранее 0.006231 1.771957 0.01104
реальный 0.003115 0.0 0.0
результат 0.003115 0.0 0.0
реклама 0.006231 0.0 0.0
решать 0.003115 0.0 0.0
россия 0.003115 0.0 0.0
россиянин 0.003115 0.0 0.0
рубль 0.003115 0.0 0.0
рынок 0.006231 0.0 0.0
сайт 0.006231 0.0 0.0
самолёт 0.003115 0.0 0.0
самый 0.006231 0.0 0.0
сантиметр 0.003115 0.0 0.0
сбор 0.003115 0.0 0.0
свет 0.006231 0.0 0.0
связь 0.009346 0.0 0.0
сегодня 0.006231 0.0 0.0
сервер 0.003115 0.0 0.0
сервис 0.003115 0.0 0.0
сертификация 0.003115 0.0 0.0
сеть 0.003115 0.0 0.0
скоро 0.006231 0.0 0.0
снова 0.006231 0.0 0.0
совершить 0.003115 3.912023 0.012187
советский 0.006231 0.0 0.0
соглашаться 0.003115 0.0 0.0
составить 0.006231 4.60517 0.028693
спасти 0.006231 0.0 0.0
спутник 0.003115 2.120264 0.006605
среда 0.006231 0.0 0.0
ссылка 0.003115 0.0 0.0
станция 0.003115 2.407946 0.007501
старт 0.006231 0.0 0.0
стартовать 0.003115 0.0 0.0
статистика 0.006231 0.0 0.0
стать 0.006231 0.0 0.0
статья 0.003115 0.0 0.0
стоимость 0.006231 0.0 0.0
ступень 0.006231 3.218876 0.020055
суд 0.003115 1.89712 0.00591
судно 0.003115 4.60517 0.014346
судья 0.006231 3.506558 0.021848
счёт 0.003115 2.995732 0.009332
тайконавт 0.003115 0.0 0.0
тег 0.003115 0.0 0.0
текст 0.006231 0.0 0.0
тест 0.006231 1.171183 0.007297
технический 0.006231 0.0 0.0
топ 0.006231 0.0 0.0
тыс 0.006231 0.0 0.0
убрать 0.003115 0.0 0.0
увеличить 0.006231 3.912023 0.024374
упасть 0.006231 0.0 0.0
ускоритель 0.003115 3.912023 0.012187
успешно 0.006231 2.407946 0.015003
устройство 0.003115 0.0 0.0
участвовать 0.003115 3.912023 0.012187
файл 0.003115 0.0 0.0
февраль 0.003115 3.912023 0.012187
флагманский 0.003115 0.0 0.0
фундаментальный 0.003115 0.0 0.0
хит 0.003115 0.0 0.0
ходатайство 0.006231 3.506558 0.021848
частный 0.003115 3.218876 0.010028
часто 0.006231 1.714798 0.010684
частота 0.003115 2.525729 0.007868
человек 0.003115 0.0 0.0
число 0.006231 4.60517 0.028693
эквивалентный 0.003115 4.60517 0.014346
экспорт 0.006231 0.0 0.0
эмбрион 0.003115 0.0 0.0
южный 0.003115 0.0 0.0
январь 0.003115 4.60517 0.014346
