авиалайнер 0.002188 0.0 0.0
австралия 0.002188 0.0 0.0
автоваз 0.004376 0.0 0.0
автомат 0.002188 0.0 0.0
автоматический 0.002188 4.60517 0.010077
автопроизводитель 0.002188 0.0 0.0
автор 0.006565 0.0 0.0
администрация 0.002188 0.0 0.0
адрес 0.004376 0.0 0.0
алгоритм 0.002188 2.65926 0.005819
америка 0.002188 0.0 0.0
аналитик 0.002188 0.0 0.0
аналог 0.002188 2.525729 0.005527
атака 0.002188 2.995732 0.006555
безопасность 0.002188 1.714798 0.003752
белок 0.002188 0.0 0.0
библиотека 0.002188 3.506558 0.007673
биологический 0.004376 0.0 0.0
ближний 0.002188 0.0 0.0
блог 0.002188 0.0 0.0
бросить 0.002188 3.218876 0.007043
будущее 0.002188 2.207275 0.00483
быстро 0.004376 0.0 0.0
быть 0.002188 0.0 0.0
важно 0.004376 2.120264 0.009279
версия 0.002188 2.302585 0.005038
вес 0.002188 0.0 0.0
вести 0.002188 2.120264 0.00464
весь 0.002188 0.0 0.0
видеокарта 0.002188 0.0 0.0
влиять 0.002188 3.218876 0.007043
внедорожник 0.002188 0.0 0.0
внедрять 0.004376 4.60517 0.020154
военный 0.002188 3.506558 0.007673
войти 0.004376 0.0 0.0
воспроизведение 0.004376 4.60517 0.020154
восток 0.002188 0.0 0.0
вредоносный 0.006565 4.60517 0.030231
входить 0.002188 0.0 0.0
вывод 0.002188 2.65926 0.005819
выделить 0.002188 0.0 0.0
вызов 0.004376 3.218876 0.014087
выполниться 0.002188 4.60517 0.010077
выходить 0.002188 0.0 0.0
галлюцинация 0.004376 4.60517 0.020154
галлюцинировать 0.002188 4.60517 0.010077
генератор 0.004376 3.218876 0.014087
главный 0.002188 0.0 0.0
год 0.004376 0.0 0.0
давать 0.002188 0.0 0.0
данные 0.004376 0.0 0.0
двигатель 0.006565 0.0 0.0
джозеф 0.004376 4.60517 0.020154
дизайн 0.004376 0.0 0.0
директор 0.004376 0.0 0.0
доллар 0.002188 0.0 0.0
дом 0.004376 0.0 0.0
доставить 0.002188 0.0 0.0
достигать 0.002188 0.0 0.0
другой 0.002188 1.771957 0.003877
завершить 0.002188 0.0 0.0
зависимость 0.008753 2.65926 0.023276
запрос 0.002188 2.813411 0.006156
затруднять 0.002188 4.60517 0.010077
защита 0.002188 0.0 0.0
земля 0.004376 0.0 0.0
злоумышленник 0.008753 3.912023 0.034241
значение 0.004376 3.912023 0.01712
зонд 0.006565 0.0 0.0
игра 0.002188 0.0 0.0
идеальный 0.002188 4.60517 0.010077
иллюстрация 0.004376 2.120264 0.009279
иметь 0.004376 3.506558 0.015346
имя 0.004376 3.506558 0.015346
инновационный 0.004376 0.0 0.0
инструмент 0.002188 1.89712 0.004151
интеллект 0.002188 1.966113 0.004302
информация 0.002188 0.0 0.0
искусственный 0.002188 2.813411 0.006156
использование 0.002188 0.0 0.0
использоваться 0.002188 3.506558 0.007673
исследование 0.008753 0.0 0.0
исследователь 0.002188 1.832581 0.00401
источник 0.004376 0.0 0.0
итерация 0.002188 4.60517 0.010077
каждый 0.002188 2.407946 0.005269
календарь 0.004376 0.0 0.0
категория 0.002188 0.0 0.0
кг 0.004376 0.0 0.0
кевин 0.002188 4.60517 0.010077
кибербезопасность 0.004376 3.912023 0.01712
киберпреступник 0.002188 3.506558 0.007673
километр 0.002188 0.0 0.0
китай 0.004376 1.171183 0.005126
классический 0.002188 0.0 0.0
клон 0.004376 0.0 0.0
код 0.008753 2.207275 0.01932
комментирование 0.002188 0.0 0.0
коммерческий 0.002188 2.65926 0.005819
комфортный 0.004376 0.0 0.0
конференция 0.004376 0.0 0.0
корея 0.002188 0.0 0.0
корпус 0.002188 0.0 0.0
космос 0.006565 0.0 0.0
который 0.002188 1.203973 0.002635
критически 0.004376 4.60517 0.020154
кроссовер 0.004376 0.0 0.0
кубический 0.002188 0.0 0.0
кук 0.002188 0.0 0.0
легитимный 0.002188 4.60517 0.010077
летать 0.004376 0.0 0.0
летний 0.002188 3.218876 0.007043
лист 0.002188 0.0 0.0
ловушка 0.004376 4.60517 0.020154
май 0.006565 0.0 0.0
марк 0.002188 0.0 0.0
масштаб 0.004376 1.771957 0.007755
материал 0.002188 0.0 0.0
машина 0.002188 0.0 0.0
межпланетный 0.004376 0.0 0.0
менять 0.002188 0.0 0.0
механизм 0.004376 3.506558 0.015346
миллион 0.002188 0.0 0.0
мир 0.004376 0.0 0.0
мобильный 0.002188 0.0 0.0
модель 0.006565 0.820981 0.005389
момент 0.004376 0.0 0.0
монитор 0.002188 0.0 0.0
мотобренд 0.002188 0.0 0.0
мотоцикл 0.002188 0.0 0.0
мочь 0.002188 0.0 0.0
нажать 0.002188 0.0 0.0
название 0.004376 0.0 0.0
назвать 0.002188 0.0 0.0
наиболее 0.004376 3.218876 0.014087
наслать 0.002188 0.0 0.0
наш 0.004376 0.0 0.0
неймспейс 0.002188 4.60517 0.010077
необходимый 0.002188 4.60517 0.010077
несуществующий 0.002188 3.506558 0.007673
никуда 0.004376 4.60517 0.020154
новость 0.002188 0.0 0.0
новый 0.010941 0.0 0.0
ноутбук 0.002188 0.0 0.0
нужный 0.002188 0.0 0.0
обеспечение 0.002188 2.813411 0.006156
обзор 0.002188 0.0 0.0
обнаружение 0.002188 2.995732 0.006555
обработка 0.002188 0.0 0.0
образец 0.004376 0.0 0.0
объявить 0.002188 0.0 0.0
объяснить 0.002188 3.506558 0.007673
одноклассник 0.004376 0.0 0.0
оказаться 0.002188 2.813411 0.006156
опасность 0.004376 2.407946 0.010538
орбита 0.002188 0.0 0.0
особый 0.002188 3.912023 0.00856
отдать 0.002188 0.0 0.0
отечественный 0.002188 0.0 0.0
отказ 0.002188 0.0 0.0
отказаться 0.002188 0.0 0.0
отключить 0.002188 0.0 0.0
открывать 0.004376 2.525729 0.011054
открытие 0.004376 2.525729 0.011054
очень 0.004376 0.0 0.0
очко 0.002188 2.813411 0.006156
ошибка 0.004376 0.0 0.0
пакет 0.010941 4.60517 0.050385
параметр 0.002188 2.65926 0.005819
первый 0.002188 1.347074 0.002948
передний 0.002188 0.0 0.0
период 0.004376 0.0 0.0
периферия 0.004376 0.0 0.0
персональный 0.004376 0.0 0.0
пиар 0.004376 0.0 0.0
планшет 0.002188 0.0 0.0
платформа 0.004376 0.0 0.0
повторяться 0.002188 4.60517 0.010077
подвести 0.002188 0.0 0.0
поддельный 0.002188 4.60517 0.010077
поддержка 0.002188 2.525729 0.005527
поднять 0.002188 0.0 0.0
подобный 0.002188 4.60517 0.010077
подробный 0.002188 0.0 0.0
подчеркнуть 0.002188 2.040221 0.004464
позволять 0.002188 1.832581 0.00401
поиск 0.004376 0.0 0.0
пока 0.004376 0.0 0.0
полезный 0.002188 0.0 0.0
политика 0.006565 0.0 0.0
полноприводный 0.002188 0.0 0.0
полёт 0.002188 0.0 0.0
помощь 0.002188 2.120264 0.00464
попробовать 0.004376 0.0 0.0
популярный 0.006565 0.0 0.0
посещать 0.004376 0.0 0.0
поставка 0.002188 3.218876 0.007043
появляться 0.002188 4.60517 0.010077
прайс 0.004376 0.0 0.0
превосходство 0.002188 3.912023 0.00856
предложить 0.002188 2.995732 0.006555
предполагать 0.002188 3.912023 0.00856
предсказуемый 0.002188 4.60517 0.010077
представить 0.004376 0.0 0.0
представлять 0.002188 3.912023 0.00856
прибавка 0.004376 0.0 0.0
привести 0.004376 3.506558 0.015346
привод 0.002188 0.0 0.0
призвать 0.002188 4.60517 0.010077
принтер 0.002188 0.0 0.0
прислать 0.002188 3.912023 0.00856
причина 0.004376 3.912023 0.01712
проанализировать 0.002188 3.912023 0.00856
пробизнес 0.004376 0.0 0.0
проблема 0.004376 3.912023 0.01712
проведение 0.002188 0.0 0.0
проверять 0.004376 4.60517 0.020154
прогноз 0.002188 3.506558 0.007673
программа 0.004376 0.0 0.0
программирование 0.002188 4.60517 0.010077
программный 0.002188 3.912023 0.00856
продавать 0.004376 0.0 0.0
продажа 0.002188 0.0 0.0
продолжать 0.002188 0.0 0.0
проект 0.004376 0.0 0.0
проектор 0.002188 0.0 0.0
пролить 0.004376 0.0 0.0
процесс 0.002188 0.0 0.0
публиковать 0.002188 4.60517 0.010077
публичный 0.002188 3.912023 0.00856
работа 0.006565 0.0 0.0
размер 0.004376 2.302585 0.010077
разница 0.004376 3.912023 0.01712
разработать 0.004376 3.912023 0.01712
разработка 0.002188 2.207275 0.00483
разработчик 0.008753 2.407946 0.021076
рамка 0.002188 2.302585 0.005038
реактор 0.002188 2.65926 0.005819
реальный 0.002188 0.0 0.0
регулярно 0.004376 3.912023 0.01712
результат 0.002188 0.0 0.0
реклама 0.004376 0.0 0.0
репозиторий 0.002188 4.60517 0.010077
решать 0.002188 0.0 0.0
решение 0.002188 1.514128 0.003313
риск 0.002188 1.89712 0.004151
роль 0.004376 1.89712 0.008302
россия 0.002188 0.0 0.0
россиянин 0.002188 0.0 0.0
рост 0.002188 0.755023 0.001652
рубль 0.002188 0.0 0.0
рынок 0.004376 0.0 0.0
сайт 0.004376 0.0 0.0
самолёт 0.002188 0.0 0.0
самый 0.004376 0.0 0.0
сан 0.004376 0.0 0.0
сантиметр 0.002188 0.0 0.0
сбор 0.002188 0.0 0.0
свет 0.004376 0.0 0.0
связывать 0.002188 4.60517 0.010077
связь 0.006565 0.0 0.0
сгенерировать 0.002188 4.60517 0.010077
сегодня 0.004376 0.0 0.0
сервер 0.002188 0.0 0.0
сервис 0.002188 0.0 0.0
сертификация 0.002188 0.0 0.0
сеть 0.002188 0.0 0.0
симпозиум 0.002188 4.60517 0.010077
система 0.002188 1.309333 0.002865
системный 0.002188 4.60517 0.010077
скоро 0.004376 0.0 0.0
случай 0.002188 2.813411 0.006156
случайный 0.002188 4.60517 0.010077
снизить 0.004376 3.218876 0.014087
снова 0.004376 0.0 0.0
советский 0.004376 0.0 0.0
соглашаться 0.002188 0.0 0.0
содержать 0.004376 3.912023 0.01712
создавать 0.004376 3.218876 0.014087
создаваться 0.004376 4.60517 0.020154
создать 0.004376 1.660731 0.007268
сообщество 0.004376 3.912023 0.01712
спасти 0.004376 0.0 0.0
среда 0.004376 0.0 0.0
ссылаться 0.002188 3.506558 0.007673
ссылка 0.002188 0.0 0.0
стандарт 0.002188 1.832581 0.00401
стартовать 0.002188 0.0 0.0
статистика 0.004376 0.0 0.0
стать 0.002188 0.0 0.0
статья 0.002188 0.0 0.0
стоимость 0.004376 0.0 0.0
сторонний 0.002188 3.218876 0.007043
существовать 0.002188 3.912023 0.00856
тайконавт 0.002188 0.0 0.0
такой 0.006565 1.427116 0.009368
тег 0.002188 0.0 0.0
текст 0.004376 0.0 0.0
тепловизор 0.002188 3.506558 0.007673
техас 0.002188 2.65926 0.005819
техника 0.004376 2.995732 0.01311
технический 0.006565 0.0 0.0
технология 0.002188 1.427116 0.003123
тип 0.002188 1.771957 0.003877
топ 0.004376 0.0 0.0
точность 0.004376 1.832581 0.00802
точный 0.002188 3.218876 0.007043
тыс 0.004376 0.0 0.0
убрать 0.002188 0.0 0.0
увеличить 0.002188 2.65926 0.005819
угроза 0.002188 3.506558 0.007673
указывать 0.002188 3.506558 0.007673
улучшать 0.002188 3.506558 0.007673
университет 0.002188 2.040221 0.004464
упасть 0.004376 0.0 0.0
усилить 0.004376 3.912023 0.01712
установить 0.002188 3.912023 0.00856
установка 0.002188 2.65926 0.005819
устройство 0.002188 0.0 0.0
усугублять 0.002188 3.912023 0.00856
утечка 0.002188 3.912023 0.00856
учёный 0.002188 1.966113 0.004302
уязвимость 0.004376 4.60517 0.020154
уязвимый 0.002188 4.60517 0.010077
файл 0.002188 0.0 0.0
фактор 0.002188 3.218876 0.007043
флагманский 0.002188 0.0 0.0
формат 0.002188 3.506558 0.007673
фундаментальный 0.002188 0.0 0.0
хит 0.002188 0.0 0.0
цепочка 0.002188 4.60517 0.010077
часто 0.004376 1.714798 0.007505
частота 0.002188 2.525729 0.005527
чей 0.002188 2.813411 0.006156
человек 0.002188 0.0 0.0
число 0.002188 3.912023 0.00856
экосистема 0.002188 3.218876 0.007043
экспорт 0.004376 0.0 0.0
эмбрион 0.002188 0.0 0.0
южный 0.002188 0.0 0.0
язык 0.004376 2.813411 0.012313
языковой 0.002188 4.60517 0.010077
