авиалайнер 0.002387 0.0 0.0
австралия 0.002387 0.0 0.0
автоваз 0.004773 0.0 0.0
автомат 0.002387 0.0 0.0
автономный 0.004773 3.912023 0.018673
автопроизводитель 0.002387 0.0 0.0
автор 0.00716 0.0 0.0
администрация 0.002387 0.0 0.0
адрес 0.004773 0.0 0.0
алгоритм 0.002387 2.65926 0.006347
америка 0.002387 0.0 0.0
аналитик 0.002387 0.0 0.0
анонсировать 0.002387 2.813411 0.006715
белок 0.002387 0.0 0.0
биологический 0.004773 0.0 0.0
ближний 0.002387 0.0 0.0
блог 0.002387 0.0 0.0
бургер 0.002387 3.506558 0.008369
быстро 0.004773 0.0 0.0
быть 0.002387 0.0 0.0
вес 0.002387 0.0 0.0
весь 0.002387 0.0 0.0
видеокарта 0.002387 0.0 0.0
внедорожник 0.002387 0.0 0.0
войти 0.004773 0.0 0.0
восток 0.002387 0.0 0.0
входить 0.002387 0.0 0.0
выделить 0.002387 0.0 0.0
выдерживать 0.002387 3.218876 0.007682
выйти 0.004773 3.218876 0.015365
выпуск 0.004773 2.207275 0.010536
высота 0.004773 2.65926 0.012693
выходить 0.002387 0.0 0.0
гибкий 0.002387 4.60517 0.010991
гибридный 0.004773 3.218876 0.015365
главный 0.002387 0.0 0.0
год 0.002387 0.0 0.0
готовый 0.002387 1.237874 0.002954
данные 0.004773 0.0 0.0
двигатель 0.00716 0.0 0.0
движение 0.004773 2.525729 0.012056
дизайн 0.004773 0.0 0.0
директор 0.004773 0.0 0.0
доллар 0.002387 0.0 0.0
дом 0.004773 0.0 0.0
дополнительный 0.002387 3.506558 0.008369
доставить 0.002387 0.0 0.0
достигать 0.002387 0.0 0.0
доступный 0.002387 2.65926 0.006347
завал 0.002387 3.912023 0.009337
завершить 0.002387 0.0 0.0
задача 0.002387 1.609438 0.003841
задний 0.004773 3.912023 0.018673
заказ 0.002387 2.525729 0.006028
замена 0.002387 2.813411 0.006715
заменять 0.00716 3.912023 0.02801
запланировать 0.002387 4.60517 0.010991
запустить 0.002387 1.966113 0.004692
зарядка 0.002387 3.506558 0.008369
защита 0.00716 0.0 0.0
защищённость 0.002387 4.60517 0.010991
земля 0.004773 0.0 0.0
зона 0.004773 2.525729 0.012056
зонд 0.00716 0.0 0.0
игра 0.002387 0.0 0.0
идеально 0.004773 3.218876 0.015365
изогнутый 0.002387 4.60517 0.010991
инновационный 0.004773 0.0 0.0
интегрировать 0.004773 2.813411 0.013429
интеллект 0.002387 1.966113 0.004692
интерфейс 0.002387 2.525729 0.006028
информация 0.002387 0.0 0.0
искусственный 0.002387 3.506558 0.008369
использование 0.002387 0.0 0.0
исследование 0.002387 0.0 0.0
исследовать 0.004773 3.218876 0.015365
источник 0.004773 0.0 0.0
календарь 0.004773 0.0 0.0
картографирование 0.002387 4.60517 0.010991
категория 0.002387 0.0 0.0
квадропед 0.002387 4.60517 0.010991
квантовый 0.004773 3.506558 0.016738
квартал 0.004773 2.813411 0.013429
кг 0.004773 0.0 0.0
километр 0.002387 0.0 0.0
классический 0.002387 0.0 0.0
клон 0.004773 0.0 0.0
ключевой 0.002387 2.525729 0.006028
колено 0.004773 4.60517 0.021982
колёсный 0.00716 4.60517 0.032973
комментирование 0.002387 0.0 0.0
компания 0.004773 0.820981 0.003919
компенсировать 0.002387 3.912023 0.009337
компьютер 0.004773 2.207275 0.010536
комфортный 0.004773 0.0 0.0
конструкция 0.004773 3.912023 0.018673
конференция 0.004773 0.0 0.0
корея 0.002387 0.0 0.0
коридор 0.002387 4.60517 0.010991
корпус 0.002387 0.0 0.0
космос 0.00716 0.0 0.0
критично 0.004773 3.506558 0.016738
кроссовер 0.004773 0.0 0.0
крупный 0.002387 2.813411 0.006715
кубический 0.002387 0.0 0.0
кук 0.002387 0.0 0.0
кухня 0.002387 3.506558 0.008369
ландшафт 0.002387 3.912023 0.009337
лестница 0.002387 4.60517 0.010991
летать 0.004773 0.0 0.0
лидар 0.00716 3.912023 0.02801
лист 0.002387 0.0 0.0
логистика 0.002387 3.912023 0.009337
локация 0.002387 4.60517 0.010991
локоть 0.004773 4.60517 0.021982
май 0.00716 0.0 0.0
манёвренность 0.004773 3.912023 0.018673
марк 0.002387 0.0 0.0
материал 0.002387 0.0 0.0
машина 0.002387 0.0 0.0
межпланетный 0.004773 0.0 0.0
менять 0.002387 0.0 0.0
миллион 0.002387 0.0 0.0
мир 0.004773 0.0 0.0
мобильный 0.002387 0.0 0.0
модель 0.00716 1.237874 0.008863
момент 0.004773 0.0 0.0
монитор 0.002387 0.0 0.0
мотобренд 0.002387 0.0 0.0
мотоцикл 0.002387 0.0 0.0
мочь 0.002387 0.0 0.0
навигация 0.004773 4.60517 0.021982
нагрузка 0.004773 2.302585 0.010991
нажать 0.002387 0.0 0.0
название 0.002387 0.0 0.0
назвать 0.002387 0.0 0.0
наслать 0.002387 0.0 0.0
научный 0.002387 2.813411 0.006715
начать 0.002387 2.995732 0.00715
наш 0.004773 0.0 0.0
недостаток 0.002387 4.60517 0.010991
непрерывный 0.002387 3.912023 0.009337
новость 0.002387 0.0 0.0
новый 0.00716 0.0 0.0
нога 0.002387 4.60517 0.010991
ноутбук 0.002387 0.0 0.0
нужный 0.002387 0.0 0.0
обеспечивать 0.002387 2.302585 0.005495
обзор 0.004773 0.0 0.0
оборудование 0.004773 3.506558 0.016738
обработка 0.002387 0.0 0.0
образец 0.002387 0.0 0.0
обход 0.002387 1.832581 0.004374
объединять 0.002387 3.912023 0.009337
объявить 0.002387 0.0 0.0
одноклассник 0.004773 0.0 0.0
опасный 0.004773 2.995732 0.014299
операция 0.002387 2.65926 0.006347
оптимизация 0.002387 2.525729 0.006028
орбита 0.002387 0.0 0.0
ориентироваться 0.004773 4.60517 0.021982
осень 0.002387 3.506558 0.008369
оснастить 0.002387 2.813411 0.006715
особенность 0.004773 3.506558 0.016738
отдать 0.002387 0.0 0.0
отечественный 0.002387 0.0 0.0
отказ 0.002387 0.0 0.0
отказаться 0.002387 0.0 0.0
отключить 0.002387 0.0 0.0
отрасль 0.002387 3.506558 0.008369
очень 0.004773 0.0 0.0
ошибка 0.002387 0.0 0.0
первый 0.004773 1.237874 0.005909
передний 0.00716 0.0 0.0
перепад 0.002387 3.912023 0.009337
период 0.004773 0.0 0.0
периферия 0.004773 0.0 0.0
персональный 0.004773 0.0 0.0
пиар 0.004773 0.0 0.0
планшет 0.002387 0.0 0.0
платформа 0.004773 0.0 0.0
подвести 0.002387 0.0 0.0
поддерживать 0.002387 3.218876 0.007682
поднять 0.002387 0.0 0.0
подробный 0.002387 0.0 0.0
пожаротушение 0.002387 4.60517 0.010991
поза 0.002387 4.60517 0.010991
позволять 0.004773 1.771957 0.008458
позиционироваться 0.002387 4.60517 0.010991
поиск 0.004773 0.0 0.0
пока 0.004773 0.0 0.0
полезный 0.002387 0.0 0.0
политика 0.00716 0.0 0.0
полминуты 0.004773 3.506558 0.016738
полноприводный 0.002387 0.0 0.0
полный 0.004773 2.813411 0.013429
полёт 0.002387 0.0 0.0
попробовать 0.004773 0.0 0.0
популярный 0.004773 0.0 0.0
посещать 0.004773 0.0 0.0
поставка 0.002387 2.525729 0.006028
прайс 0.004773 0.0 0.0
превзойти 0.002387 3.218876 0.007682
предназначить 0.002387 3.218876 0.007682
представить 0.002387 0.0 0.0
преодолевать 0.009547 4.60517 0.043963
препятствие 0.002387 3.912023 0.009337
прибавка 0.004773 0.0 0.0
привод 0.002387 0.0 0.0
применение 0.002387 2.995732 0.00715
принтер 0.002387 0.0 0.0
пробизнес 0.004773 0.0 0.0
проведение 0.002387 0.0 0.0
программа 0.002387 0.0 0.0
продавать 0.004773 0.0 0.0
продажа 0.002387 0.0 0.0
продолжать 0.002387 0.0 0.0
проект 0.009547 0.0 0.0
проектор 0.002387 0.0 0.0
пролить 0.004773 0.0 0.0
промышленный 0.004773 3.506558 0.016738
прорыв 0.004773 1.714798 0.008185
пространство 0.002387 3.912023 0.009337
проходить 0.002387 4.60517 0.010991
процесс 0.002387 0.0 0.0
работа 0.004773 0.0 0.0
работать 0.002387 1.89712 0.004528
размер 0.002387 2.302585 0.005495
разработчик 0.002387 2.407946 0.005747
расширять 0.002387 3.506558 0.008369
расширяться 0.002387 4.60517 0.010991
реальный 0.002387 0.0 0.0
режим 0.004773 2.407946 0.011494
резкий 0.002387 4.60517 0.010991
результат 0.002387 0.0 0.0
реклама 0.004773 0.0 0.0
решать 0.002387 0.0 0.0
робот 0.011933 1.966113 0.023462
робототехника 0.00716 2.813411 0.020144
россия 0.002387 0.0 0.0
россиянин 0.002387 0.0 0.0
рубль 0.002387 0.0 0.0
рынок 0.004773 0.0 0.0
сайт 0.004773 0.0 0.0
самолёт 0.002387 0.0 0.0
самый 0.004773 0.0 0.0
сантиметр 0.002387 0.0 0.0
сбор 0.002387 0.0 0.0
сборка 0.004773 3.218876 0.015365
свет 0.004773 0.0 0.0
связь 0.00716 0.0 0.0
сегодня 0.004773 0.0 0.0
сервер 0.002387 0.0 0.0
сервис 0.002387 0.0 0.0
сертификация 0.002387 0.0 0.0
сеть 0.002387 0.0 0.0
система 0.004773 1.514128 0.007227
скоро 0.004773 0.0 0.0
скорость 0.004773 2.302585 0.010991
слово 0.002387 2.302585 0.005495
сложный 0.002387 2.813411 0.006715
смотреть 0.002387 0.0 0.0
снова 0.004773 0.0 0.0
советский 0.004773 0.0 0.0
совместимый 0.002387 3.912023 0.009337
соглашаться 0.002387 0.0 0.0
сочетать 0.002387 4.60517 0.010991
спасать 0.004773 3.506558 0.016738
спасти 0.004773 0.0 0.0
специализироваться 0.002387 4.60517 0.010991
способный 0.002387 2.525729 0.006028
среда 0.00716 0.0 0.0
ссылка 0.002387 0.0 0.0
стандарт 0.002387 1.832581 0.004374
стартовать 0.002387 0.0 0.0
статистика 0.004773 0.0 0.0
стать 0.002387 0.0 0.0
статья 0.002387 0.0 0.0
стоимость 0.004773 0.0 0.0
суперкомпьютер 0.002387 3.218876 0.007682
сфера 0.004773 2.813411 0.013429
счёт 0.004773 2.995732 0.014299
тайконавт 0.002387 0.0 0.0
тег 0.002387 0.0 0.0
текст 0.004773 0.0 0.0
темнота 0.002387 4.60517 0.010991
температура 0.002387 3.218876 0.007682
технический 0.004773 0.0 0.0
тоннель 0.002387 4.60517 0.010991
топ 0.004773 0.0 0.0
точный 0.002387 3.218876 0.007682
троп 0.002387 3.506558 0.008369
трубопровод 0.002387 4.60517 0.010991
тушить 0.004773 3.506558 0.016738
тыс 0.004773 0.0 0.0
убрать 0.002387 0.0 0.0
узкий 0.002387 3.912023 0.009337
упасть 0.004773 0.0 0.0
ускорять 0.002387 4.60517 0.010991
условие 0.002387 1.771957 0.004229
устройство 0.002387 0.0 0.0
участок 0.002387 3.912023 0.009337
файл 0.002387 0.0 0.0
флагманский 0.002387 0.0 0.0
фундаментальный 0.002387 0.0 0.0
хит 0.002387 0.0 0.0
цифровизация 0.002387 4.60517 0.010991
час 0.002387 0.0 0.0
человек 0.004773 0.0 0.0
шагать 0.002387 4.60517 0.010991
ширина 0.002387 4.60517 0.010991
экспорт 0.004773 0.0 0.0
эмбрион 0.002387 0.0 0.0
энергетика 0.002387 2.995732 0.00715
южный 0.002387 0.0 0.0
