авиалайнер 0.003247 0.0 0.0
австралия 0.006494 0.0 0.0
автоваз 0.006494 0.0 0.0
автомат 0.003247 0.0 0.0
автомобиль 0.00974 2.207275 0.021499
автопроизводитель 0.003247 0.0 0.0
автор 0.00974 0.0 0.0
администрация 0.003247 0.0 0.0
адрес 0.006494 0.0 0.0
америка 0.006494 0.0 0.0
аналитик 0.003247 0.0 0.0
база 0.003247 2.813411 0.009134
белок 0.003247 0.0 0.0
бензиновый 0.003247 3.506558 0.011385
биологический 0.006494 0.0 0.0
ближний 0.003247 0.0 0.0
блог 0.003247 0.0 0.0
быстро 0.006494 0.0 0.0
быть 0.003247 0.0 0.0
вариант 0.003247 2.995732 0.009726
версия 0.006494 2.65926 0.017268
вес 0.003247 0.0 0.0
весь 0.003247 0.0 0.0
видеокарта 0.003247 0.0 0.0
внедорожник 0.003247 0.0 0.0
возрасти 0.003247 4.60517 0.014952
войти 0.006494 0.0 0.0
восток 0.003247 0.0 0.0
впоследствии 0.006494 4.60517 0.029904
входить 0.003247 0.0 0.0
выделить 0.003247 0.0 0.0
выходить 0.003247 0.0 0.0
география 0.003247 3.912023 0.012701
гибрид 0.006494 1.89712 0.012319
гибридный 0.003247 2.525729 0.0082
главный 0.003247 0.0 0.0
год 0.003247 0.0 0.0
готовиться 0.003247 3.218876 0.010451
данные 0.006494 0.0 0.0
двигатель 0.00974 0.0 0.0
дизайн 0.006494 0.0 0.0
директор 0.006494 0.0 0.0
доллар 0.003247 0.0 0.0
дом 0.006494 0.0 0.0
доставить 0.003247 0.0 0.0
достигать 0.003247 0.0 0.0
доступный 0.003247 3.912023 0.012701
друг 0.00974 1.049822 0.010226
завершить 0.003247 0.0 0.0
залив 0.003247 4.60517 0.014952
защита 0.003247 0.0 0.0
земля 0.006494 0.0 0.0
зонд 0.00974 0.0 0.0
игра 0.003247 0.0 0.0
известный 0.003247 2.65926 0.008634
инновационный 0.006494 0.0 0.0
интересно 0.006494 3.912023 0.025403
информация 0.003247 0.0 0.0
использование 0.003247 0.0 0.0
исследование 0.003247 0.0 0.0
источник 0.006494 0.0 0.0
календарь 0.006494 0.0 0.0
категория 0.003247 0.0 0.0
кг 0.006494 0.0 0.0
километр 0.003247 0.0 0.0
классический 0.003247 0.0 0.0
клиент 0.003247 2.813411 0.009134
клон 0.006494 0.0 0.0
комментирование 0.003247 0.0 0.0
комфортный 0.006494 0.0 0.0
конкурировать 0.006494 3.912023 0.025403
конференция 0.006494 0.0 0.0
корейский 0.006494 4.60517 0.029904
корея 0.003247 0.0 0.0
корпус 0.003247 0.0 0.0
космос 0.00974 0.0 0.0
кроссовер 0.006494 0.0 0.0
кубический 0.003247 0.0 0.0
кук 0.003247 0.0 0.0
летать 0.006494 0.0 0.0
лист 0.003247 0.0 0.0
май 0.00974 0.0 0.0
марк 0.003247 0.0 0.0
материал 0.003247 0.0 0.0
машина 0.006494 0.0 0.0
межпланетный 0.006494 0.0 0.0
менять 0.003247 0.0 0.0
мера 0.003247 1.771957 0.005753
миллион 0.003247 0.0 0.0
мир 0.003247 0.0 0.0
мобильный 0.003247 0.0 0.0
модель 0.00974 0.867501 0.00845
момент 0.006494 0.0 0.0
монитор 0.003247 0.0 0.0
мотобренд 0.003247 0.0 0.0
мотоцикл 0.003247 0.0 0.0
мочь 0.003247 0.0 0.0
нажать 0.003247 0.0 0.0
название 0.003247 0.0 0.0
назвать 0.003247 0.0 0.0
наслать 0.003247 0.0 0.0
начать 0.003247 3.506558 0.011385
наш 0.006494 0.0 0.0
непонятно 0.006494 4.60517 0.029904
несколько 0.003247 2.407946 0.007818
новость 0.003247 0.0 0.0
новый 0.00974 0.0 0.0
ноутбук 0.003247 0.0 0.0
нужный 0.003247 0.0 0.0
обзор 0.003247 0.0 0.0
обработка 0.003247 0.0 0.0
образец 0.003247 0.0 0.0
общий 0.003247 3.218876 0.010451
объявить 0.003247 0.0 0.0
объём 0.006494 2.65926 0.017268
одноклассник 0.006494 0.0 0.0
орбита 0.003247 0.0 0.0
оригинальный 0.003247 4.60517 0.014952
отдать 0.003247 0.0 0.0
отечественный 0.003247 0.0 0.0
отказ 0.003247 0.0 0.0
отказаться 0.003247 0.0 0.0
отключить 0.003247 0.0 0.0
отнимать 0.003247 4.60517 0.014952
отправить 0.003247 4.60517 0.014952
очень 0.006494 0.0 0.0
ошибка 0.003247 0.0 0.0
передний 0.006494 0.0 0.0
перелицевать 0.003247 4.60517 0.014952
период 0.006494 0.0 0.0
периферия 0.006494 0.0 0.0
персональный 0.006494 0.0 0.0
перспектива 0.003247 3.912023 0.012701
пиар 0.006494 0.0 0.0
планшет 0.003247 0.0 0.0
платформа 0.006494 0.0 0.0
подвести 0.003247 0.0 0.0
поднять 0.003247 0.0 0.0
подробный 0.003247 0.0 0.0
подтвердить 0.003247 3.912023 0.012701
поиск 0.006494 0.0 0.0
пока 0.006494 0.0 0.0
полгода 0.006494 3.218876 0.020902
полезный 0.003247 0.0 0.0
политика 0.00974 0.0 0.0
полноприводный 0.003247 0.0 0.0
полёт 0.003247 0.0 0.0
попробовать 0.006494 0.0 0.0
популярный 0.006494 0.0 0.0
посещать 0.006494 0.0 0.0
потеснить 0.006494 4.60517 0.029904
появиться 0.003247 4.60517 0.014952
прайс 0.006494 0.0 0.0
представить 0.003247 0.0 0.0
представлять 0.003247 2.813411 0.009134
прибавка 0.006494 0.0 0.0
привод 0.006494 0.0 0.0
принтер 0.003247 0.0 0.0
пробизнес 0.006494 0.0 0.0
проведение 0.003247 0.0 0.0
программа 0.003247 0.0 0.0
продавать 0.006494 0.0 0.0
продажа 0.006494 0.0 0.0
продать 0.003247 2.995732 0.009726
продолжать 0.003247 0.0 0.0
проект 0.006494 0.0 0.0
проектор 0.003247 0.0 0.0
производство 0.003247 1.832581 0.00595
пролить 0.006494 0.0 0.0
процесс 0.003247 0.0 0.0
работа 0.003247 0.0 0.0
разводить 0.006494 4.60517 0.029904
расширение 0.003247 2.813411 0.009134
реальный 0.003247 0.0 0.0
результат 0.003247 0.0 0.0
реклама 0.006494 0.0 0.0
ресурс 0.006494 2.525729 0.016401
решать 0.003247 0.0 0.0
россия 0.003247 0.0 0.0
россиянин 0.003247 0.0 0.0
рубль 0.003247 0.0 0.0
рынок 0.00974 0.0 0.0
сайт 0.006494 0.0 0.0
самолёт 0.003247 0.0 0.0
самый 0.006494 0.0 0.0
сантиметр 0.003247 0.0 0.0
сбор 0.003247 0.0 0.0
сборка 0.003247 2.407946 0.007818
свет 0.006494 0.0 0.0
связь 0.00974 0.0 0.0
себя 0.003247 2.995732 0.009726
сегодня 0.006494 0.0 0.0
сервер 0.003247 0.0 0.0
сервис 0.003247 0.0 0.0
сертификация 0.003247 0.0 0.0
сеть 0.003247 0.0 0.0
скоро 0.006494 0.0 0.0
смочь 0.003247 3.912023 0.012701
снова 0.006494 0.0 0.0
советский 0.006494 0.0 0.0
соглашаться 0.003247 0.0 0.0
создать 0.003247 2.525729 0.0082
сообщать 0.003247 2.407946 0.007818
составлять 0.003247 2.407946 0.007818
спасти 0.006494 0.0 0.0
среда 0.006494 0.0 0.0
ссылка 0.003247 0.0 0.0
стартовать 0.003247 0.0 0.0
статистика 0.006494 0.0 0.0
стать 0.00974 0.0 0.0
статья 0.003247 0.0 0.0
стоимость 0.006494 0.0 0.0
страна 0.006494 2.65926 0.017268
тайконавт 0.003247 0.0 0.0
тег 0.003247 0.0 0.0
текст 0.006494 0.0 0.0
технический 0.006494 0.0 0.0
титул 0.003247 4.60517 0.014952
топ 0.006494 0.0 0.0
турбомотор 0.003247 3.506558 0.011385
тыс 0.006494 0.0 0.0
тысяча 0.003247 2.407946 0.007818
убрать 0.003247 0.0 0.0
удостоиться 0.003247 4.60517 0.014952
упасть 0.006494 0.0 0.0
устройство 0.003247 0.0 0.0
файл 0.003247 0.0 0.0
флагманский 0.003247 0.0 0.0
французский 0.003247 4.60517 0.014952
фундаментальный 0.003247 0.0 0.0
хит 0.003247 0.0 0.0
человек 0.003247 0.0 0.0
экспорт 0.00974 0.0 0.0
экспортный 0.003247 3.218876 0.010451
эмбрион 0.003247 0.0 0.0
южный 0.006494 0.0 0.0
