авиалайнер 0.002212 0.0 0.0
австралия 0.002212 0.0 0.0
автоваз 0.004425 0.0 0.0
автомат 0.002212 0.0 0.0
автопроизводитель 0.002212 0.0 0.0
автор 0.006637 0.0 0.0
адаптироваться 0.004425 3.912023 0.01731
администрация 0.002212 0.0 0.0
адрес 0.004425 0.0 0.0
алгоритм 0.002212 2.65926 0.005883
америка 0.002212 0.0 0.0
аналитик 0.002212 0.0 0.0
барьер 0.002212 3.912023 0.008655
белок 0.002212 0.0 0.0
биологический 0.004425 0.0 0.0
ближний 0.002212 0.0 0.0
блог 0.002212 0.0 0.0
блокировать 0.002212 3.506558 0.007758
будущее 0.006637 2.207275 0.01465
бум 0.002212 3.506558 0.007758
быстро 0.004425 0.0 0.0
быть 0.002212 0.0 0.0
вдвое 0.004425 2.995732 0.013255
вернуть 0.004425 3.218876 0.014243
вес 0.002212 0.0 0.0
весь 0.002212 0.0 0.0
взлетать 0.002212 4.60517 0.010188
видеокарта 0.004425 0.0 0.0
вложение 0.002212 4.60517 0.010188
внедорожник 0.002212 0.0 0.0
водород 0.004425 2.813411 0.012449
возможность 0.004425 1.966113 0.0087
возобновлять 0.002212 4.60517 0.010188
войти 0.004425 0.0 0.0
вопрос 0.006637 1.660731 0.011023
восстанавливаться 0.002212 2.995732 0.006628
восток 0.002212 0.0 0.0
время 0.002212 1.386294 0.003067
вход 0.002212 0.0 0.0
входить 0.002212 0.0 0.0
выбрасывать 0.002212 4.60517 0.010188
выгодный 0.002212 3.912023 0.008655
выделить 0.002212 0.0 0.0
высокий 0.004425 2.995732 0.013255
выходить 0.002212 0.0 0.0
вычисление 0.002212 3.218876 0.007121
география 0.004425 4.60517 0.020377
германия 0.002212 2.995732 0.006628
гибкость 0.004425 3.506558 0.015516
гигант 0.002212 2.525729 0.005588
главный 0.002212 0.0 0.0
год 0.004425 0.0 0.0
давать 0.002212 0.0 0.0
данные 0.006637 0.0 0.0
двигатель 0.006637 0.0 0.0
делать 0.004425 1.966113 0.0087
день 0.002212 2.120264 0.004691
дизайн 0.004425 0.0 0.0
директор 0.004425 0.0 0.0
диск 0.002212 2.813411 0.006224
добыча 0.006637 3.506558 0.023274
доллар 0.002212 0.0 0.0
дом 0.004425 0.0 0.0
домашний 0.002212 4.60517 0.010188
доминировать 0.002212 3.912023 0.008655
доставить 0.002212 0.0 0.0
достигать 0.002212 0.0 0.0
доступный 0.002212 3.912023 0.008655
ещё 0.004425 1.89712 0.008394
жёсткий 0.002212 4.60517 0.010188
завершить 0.002212 0.0 0.0
зависеть 0.002212 2.65926 0.005883
задача 0.002212 1.609438 0.003561
зарабатывать 0.002212 4.60517 0.010188
затрата 0.002212 2.65926 0.005883
защита 0.002212 0.0 0.0
звучать 0.002212 4.60517 0.010188
земля 0.004425 0.0 0.0
золото 0.002212 3.506558 0.007758
зонд 0.006637 0.0 0.0
игра 0.002212 0.0 0.0
играть 0.002212 4.60517 0.010188
игрок 0.002212 3.506558 0.007758
иллюстрация 0.004425 2.120264 0.009382
инновационный 0.004425 0.0 0.0
интеллект 0.002212 1.966113 0.00435
информация 0.002212 0.0 0.0
инфраструктура 0.002212 3.218876 0.007121
иронично 0.004425 4.60517 0.020377
искусственный 0.002212 2.407946 0.005327
использование 0.002212 0.0 0.0
исследование 0.004425 0.0 0.0
источник 0.006637 0.0 0.0
исчезать 0.002212 4.60517 0.010188
календарь 0.004425 0.0 0.0
категория 0.002212 0.0 0.0
квартал 0.002212 2.813411 0.006224
кг 0.004425 0.0 0.0
километр 0.002212 0.0 0.0
китай 0.004425 1.171183 0.005182
классический 0.002212 0.0 0.0
клон 0.004425 0.0 0.0
ключевой 0.002212 2.525729 0.005588
комментирование 0.002212 0.0 0.0
компания 0.006637 0.693147 0.004601
компенсировать 0.002212 3.912023 0.008655
комфортный 0.004425 0.0 0.0
конец 0.004425 2.525729 0.011176
конкуренция 0.002212 3.506558 0.007758
конференция 0.004425 0.0 0.0
корея 0.002212 0.0 0.0
корпус 0.002212 0.0 0.0
космос 0.006637 0.0 0.0
криптовалюта 0.00885 4.60517 0.040754
кроссовер 0.004425 0.0 0.0
крупный 0.004425 2.65926 0.011767
кубический 0.002212 0.0 0.0
кук 0.002212 0.0 0.0
легенда 0.002212 2.995732 0.006628
летать 0.004425 0.0 0.0
лист 0.002212 0.0 0.0
лихорадка 0.002212 3.506558 0.007758
май 0.006637 0.0 0.0
майнинга 0.006637 4.60517 0.030565
марк 0.002212 0.0 0.0
масштаб 0.002212 1.771957 0.00392
материал 0.002212 0.0 0.0
машина 0.002212 0.0 0.0
межпланетный 0.004425 0.0 0.0
менять 0.002212 0.0 0.0
месяц 0.002212 1.832581 0.004054
миллион 0.002212 0.0 0.0
мир 0.004425 0.0 0.0
мобильный 0.002212 0.0 0.0
модернизировать 0.002212 4.60517 0.010188
момент 0.004425 0.0 0.0
монета 0.004425 3.912023 0.01731
монитор 0.002212 0.0 0.0
мотобренд 0.002212 0.0 0.0
мотоцикл 0.002212 0.0 0.0
мочь 0.002212 0.0 0.0
мощность 0.002212 1.469676 0.003251
нажать 0.002212 0.0 0.0
название 0.002212 0.0 0.0
назвать 0.002212 0.0 0.0
наименее 0.004425 4.60517 0.020377
напоминать 0.002212 4.60517 0.010188
наслать 0.002212 0.0 0.0
наш 0.004425 0.0 0.0
небольшой 0.002212 3.506558 0.007758
новость 0.002212 0.0 0.0
новый 0.00885 0.0 0.0
ноутбук 0.002212 0.0 0.0
нужный 0.002212 0.0 0.0
обзор 0.002212 0.0 0.0
оборудование 0.002212 2.65926 0.005883
обработка 0.002212 0.0 0.0
образец 0.002212 0.0 0.0
обходиться 0.002212 4.60517 0.010188
объявить 0.002212 0.0 0.0
один 0.002212 1.560648 0.003453
одноклассник 0.004425 0.0 0.0
окончательно 0.004425 3.912023 0.01731
окупаться 0.002212 3.506558 0.007758
оперативно 0.004425 3.912023 0.01731
оптимизация 0.004425 3.912023 0.01731
опубликовать 0.002212 4.60517 0.010188
орбита 0.002212 0.0 0.0
организация 0.002212 4.60517 0.010188
оставаться 0.002212 1.966113 0.00435
отдать 0.002212 0.0 0.0
отечественный 0.002212 0.0 0.0
отказ 0.002212 0.0 0.0
отказаться 0.002212 0.0 0.0
отключить 0.002212 0.0 0.0
открытие 0.004425 2.525729 0.011176
отмечать 0.002212 2.65926 0.005883
отрасль 0.006637 2.65926 0.01765
очень 0.004425 0.0 0.0
ошибка 0.002212 0.0 0.0
первый 0.002212 1.347074 0.00298
передний 0.002212 0.0 0.0
переключаться 0.004425 4.60517 0.020377
перепрофилировать 0.004425 4.60517 0.020377
перестать 0.002212 3.912023 0.008655
переход 0.004425 2.120264 0.009382
период 0.006637 0.0 0.0
периферия 0.004425 0.0 0.0
персональный 0.004425 0.0 0.0
пиар 0.004425 0.0 0.0
планшет 0.002212 0.0 0.0
платформа 0.004425 0.0 0.0
погоня 0.004425 4.60517 0.020377
подвести 0.002212 0.0 0.0
поддержка 0.002212 2.525729 0.005588
поднять 0.002212 0.0 0.0
подобный 0.002212 3.506558 0.007758
подробный 0.002212 0.0 0.0
подтверждать 0.002212 3.506558 0.007758
позволять 0.004425 1.771957 0.007841
поиск 0.004425 0.0 0.0
пока 0.004425 0.0 0.0
полезный 0.002212 0.0 0.0
политика 0.006637 0.0 0.0
полноприводный 0.002212 0.0 0.0
полностью 0.004425 2.207275 0.009767
пользователь 0.002212 2.525729 0.005588
полёт 0.002212 0.0 0.0
попробовать 0.004425 0.0 0.0
популярный 0.004425 0.0 0.0
посещать 0.004425 0.0 0.0
прайс 0.004425 0.0 0.0
превосходство 0.004425 4.60517 0.020377
превратиться 0.002212 3.912023 0.008655
превысить 0.002212 2.65926 0.005883
представить 0.002212 0.0 0.0
предыдущий 0.002212 4.60517 0.010188
прибавка 0.004425 0.0 0.0
привод 0.002212 0.0 0.0
применение 0.004425 3.912023 0.01731
принтер 0.002212 0.0 0.0
пробизнес 0.004425 0.0 0.0
проведение 0.002212 0.0 0.0
программа 0.002212 0.0 0.0
продавать 0.004425 0.0 0.0
продажа 0.002212 0.0 0.0
продолжать 0.002212 0.0 0.0
проект 0.004425 0.0 0.0
проектор 0.002212 0.0 0.0
пролить 0.004425 0.0 0.0
промышленный 0.002212 3.506558 0.007758
прорыв 0.002212 1.714798 0.003794
процесс 0.004425 0.0 0.0
прошлое 0.004425 4.60517 0.020377
работа 0.002212 0.0 0.0
разместить 0.002212 4.60517 0.010188
ранний 0.002212 3.912023 0.008655
расхождение 0.004425 4.60517 0.020377
реактор 0.002212 2.65926 0.005883
реальный 0.002212 0.0 0.0
регион 0.004425 2.995732 0.013255
результат 0.002212 0.0 0.0
реклама 0.004425 0.0 0.0
рентабельность 0.004425 4.60517 0.020377
решать 0.002212 0.0 0.0
риск 0.002212 1.89712 0.004197
роль 0.004425 1.89712 0.008394
россия 0.002212 0.0 0.0
россиянин 0.002212 0.0 0.0
рубль 0.002212 0.0 0.0
рынок 0.006637 0.0 0.0
рыночный 0.002212 3.912023 0.008655
рядовой 0.002212 4.60517 0.010188
сайт 0.004425 0.0 0.0
самолёт 0.002212 0.0 0.0
самый 0.004425 0.0 0.0
сантиметр 0.002212 0.0 0.0
сбор 0.002212 0.0 0.0
свет 0.004425 0.0 0.0
связь 0.006637 0.0 0.0
себестоимость 0.004425 4.60517 0.020377
сегодня 0.004425 0.0 0.0
сервер 0.002212 0.0 0.0
сервис 0.002212 0.0 0.0
сертификация 0.002212 0.0 0.0
сеть 0.002212 0.0 0.0
скоро 0.004425 0.0 0.0
скорость 0.004425 2.302585 0.010188
снижать 0.002212 3.506558 0.007758
снова 0.004425 0.0 0.0
советский 0.004425 0.0 0.0
современный 0.002212 2.207275 0.004883
соглашаться 0.002212 0.0 0.0
создать 0.002212 1.832581 0.004054
сообщество 0.006637 3.912023 0.025965
соотношение 0.002212 3.506558 0.007758
составлять 0.002212 2.407946 0.005327
состояние 0.002212 2.65926 0.005883
сотня 0.002212 3.912023 0.008655
спасать 0.002212 3.218876 0.007121
спасти 0.004425 0.0 0.0
среда 0.004425 0.0 0.0
ссылка 0.002212 0.0 0.0
ставить 0.002212 2.040221 0.004514
ставка 0.002212 2.813411 0.006224
стартовать 0.002212 0.0 0.0
статистика 0.004425 0.0 0.0
стать 0.002212 0.0 0.0
статья 0.002212 0.0 0.0
стоимость 0.004425 0.0 0.0
сторона 0.002212 2.407946 0.005327
страна 0.002212 3.218876 0.007121
стратегия 0.004425 3.912023 0.01731
судить 0.002212 3.218876 0.007121
считаный 0.002212 4.60517 0.010188
тайконавт 0.002212 0.0 0.0
такой 0.004425 1.714798 0.007588
тариф 0.002212 2.995732 0.006628
тег 0.002212 0.0 0.0
текст 0.004425 0.0 0.0
текущий 0.002212 3.218876 0.007121
технический 0.006637 0.0 0.0
технологический 0.002212 4.60517 0.010188
технология 0.002212 2.302585 0.005094
тип 0.002212 1.771957 0.00392
топ 0.004425 0.0 0.0
требовать 0.002212 2.65926 0.005883
тыс 0.004425 0.0 0.0
убрать 0.002212 0.0 0.0
убыток 0.002212 4.60517 0.010188
увеличивать 0.002212 3.218876 0.007121
узкоспециализированный 0.002212 4.60517 0.010188
уйти 0.002212 3.218876 0.007121
упасть 0.004425 0.0 0.0
условие 0.002212 1.771957 0.00392
установка 0.002212 2.407946 0.005327
устройство 0.002212 0.0 0.0
учёный 0.002212 1.89712 0.004197
файл 0.002212 0.0 0.0
ферма 0.002212 4.60517 0.010188
флагманский 0.002212 0.0 0.0
фундаментальный 0.002212 0.0 0.0
хеджирование 0.002212 4.60517 0.010188
хит 0.002212 0.0 0.0
хороший 0.002212 3.506558 0.007758
целесообразность 0.004425 4.60517 0.020377
цена 0.004425 1.714798 0.007588
центр 0.002212 1.714798 0.003794
центральный 0.002212 4.60517 0.010188
цифра 0.004425 4.60517 0.020377
цифровой 0.004425 3.506558 0.015516
частный 0.002212 3.218876 0.007121
человек 0.002212 0.0 0.0
экология 0.004425 4.60517 0.020377
экономический 0.002212 4.60517 0.010188
экспорт 0.004425 0.0 0.0
электроэнергия 0.004425 3.506558 0.015516
эмбрион 0.002212 0.0 0.0
энергия 0.002212 2.120264 0.004691
энергопотребление 0.004425 3.506558 0.015516
энергоэффективность 0.004425 3.218876 0.014243
энтузиаст 0.002212 3.912023 0.008655
эпоха 0.004425 4.60517 0.020377
этот 0.002212 1.07881 0.002387
южный 0.002212 0.0 0.0
