авиалайнер 0.002604 0.0 0.0
австралия 0.002604 0.0 0.0
автоваз 0.005208 0.0 0.0
автомат 0.002604 0.0 0.0
автоматизация 0.002604 2.813411 0.007327
автономный 0.002604 2.813411 0.007327
автопроизводитель 0.002604 0.0 0.0
автор 0.007812 0.0 0.0
адаптировать 0.007812 3.218876 0.025147
администрация 0.002604 0.0 0.0
адрес 0.005208 0.0 0.0
актуально 0.005208 3.912023 0.020375
алгебраический 0.002604 4.60517 0.011993
америка 0.002604 0.0 0.0
анализ 0.007812 1.966113 0.01536
аналитик 0.002604 0.0 0.0
анонсировать 0.002604 2.813411 0.007327
архитектура 0.005208 3.218876 0.016765
белок 0.002604 0.0 0.0
бизнес 0.005208 0.0 0.0
биологический 0.005208 0.0 0.0
ближний 0.002604 0.0 0.0
блог 0.002604 0.0 0.0
больший 0.002604 4.60517 0.011993
быстро 0.005208 0.0 0.0
быть 0.002604 0.0 0.0
важно 0.005208 2.120264 0.011043
вес 0.002604 0.0 0.0
весь 0.002604 0.0 0.0
видеокарта 0.002604 0.0 0.0
внедорожник 0.002604 0.0 0.0
внедрение 0.005208 2.813411 0.014653
возможность 0.002604 1.89712 0.00494
войти 0.005208 0.0 0.0
восток 0.002604 0.0 0.0
время 0.005208 1.427116 0.007433
входить 0.002604 0.0 0.0
выделить 0.002604 0.0 0.0
выполнение 0.007812 3.218876 0.025147
высокий 0.002604 3.218876 0.008382
выходить 0.002604 0.0 0.0
вычисление 0.002604 3.218876 0.008382
генерация 0.005208 4.60517 0.023985
гибкость 0.005208 3.506558 0.018263
главный 0.002604 0.0 0.0
год 0.002604 0.0 0.0
данные 0.007812 0.0 0.0
двигатель 0.007812 0.0 0.0
делать 0.002604 2.040221 0.005313
демонстрировать 0.002604 2.813411 0.007327
дизайн 0.005208 0.0 0.0
директор 0.005208 0.0 0.0
добавить 0.002604 3.218876 0.008382
документация 0.002604 4.60517 0.011993
доллар 0.002604 0.0 0.0
дом 0.010417 0.0 0.0
дорабатывать 0.005208 4.60517 0.023985
доставить 0.002604 0.0 0.0
достигать 0.002604 0.0 0.0
достижение 0.005208 3.912023 0.020375
завершить 0.002604 0.0 0.0
задача 0.005208 1.609438 0.008382
защита 0.002604 0.0 0.0
земля 0.005208 0.0 0.0
зонд 0.007812 0.0 0.0
игра 0.005208 0.0 0.0
изображение 0.005208 1.514128 0.007886
индустрия 0.002604 3.506558 0.009132
инженер 0.002604 2.207275 0.005748
инновационный 0.005208 0.0 0.0
инструмент 0.002604 1.89712 0.00494
интеграция 0.002604 2.65926 0.006925
информация 0.002604 0.0 0.0
использование 0.002604 0.0 0.0
исследование 0.002604 0.0 0.0
источник 0.005208 0.0 0.0
исходный 0.005208 3.912023 0.020375
календарь 0.005208 0.0 0.0
категория 0.002604 0.0 0.0
кг 0.005208 0.0 0.0
километр 0.002604 0.0 0.0
классический 0.002604 0.0 0.0
клон 0.005208 0.0 0.0
код 0.010417 2.207275 0.022992
комментирование 0.002604 0.0 0.0
компактность 0.005208 3.912023 0.020375
комфортный 0.005208 0.0 0.0
конкретный 0.002604 4.60517 0.011993
конкурент 0.002604 3.506558 0.009132
конференция 0.005208 0.0 0.0
корея 0.002604 0.0 0.0
корпорация 0.005208 3.912023 0.020375
корпус 0.002604 0.0 0.0
космос 0.007812 0.0 0.0
критичный 0.002604 4.60517 0.011993
кроссовер 0.005208 0.0 0.0
крупный 0.005208 2.813411 0.014653
кубический 0.002604 0.0 0.0
кук 0.002604 0.0 0.0
летать 0.005208 0.0 0.0
лист 0.002604 0.0 0.0
май 0.007812 0.0 0.0
маленький 0.002604 4.60517 0.011993
маломощный 0.002604 4.60517 0.011993
марк 0.002604 0.0 0.0
математический 0.007812 4.60517 0.035978
материал 0.002604 0.0 0.0
машина 0.002604 0.0 0.0
межпланетный 0.005208 0.0 0.0
менять 0.002604 0.0 0.0
миллион 0.002604 0.0 0.0
мир 0.002604 0.0 0.0
млрд 0.005208 2.302585 0.011993
мобильный 0.002604 0.0 0.0
моделирование 0.005208 3.218876 0.016765
модель 0.010417 0.820981 0.008552
момент 0.005208 0.0 0.0
монитор 0.002604 0.0 0.0
мотобренд 0.002604 0.0 0.0
мотоцикл 0.002604 0.0 0.0
мочь 0.002604 0.0 0.0
мощность 0.002604 1.514128 0.003943
нагрузка 0.002604 2.995732 0.007801
нажать 0.002604 0.0 0.0
название 0.002604 0.0 0.0
назвать 0.002604 0.0 0.0
наслать 0.002604 0.0 0.0
научный 0.002604 3.506558 0.009132
наш 0.005208 0.0 0.0
нашуметь 0.002604 3.218876 0.008382
новость 0.002604 0.0 0.0
новый 0.007812 0.0 0.0
ноутбук 0.002604 0.0 0.0
нужный 0.002604 0.0 0.0
обзор 0.002604 0.0 0.0
облачный 0.002604 4.60517 0.011993
обновление 0.002604 2.813411 0.007327
обойти 0.002604 3.506558 0.009132
оборудование 0.002604 3.218876 0.008382
обработка 0.002604 0.0 0.0
образец 0.002604 0.0 0.0
объявить 0.002604 0.0 0.0
ограниченный 0.002604 4.60517 0.011993
одноклассник 0.005208 0.0 0.0
операция 0.002604 2.65926 0.006925
оптимизировать 0.005208 2.65926 0.01385
орбита 0.002604 0.0 0.0
особенно 0.005208 1.609438 0.008382
отдать 0.002604 0.0 0.0
отечественный 0.002604 0.0 0.0
отказ 0.002604 0.0 0.0
отказаться 0.002604 0.0 0.0
отключить 0.002604 0.0 0.0
открытый 0.005208 2.407946 0.012541
отметить 0.002604 2.813411 0.007327
отчёт 0.002604 3.218876 0.008382
очень 0.005208 0.0 0.0
ошибка 0.002604 0.0 0.0
параллельный 0.002604 3.912023 0.010188
параметр 0.002604 2.65926 0.006925
первый 0.002604 2.120264 0.005522
передний 0.002604 0.0 0.0
период 0.005208 0.0 0.0
периферия 0.005208 0.0 0.0
персональный 0.005208 0.0 0.0
пиар 0.005208 0.0 0.0
планировать 0.002604 1.714798 0.004466
планшет 0.002604 0.0 0.0
платформа 0.010417 0.0 0.0
подвести 0.002604 0.0 0.0
поднять 0.002604 0.0 0.0
подробный 0.002604 0.0 0.0
подчёркивать 0.002604 2.995732 0.007801
позволить 0.002604 2.65926 0.006925
поиск 0.005208 0.0 0.0
пока 0.005208 0.0 0.0
полезный 0.002604 0.0 0.0
политика 0.007812 0.0 0.0
полноприводный 0.002604 0.0 0.0
полёт 0.002604 0.0 0.0
попробовать 0.005208 0.0 0.0
популярный 0.005208 0.0 0.0
посещать 0.005208 0.0 0.0
последний 0.002604 2.65926 0.006925
посттренинг 0.002604 4.60517 0.011993
прайс 0.005208 0.0 0.0
практичный 0.002604 3.912023 0.010188
превзойти 0.002604 3.506558 0.009132
предварительный 0.002604 4.60517 0.011993
представить 0.005208 0.0 0.0
прибавка 0.005208 0.0 0.0
привод 0.002604 0.0 0.0
применение 0.002604 2.995732 0.007801
принтер 0.002604 0.0 0.0
пробизнес 0.005208 0.0 0.0
проведение 0.002604 0.0 0.0
программа 0.002604 0.0 0.0
продавать 0.005208 0.0 0.0
продажа 0.002604 0.0 0.0
продолжать 0.002604 0.0 0.0
проект 0.005208 0.0 0.0
проектор 0.002604 0.0 0.0
производительность 0.005208 3.506558 0.018263
производство 0.002604 1.832581 0.004772
пролить 0.005208 0.0 0.0
промышленный 0.002604 3.912023 0.010188
процесс 0.002604 0.0 0.0
процессор 0.002604 2.207275 0.005748
публикация 0.005208 4.60517 0.023985
публичный 0.002604 3.912023 0.010188
работа 0.002604 0.0 0.0
развивать 0.005208 4.60517 0.023985
развёртывание 0.002604 3.218876 0.008382
разместить 0.002604 3.506558 0.009132
разработка 0.005208 3.218876 0.016765
разработчик 0.002604 2.407946 0.006271
рассуждение 0.005208 3.506558 0.018263
расширять 0.002604 2.995732 0.007801
реальный 0.002604 0.0 0.0
результат 0.002604 0.0 0.0
реклама 0.005208 0.0 0.0
ресурс 0.002604 2.525729 0.006577
решать 0.002604 0.0 0.0
решение 0.002604 2.040221 0.005313
робототехника 0.002604 2.813411 0.007327
россия 0.002604 0.0 0.0
россиянин 0.002604 0.0 0.0
рубль 0.002604 0.0 0.0
рынок 0.005208 0.0 0.0
сайт 0.005208 0.0 0.0
самолёт 0.002604 0.0 0.0
самый 0.005208 0.0 0.0
сантиметр 0.002604 0.0 0.0
сбор 0.002604 0.0 0.0
свет 0.005208 0.0 0.0
связь 0.007812 0.0 0.0
сегодня 0.005208 0.0 0.0
сервер 0.005208 0.0 0.0
сервис 0.002604 0.0 0.0
сертификация 0.002604 0.0 0.0
сеть 0.002604 0.0 0.0
система 0.002604 1.514128 0.003943
скоро 0.005208 0.0 0.0
скромный 0.002604 3.912023 0.010188
сложный 0.002604 2.995732 0.007801
снижать 0.002604 2.302585 0.005996
снова 0.005208 0.0 0.0
собственный 0.002604 4.60517 0.011993
советский 0.005208 0.0 0.0
соглашаться 0.002604 0.0 0.0
сокращать 0.002604 3.506558 0.009132
сообщество 0.002604 3.506558 0.009132
сохранять 0.002604 2.995732 0.007801
сочетать 0.002604 2.995732 0.007801
спасти 0.005208 0.0 0.0
способность 0.002604 3.218876 0.008382
среда 0.005208 0.0 0.0
ссылка 0.002604 0.0 0.0
стартовать 0.002604 0.0 0.0
статистика 0.005208 0.0 0.0
стать 0.002604 0.0 0.0
статья 0.002604 0.0 0.0
стоимость 0.005208 0.0 0.0
стратегия 0.002604 2.995732 0.007801
сфера 0.002604 2.207275 0.005748
сценарий 0.002604 3.506558 0.009132
тайконавт 0.002604 0.0 0.0
такой 0.002604 1.514128 0.003943
тег 0.002604 0.0 0.0
текст 0.005208 0.0 0.0
тест 0.002604 1.171183 0.00305
тестировать 0.002604 2.407946 0.006271
технический 0.007812 0.0 0.0
топ 0.005208 0.0 0.0
точность 0.005208 1.832581 0.009545
тыс 0.005208 0.0 0.0
убрать 0.002604 0.0 0.0
улучшение 0.002604 3.218876 0.008382
умный 0.005208 3.506558 0.018263
упасть 0.005208 0.0 0.0
упростить 0.002604 4.60517 0.011993
уравнение 0.002604 4.60517 0.011993
ускорить 0.005208 2.995732 0.015603
успешно 0.005208 2.407946 0.012541
устройство 0.007812 0.0 0.0
файл 0.002604 0.0 0.0
финансовый 0.005208 3.506558 0.018263
флагманский 0.002604 0.0 0.0
фундаментальный 0.002604 0.0 0.0
хит 0.002604 0.0 0.0
чат 0.005208 1.049822 0.005468
человек 0.002604 0.0 0.0
экосистема 0.002604 3.912023 0.010188
экспорт 0.005208 0.0 0.0
эмбрион 0.002604 0.0 0.0
энергоэффективность 0.005208 3.218876 0.016765
эффективность 0.005208 2.120264 0.011043
южный 0.002604 0.0 0.0
языковой 0.002604 3.506558 0.009132
