авиалайнер 0.002967 0.0 0.0
австралия 0.002967 0.0 0.0
автоваз 0.005935 0.0 0.0
автомат 0.002967 0.0 0.0
автопроизводитель 0.002967 0.0 0.0
автор 0.008902 0.0 0.0
администрация 0.002967 0.0 0.0
адрес 0.005935 0.0 0.0
америка 0.002967 0.0 0.0
аналитик 0.002967 0.0 0.0
бак 0.002967 4.60517 0.013665
белок 0.002967 0.0 0.0
биологический 0.005935 0.0 0.0
ближний 0.002967 0.0 0.0
блог 0.002967 0.0 0.0
быстро 0.005935 0.0 0.0
быть 0.002967 0.0 0.0
вес 0.002967 0.0 0.0
весь 0.002967 0.0 0.0
видеокарта 0.002967 0.0 0.0
внедорожник 0.002967 0.0 0.0
войти 0.005935 0.0 0.0
вопрос 0.002967 1.660731 0.004928
восток 0.002967 0.0 0.0
входить 0.002967 0.0 0.0
выделить 0.002967 0.0 0.0
выходить 0.002967 0.0 0.0
главный 0.002967 0.0 0.0
год 0.002967 0.0 0.0
готовиться 0.002967 3.506558 0.010405
готовность 0.005935 3.506558 0.02081
графика 0.005935 3.218876 0.019103
данные 0.005935 0.0 0.0
двигатель 0.017804 0.0 0.0
девятый 0.002967 3.506558 0.010405
дизайн 0.005935 0.0 0.0
директор 0.005935 0.0 0.0
днище 0.002967 4.60517 0.013665
доллар 0.002967 0.0 0.0
дом 0.005935 0.0 0.0
доработка 0.002967 3.912023 0.011608
доставить 0.002967 0.0 0.0
достигать 0.002967 0.0 0.0
завершение 0.002967 2.813411 0.008348
завершить 0.002967 0.0 0.0
задействовать 0.008902 4.60517 0.040996
заметить 0.002967 3.912023 0.011608
заметный 0.002967 3.912023 0.011608
запланировать 0.002967 3.506558 0.010405
запуск 0.002967 1.272966 0.003777
запускать 0.002967 2.813411 0.008348
запустить 0.002967 3.506558 0.010405
защита 0.002967 0.0 0.0
земля 0.005935 0.0 0.0
зонд 0.008902 0.0 0.0
игра 0.002967 0.0 0.0
илона 0.005935 2.207275 0.0131
имитировать 0.002967 4.60517 0.013665
инновационный 0.005935 0.0 0.0
инсульт 0.002967 3.506558 0.010405
информация 0.002967 0.0 0.0
использование 0.002967 0.0 0.0
испытание 0.005935 3.912023 0.023217
исследование 0.002967 0.0 0.0
источник 0.005935 0.0 0.0
итог 0.002967 2.813411 0.008348
календарь 0.005935 0.0 0.0
категория 0.002967 0.0 0.0
кг 0.005935 0.0 0.0
километр 0.002967 0.0 0.0
классический 0.002967 0.0 0.0
клон 0.005935 0.0 0.0
комментарий 0.002967 4.60517 0.013665
комментирование 0.002967 0.0 0.0
компания 0.005935 0.820981 0.004872
комфортный 0.005935 0.0 0.0
конструкция 0.002967 3.506558 0.010405
конференция 0.005935 0.0 0.0
корабль 0.002967 2.407946 0.007145
корея 0.002967 0.0 0.0
корпус 0.002967 0.0 0.0
космос 0.011869 0.0 0.0
который 0.002967 1.139434 0.003381
кроссовер 0.005935 0.0 0.0
кубический 0.002967 0.0 0.0
кук 0.002967 0.0 0.0
летать 0.005935 0.0 0.0
лист 0.002967 0.0 0.0
май 0.008902 0.0 0.0
марк 0.002967 0.0 0.0
маска 0.005935 2.207275 0.0131
материал 0.002967 0.0 0.0
машина 0.002967 0.0 0.0
межпланетный 0.005935 0.0 0.0
менять 0.002967 0.0 0.0
миллион 0.002967 0.0 0.0
мир 0.002967 0.0 0.0
миссия 0.002967 1.386294 0.004114
мобильный 0.002967 0.0 0.0
мозг 0.002967 2.813411 0.008348
момент 0.005935 0.0 0.0
монитор 0.002967 0.0 0.0
мотобренд 0.002967 0.0 0.0
мотоцикл 0.002967 0.0 0.0
мочь 0.002967 0.0 0.0
мэсся 0.002967 3.912023 0.011608
нажать 0.002967 0.0 0.0
название 0.002967 0.0 0.0
назвать 0.002967 0.0 0.0
наслать 0.002967 0.0 0.0
наш 0.005935 0.0 0.0
новость 0.002967 0.0 0.0
новый 0.008902 0.0 0.0
ноутбук 0.002967 0.0 0.0
нужный 0.002967 0.0 0.0
обзор 0.002967 0.0 0.0
обработка 0.002967 0.0 0.0
образец 0.002967 0.0 0.0
объявить 0.002967 0.0 0.0
огонь 0.002967 4.60517 0.013665
одноклассник 0.005935 0.0 0.0
орбита 0.002967 0.0 0.0
оставить 0.002967 0.0 0.0
отдать 0.002967 0.0 0.0
отечественный 0.002967 0.0 0.0
отказ 0.002967 0.0 0.0
отказаться 0.002967 0.0 0.0
отключить 0.002967 0.0 0.0
отставать 0.002967 3.218876 0.009552
официальный 0.002967 4.60517 0.013665
очень 0.005935 0.0 0.0
ошибка 0.002967 0.0 0.0
паралич 0.002967 3.218876 0.009552
передний 0.002967 0.0 0.0
период 0.005935 0.0 0.0
периферия 0.005935 0.0 0.0
персональный 0.005935 0.0 0.0
пиар 0.005935 0.0 0.0
пламя 0.005935 4.60517 0.02733
план 0.002967 0.0 0.0
планироваться 0.002967 3.506558 0.010405
планшет 0.002967 0.0 0.0
платформа 0.005935 0.0 0.0
площадка 0.002967 3.218876 0.009552
повод 0.002967 3.912023 0.011608
повреждение 0.002967 2.813411 0.008348
повторно 0.005935 4.60517 0.02733
подвести 0.002967 0.0 0.0
подготовка 0.002967 2.995732 0.008889
поднять 0.002967 0.0 0.0
подробный 0.002967 0.0 0.0
подтвердить 0.002967 3.506558 0.010405
пожар 0.005935 3.506558 0.02081
поиск 0.005935 0.0 0.0
пока 0.005935 0.0 0.0
показаться 0.005935 3.506558 0.02081
полезный 0.002967 0.0 0.0
политика 0.008902 0.0 0.0
полноприводный 0.002967 0.0 0.0
получить 0.005935 1.347074 0.007995
полёт 0.008902 0.0 0.0
помочь 0.002967 2.995732 0.008889
попробовать 0.005935 0.0 0.0
популярный 0.005935 0.0 0.0
посещать 0.005935 0.0 0.0
появиться 0.002967 2.813411 0.008348
появление 0.002967 3.912023 0.011608
прайс 0.005935 0.0 0.0
предоставить 0.002967 3.506558 0.010405
представить 0.002967 0.0 0.0
прибавка 0.005935 0.0 0.0
привод 0.002967 0.0 0.0
принтер 0.002967 0.0 0.0
пробизнес 0.005935 0.0 0.0
проведение 0.002967 0.0 0.0
проверить 0.002967 3.912023 0.011608
провести 0.002967 2.525729 0.007495
программа 0.002967 0.0 0.0
продавать 0.005935 0.0 0.0
продажа 0.002967 0.0 0.0
продолжать 0.002967 0.0 0.0
проект 0.005935 0.0 0.0
проектор 0.002967 0.0 0.0
прожига 0.005935 3.218876 0.019103
пройти 0.002967 1.966113 0.005834
пролить 0.005935 0.0 0.0
прототип 0.005935 2.65926 0.015782
процесс 0.002967 0.0 0.0
работа 0.005935 0.0 0.0
ранее 0.005935 1.771957 0.010516
реальный 0.002967 0.0 0.0
революционный 0.002967 3.506558 0.010405
результат 0.002967 0.0 0.0
реклама 0.005935 0.0 0.0
решать 0.002967 0.0 0.0
россия 0.002967 0.0 0.0
россиянин 0.002967 0.0 0.0
рубль 0.002967 0.0 0.0
рынок 0.005935 0.0 0.0
сайт 0.005935 0.0 0.0
самолёт 0.002967 0.0 0.0
самый 0.005935 0.0 0.0
сантиметр 0.002967 0.0 0.0
сбор 0.002967 0.0 0.0
свет 0.005935 0.0 0.0
связь 0.008902 0.0 0.0
сегодня 0.005935 0.0 0.0
сервер 0.002967 0.0 0.0
сервис 0.002967 0.0 0.0
середина 0.002967 3.506558 0.010405
сертификация 0.002967 0.0 0.0
сеть 0.002967 0.0 0.0
система 0.002967 0.941609 0.002794
скоро 0.005935 0.0 0.0
снова 0.005935 0.0 0.0
советский 0.005935 0.0 0.0
соглашаться 0.002967 0.0 0.0
сообщаться 0.002967 3.912023 0.011608
спасти 0.005935 0.0 0.0
спинной 0.002967 3.218876 0.009552
среда 0.005935 0.0 0.0
ссылка 0.002967 0.0 0.0
стартовать 0.002967 0.0 0.0
статистика 0.005935 0.0 0.0
статус 0.005935 2.995732 0.017779
стать 0.002967 0.0 0.0
статья 0.002967 0.0 0.0
стоимость 0.005935 0.0 0.0
сторона 0.002967 2.407946 0.007145
ступень 0.002967 3.218876 0.009552
тайконавт 0.002967 0.0 0.0
тег 0.002967 0.0 0.0
текст 0.005935 0.0 0.0
тест 0.011869 1.171183 0.013901
техас 0.005935 2.65926 0.015782
технический 0.005935 0.0 0.0
топ 0.005935 0.0 0.0
тыс 0.005935 0.0 0.0
убрать 0.002967 0.0 0.0
указывать 0.005935 3.912023 0.023217
упасть 0.005935 0.0 0.0
упоминать 0.002967 4.60517 0.013665
ускоритель 0.005935 4.60517 0.02733
успешно 0.005935 2.407946 0.01429
устройство 0.002967 0.0 0.0
утечка 0.002967 3.912023 0.011608
уточняться 0.002967 4.60517 0.013665
файл 0.002967 0.0 0.0
флагманский 0.002967 0.0 0.0
фундаментальный 0.002967 0.0 0.0
хит 0.002967 0.0 0.0
часто 0.005935 1.714798 0.010177
часть 0.002967 2.407946 0.007145
человек 0.005935 0.0 0.0
чип 0.005935 1.966113 0.011668
шесть 0.008902 2.525729 0.022484
штат 0.005935 2.813411 0.016697
экспорт 0.005935 0.0 0.0
эмбрион 0.002967 0.0 0.0
южный 0.002967 0.0 0.0
являться 0.002967 3.218876 0.009552
