аварийный 0.002208 3.506558 0.007741
авиалайнер 0.002208 0.0 0.0
австралия 0.002208 0.0 0.0
автоваз 0.004415 0.0 0.0
автомат 0.002208 0.0 0.0
автопроизводитель 0.002208 0.0 0.0
автор 0.006623 0.0 0.0
агентство 0.002208 2.995732 0.006613
адаптация 0.004415 4.60517 0.020332
администрация 0.002208 0.0 0.0
адрес 0.004415 0.0 0.0
америка 0.002208 0.0 0.0
аналитик 0.002208 0.0 0.0
аппарат 0.006623 1.660731 0.010998
апрель 0.002208 1.832581 0.004045
архитектура 0.002208 2.813411 0.006211
астронавт 0.002208 2.525729 0.005576
батарея 0.004415 3.218876 0.014211
белок 0.002208 0.0 0.0
беременность 0.002208 3.506558 0.007741
биологический 0.004415 0.0 0.0
ближний 0.002208 0.0 0.0
близкий 0.002208 2.813411 0.006211
блог 0.002208 0.0 0.0
блок 0.002208 2.525729 0.005576
быстро 0.004415 0.0 0.0
быстрый 0.002208 2.407946 0.005316
быть 0.002208 0.0 0.0
вернуть 0.004415 3.218876 0.014211
версия 0.002208 2.120264 0.00468
вес 0.002208 0.0 0.0
весь 0.002208 0.0 0.0
видеокарта 0.002208 0.0 0.0
вица 0.002208 3.912023 0.008636
внедорожник 0.002208 0.0 0.0
внести 0.002208 3.912023 0.008636
вода 0.002208 0.0 0.0
возможный 0.004415 4.60517 0.020332
войти 0.004415 0.0 0.0
восток 0.002208 0.0 0.0
входить 0.002208 0.0 0.0
выделить 0.002208 0.0 0.0
выполнить 0.002208 2.995732 0.006613
выходить 0.002208 0.0 0.0
выявить 0.002208 3.912023 0.008636
глава 0.004415 2.813411 0.012421
главный 0.002208 0.0 0.0
год 0.006623 0.0 0.0
гонка 0.004415 3.912023 0.017272
городской 0.002208 3.218876 0.007106
готовый 0.002208 3.506558 0.007741
графика 0.004415 3.218876 0.014211
данные 0.004415 0.0 0.0
двигатель 0.006623 0.0 0.0
декабрь 0.002208 4.60517 0.010166
день 0.004415 0.673345 0.002973
деталь 0.002208 3.218876 0.007106
дизайн 0.004415 0.0 0.0
директор 0.004415 0.0 0.0
документ 0.002208 3.218876 0.007106
долгосрочный 0.002208 3.912023 0.008636
должный 0.002208 2.813411 0.006211
доллар 0.002208 0.0 0.0
дом 0.004415 0.0 0.0
доработать 0.002208 4.60517 0.010166
доставить 0.004415 0.0 0.0
достигать 0.002208 0.0 0.0
другой 0.002208 1.771957 0.003912
живот 0.002208 3.218876 0.007106
жизнеобеспечение 0.002208 3.912023 0.008636
завершение 0.002208 3.218876 0.007106
завершить 0.002208 0.0 0.0
загрузка 0.002208 4.60517 0.010166
задача 0.002208 2.040221 0.004504
задержка 0.002208 3.506558 0.007741
замена 0.006623 2.995732 0.019839
заняться 0.002208 4.60517 0.010166
запланировать 0.002208 3.506558 0.007741
запуск 0.00883 1.272966 0.01124
затем 0.004415 2.813411 0.012421
затрата 0.002208 3.506558 0.007741
защита 0.002208 0.0 0.0
заявить 0.002208 2.207275 0.004873
земля 0.004415 0.0 0.0
значительный 0.002208 3.912023 0.008636
зонд 0.006623 0.0 0.0
игра 0.002208 0.0 0.0
идти 0.002208 2.995732 0.006613
инновационный 0.004415 0.0 0.0
информация 0.002208 0.0 0.0
использование 0.002208 0.0 0.0
использовать 0.004415 2.525729 0.011151
исследование 0.002208 0.0 0.0
источник 0.004415 0.0 0.0
календарь 0.004415 0.0 0.0
категория 0.002208 0.0 0.0
кг 0.004415 0.0 0.0
километр 0.002208 0.0 0.0
кирк 0.004415 4.60517 0.020332
кислород 0.002208 3.506558 0.007741
китай 0.006623 1.171183 0.007756
классический 0.002208 0.0 0.0
клон 0.004415 0.0 0.0
ключевой 0.004415 2.813411 0.012421
комментирование 0.002208 0.0 0.0
коммерческий 0.002208 2.65926 0.00587
компания 0.004415 0.820981 0.003625
комплекс 0.002208 2.65926 0.00587
компонент 0.002208 2.407946 0.005316
комфортный 0.004415 0.0 0.0
конкуренция 0.002208 3.506558 0.007741
контрабанда 0.004415 3.506558 0.015481
конференция 0.004415 0.0 0.0
корабль 0.006623 2.407946 0.015947
корея 0.002208 0.0 0.0
корпус 0.004415 0.0 0.0
космический 0.00883 1.714798 0.015142
космос 0.00883 0.0 0.0
который 0.006623 0.891598 0.005905
кроссовер 0.004415 0.0 0.0
кубический 0.002208 0.0 0.0
кук 0.002208 0.0 0.0
летать 0.004415 0.0 0.0
лист 0.002208 0.0 0.0
лобстер 0.002208 3.506558 0.007741
луна 0.004415 2.65926 0.011741
лунный 0.004415 2.995732 0.013226
май 0.006623 0.0 0.0
манёвр 0.004415 2.65926 0.011741
марк 0.002208 0.0 0.0
материал 0.00883 0.0 0.0
машина 0.002208 0.0 0.0
межпланетный 0.004415 0.0 0.0
менять 0.002208 0.0 0.0
месяц 0.006623 1.832581 0.012136
миллион 0.002208 0.0 0.0
мир 0.002208 0.0 0.0
миссия 0.004415 1.347074 0.005947
мобильный 0.002208 0.0 0.0
модификация 0.002208 4.60517 0.010166
момент 0.004415 0.0 0.0
монитор 0.002208 0.0 0.0
монтаж 0.004415 3.912023 0.017272
монтажный 0.002208 4.60517 0.010166
мотобренд 0.002208 0.0 0.0
мотоцикл 0.002208 0.0 0.0
мочь 0.002208 0.0 0.0
нажать 0.002208 0.0 0.0
название 0.002208 0.0 0.0
назвать 0.002208 0.0 0.0
нарастить 0.004415 4.60517 0.020332
наслать 0.002208 0.0 0.0
начаться 0.002208 3.506558 0.007741
наш 0.004415 0.0 0.0
немного 0.004415 4.60517 0.020332
новость 0.002208 0.0 0.0
новый 0.006623 0.0 0.0
ноутбук 0.002208 0.0 0.0
ноябрь 0.002208 3.506558 0.007741
нужный 0.002208 0.0 0.0
обзор 0.002208 0.0 0.0
облететь 0.002208 4.60517 0.010166
обработка 0.002208 0.0 0.0
образец 0.002208 0.0 0.0
объявить 0.002208 0.0 0.0
одноклассник 0.004415 0.0 0.0
орбита 0.004415 0.0 0.0
осень 0.002208 3.506558 0.007741
оснастить 0.002208 2.813411 0.006211
особенно 0.004415 1.609438 0.007106
оставаться 0.002208 1.966113 0.00434
ответственность 0.004415 4.60517 0.020332
отдать 0.002208 0.0 0.0
отечественный 0.002208 0.0 0.0
отказ 0.002208 0.0 0.0
отказаться 0.002208 0.0 0.0
отключить 0.002208 0.0 0.0
открыть 0.002208 3.912023 0.008636
отличие 0.004415 2.207275 0.009745
отложить 0.002208 2.813411 0.006211
отметить 0.002208 1.427116 0.00315
отслоение 0.004415 3.912023 0.017272
отставать 0.002208 4.60517 0.010166
официально 0.004415 1.966113 0.00868
очень 0.004415 0.0 0.0
ошибка 0.002208 0.0 0.0
параллельно 0.004415 1.89712 0.008376
первоначально 0.004415 3.912023 0.017272
первый 0.002208 2.407946 0.005316
передать 0.006623 2.995732 0.019839
передача 0.002208 4.60517 0.010166
передний 0.002208 0.0 0.0
перейти 0.002208 4.60517 0.010166
перемена 0.002208 4.60517 0.010166
период 0.004415 0.0 0.0
периферия 0.004415 0.0 0.0
персональный 0.004415 0.0 0.0
пиар 0.004415 0.0 0.0
пилотировать 0.002208 4.60517 0.010166
план 0.002208 0.0 0.0
планироваться 0.002208 4.60517 0.010166
планшет 0.002208 0.0 0.0
платформа 0.004415 0.0 0.0
подвести 0.002208 0.0 0.0
подготовка 0.002208 3.912023 0.008636
поддержать 0.002208 3.912023 0.008636
поднять 0.002208 0.0 0.0
подписать 0.002208 3.912023 0.008636
подробный 0.002208 0.0 0.0
подчеркнуть 0.002208 2.040221 0.004504
подчёркивать 0.002208 3.912023 0.008636
поиск 0.004415 0.0 0.0
пока 0.004415 0.0 0.0
полезный 0.002208 0.0 0.0
политика 0.006623 0.0 0.0
полноприводный 0.002208 0.0 0.0
получить 0.002208 2.040221 0.004504
полёт 0.004415 0.0 0.0
поправимый 0.002208 4.60517 0.010166
попробовать 0.004415 0.0 0.0
популярный 0.004415 0.0 0.0
посещать 0.004415 0.0 0.0
потребовать 0.004415 2.813411 0.012421
прайс 0.004415 0.0 0.0
предел 0.002208 1.609438 0.003553
предназначить 0.002208 4.60517 0.010166
представить 0.002208 0.0 0.0
президент 0.004415 2.65926 0.011741
прекращение 0.002208 3.912023 0.008636
прибавка 0.004415 0.0 0.0
приблизить 0.002208 2.525729 0.005576
привод 0.002208 0.0 0.0
принтер 0.002208 0.0 0.0
приоритет 0.004415 3.218876 0.014211
присоединить 0.002208 4.60517 0.010166
пробизнес 0.004415 0.0 0.0
проблема 0.002208 2.040221 0.004504
проведение 0.002208 0.0 0.0
провести 0.002208 3.912023 0.008636
программа 0.011038 0.0 0.0
продавать 0.004415 0.0 0.0
продажа 0.002208 0.0 0.0
продолжать 0.002208 0.0 0.0
проект 0.004415 0.0 0.0
проектор 0.002208 0.0 0.0
производство 0.002208 1.832581 0.004045
пройти 0.002208 3.218876 0.007106
пролить 0.004415 0.0 0.0
проницаемость 0.002208 4.60517 0.010166
процесс 0.002208 0.0 0.0
прошлое 0.002208 2.995732 0.006613
работа 0.006623 0.0 0.0
ракета 0.006623 2.65926 0.017611
расходный 0.002208 4.60517 0.010166
реальный 0.002208 0.0 0.0
режим 0.004415 2.407946 0.010631
результат 0.002208 0.0 0.0
реклама 0.004415 0.0 0.0
решать 0.002208 0.0 0.0
решить 0.002208 3.506558 0.007741
россия 0.002208 0.0 0.0
россиянин 0.002208 0.0 0.0
рубль 0.002208 0.0 0.0
рынок 0.004415 0.0 0.0
сайт 0.004415 0.0 0.0
самолёт 0.002208 0.0 0.0
самый 0.006623 0.0 0.0
сантиметр 0.002208 0.0 0.0
сбор 0.002208 0.0 0.0
сборка 0.006623 2.407946 0.015947
свет 0.004415 0.0 0.0
связь 0.006623 0.0 0.0
сегодня 0.004415 0.0 0.0
сервер 0.002208 0.0 0.0
сервис 0.002208 0.0 0.0
сертификация 0.002208 0.0 0.0
сеть 0.002208 0.0 0.0
система 0.006623 1.514128 0.010027
ситуация 0.004415 3.218876 0.014211
скоро 0.004415 0.0 0.0
скорректировать 0.004415 3.912023 0.017272
слово 0.002208 2.302585 0.005083
слушание 0.002208 4.60517 0.010166
снова 0.004415 0.0 0.0
советский 0.004415 0.0 0.0
соглашаться 0.002208 0.0 0.0
сокращать 0.002208 3.506558 0.007741
состояться 0.002208 3.912023 0.008636
сотрудничество 0.002208 2.525729 0.005576
спасти 0.004415 0.0 0.0
среда 0.004415 0.0 0.0
ссылка 0.002208 0.0 0.0
стартовать 0.002208 0.0 0.0
статистика 0.004415 0.0 0.0
стать 0.006623 0.0 0.0
статья 0.002208 0.0 0.0
стоимость 0.004415 0.0 0.0
сторона 0.002208 2.407946 0.005316
странный 0.004415 3.506558 0.015481
стремиться 0.002208 4.60517 0.010166
тайконавт 0.002208 0.0 0.0
тег 0.002208 0.0 0.0
текст 0.004415 0.0 0.0
текущий 0.002208 3.506558 0.007741
темп 0.002208 2.302585 0.005083
теплозащита 0.006623 4.60517 0.030498
теплозащитный 0.002208 4.60517 0.010166
технический 0.006623 0.0 0.0
топ 0.004415 0.0 0.0
топливо 0.002208 2.65926 0.00587
тыс 0.004415 0.0 0.0
убрать 0.002208 0.0 0.0
удаться 0.002208 3.506558 0.007741
упасть 0.004415 0.0 0.0
упомянуть 0.002208 4.60517 0.010166
усилие 0.002208 3.912023 0.008636
ускорить 0.006623 2.995732 0.019839
условие 0.002208 1.771957 0.003912
установить 0.002208 3.912023 0.008636
устройство 0.002208 0.0 0.0
уточнить 0.002208 3.912023 0.008636
файл 0.002208 0.0 0.0
флагманский 0.002208 0.0 0.0
фундаментальный 0.002208 0.0 0.0
хит 0.002208 0.0 0.0
цель 0.002208 2.302585 0.005083
центр 0.002208 1.714798 0.003785
церемония 0.004415 4.60517 0.020332
человек 0.006623 0.0 0.0
четверо 0.004415 4.60517 0.020332
четыре 0.002208 2.207275 0.004873
чип 0.002208 1.966113 0.00434
ширман 0.004415 4.60517 0.020332
экран 0.002208 2.813411 0.006211
экспорт 0.004415 0.0 0.0
элемент 0.002208 2.813411 0.006211
эмбрион 0.002208 0.0 0.0
эра 0.002208 2.525729 0.005576
эрозия 0.002208 4.60517 0.010166
южный 0.002208 0.0 0.0
