авиалайнер 0.003145 0.0 0.0
австралия 0.003145 0.0 0.0
автоваз 0.006289 0.0 0.0
автозавод 0.003145 4.60517 0.014482
автомат 0.003145 0.0 0.0
автомобиль 0.009434 1.560648 0.014723
автопроизводитель 0.003145 0.0 0.0
автор 0.009434 0.0 0.0
администрация 0.003145 0.0 0.0
адрес 0.006289 0.0 0.0
америка 0.003145 0.0 0.0
аналитик 0.003145 0.0 0.0
апрель 0.003145 1.832581 0.005763
белок 0.003145 0.0 0.0
биологический 0.006289 0.0 0.0
ближний 0.003145 0.0 0.0
блог 0.003145 0.0 0.0
быстро 0.006289 0.0 0.0
быть 0.003145 0.0 0.0
вариант 0.006289 2.995732 0.018841
вариатор 0.003145 3.912023 0.012302
версия 0.003145 2.407946 0.007572
вес 0.003145 0.0 0.0
весь 0.003145 0.0 0.0
видеокарта 0.003145 0.0 0.0
внедорожник 0.003145 0.0 0.0
войти 0.006289 0.0 0.0
вопрос 0.003145 1.660731 0.005222
восток 0.003145 0.0 0.0
входить 0.003145 0.0 0.0
выделить 0.003145 0.0 0.0
выпускать 0.003145 4.60517 0.014482
выпускаться 0.006289 3.912023 0.024604
выходить 0.003145 0.0 0.0
гамма 0.003145 4.60517 0.014482
глава 0.006289 2.813411 0.017694
главный 0.003145 0.0 0.0
год 0.003145 0.0 0.0
данные 0.006289 0.0 0.0
двигатель 0.015723 0.0 0.0
деградировать 0.003145 3.506558 0.011027
дизайн 0.006289 0.0 0.0
директор 0.006289 0.0 0.0
доллар 0.003145 0.0 0.0
дом 0.006289 0.0 0.0
дорогой 0.006289 3.218876 0.020245
доставить 0.003145 0.0 0.0
достигать 0.003145 0.0 0.0
другой 0.003145 1.771957 0.005572
ещё 0.006289 1.89712 0.011932
завершить 0.003145 0.0 0.0
запуск 0.006289 1.272966 0.008006
защита 0.003145 0.0 0.0
земля 0.006289 0.0 0.0
зонд 0.009434 0.0 0.0
игра 0.003145 0.0 0.0
инновационный 0.006289 0.0 0.0
информация 0.003145 0.0 0.0
исполнение 0.009434 3.506558 0.033081
использование 0.003145 0.0 0.0
исследование 0.003145 0.0 0.0
источник 0.006289 0.0 0.0
календарь 0.006289 0.0 0.0
категория 0.003145 0.0 0.0
кг 0.006289 0.0 0.0
километр 0.003145 0.0 0.0
китайский 0.003145 2.65926 0.008362
классический 0.003145 0.0 0.0
клон 0.006289 0.0 0.0
количество 0.003145 2.813411 0.008847
комментирование 0.003145 0.0 0.0
комфортный 0.006289 0.0 0.0
конвейер 0.003145 3.506558 0.011027
конец 0.003145 1.771957 0.005572
конференция 0.006289 0.0 0.0
корея 0.003145 0.0 0.0
коробка 0.003145 4.60517 0.014482
корпус 0.006289 0.0 0.0
космос 0.009434 0.0 0.0
кросс 0.006289 0.0 0.0
кроссовер 0.006289 0.0 0.0
кубический 0.003145 0.0 0.0
кук 0.003145 0.0 0.0
летать 0.006289 0.0 0.0
линейка 0.009434 3.912023 0.036906
лист 0.003145 0.0 0.0
май 0.009434 0.0 0.0
майский 0.006289 3.506558 0.022054
маленький 0.003145 2.407946 0.007572
марк 0.003145 0.0 0.0
материал 0.003145 0.0 0.0
машина 0.009434 0.0 0.0
межпланетный 0.006289 0.0 0.0
менять 0.003145 0.0 0.0
механика 0.003145 4.60517 0.014482
миллион 0.003145 0.0 0.0
минимум 0.003145 2.65926 0.008362
мир 0.003145 0.0 0.0
млн 0.006289 1.108663 0.006973
мобильный 0.003145 0.0 0.0
момент 0.006289 0.0 0.0
монитор 0.003145 0.0 0.0
мотобренд 0.003145 0.0 0.0
мотоцикл 0.003145 0.0 0.0
мочь 0.003145 0.0 0.0
мощь 0.006289 1.89712 0.011932
нажать 0.003145 0.0 0.0
название 0.003145 0.0 0.0
назвать 0.003145 0.0 0.0
наметиться 0.003145 4.60517 0.014482
наслать 0.003145 0.0 0.0
начало 0.003145 2.407946 0.007572
наш 0.006289 0.0 0.0
неполадка 0.003145 3.218876 0.010122
нецелесообразный 0.003145 3.506558 0.011027
новость 0.003145 0.0 0.0
новый 0.012579 0.0 0.0
ноутбук 0.003145 0.0 0.0
нужный 0.003145 0.0 0.0
обзор 0.003145 0.0 0.0
обработка 0.003145 0.0 0.0
образец 0.003145 0.0 0.0
объявить 0.003145 0.0 0.0
одиннадцать 0.006289 4.60517 0.028963
одноклассник 0.006289 0.0 0.0
орбита 0.003145 0.0 0.0
остаться 0.003145 4.60517 0.014482
отдать 0.003145 0.0 0.0
отечественный 0.003145 0.0 0.0
отказ 0.003145 0.0 0.0
отказаться 0.003145 0.0 0.0
отключить 0.003145 0.0 0.0
отныне 0.006289 4.60517 0.028963
очень 0.006289 0.0 0.0
ошибка 0.003145 0.0 0.0
передача 0.003145 2.120264 0.006667
передний 0.003145 0.0 0.0
пересматривать 0.003145 4.60517 0.014482
пересмотреть 0.003145 2.525729 0.007943
период 0.006289 0.0 0.0
периферия 0.006289 0.0 0.0
персональный 0.006289 0.0 0.0
пиар 0.006289 0.0 0.0
планшет 0.003145 0.0 0.0
платформа 0.006289 0.0 0.0
подвести 0.003145 0.0 0.0
поднять 0.003145 0.0 0.0
подогреть 0.003145 4.60517 0.014482
подробный 0.003145 0.0 0.0
поиск 0.006289 0.0 0.0
пока 0.006289 0.0 0.0
полезный 0.003145 0.0 0.0
политика 0.009434 0.0 0.0
полноприводный 0.003145 0.0 0.0
полёт 0.003145 0.0 0.0
пометка 0.006289 4.60517 0.028963
попробовать 0.006289 0.0 0.0
популярный 0.006289 0.0 0.0
посещать 0.006289 0.0 0.0
появиться 0.003145 4.60517 0.014482
пояснить 0.003145 2.040221 0.006416
прайс 0.006289 0.0 0.0
представить 0.003145 0.0 0.0
прибавка 0.006289 0.0 0.0
привод 0.003145 0.0 0.0
принтер 0.003145 0.0 0.0
пробизнес 0.006289 0.0 0.0
проведение 0.003145 0.0 0.0
программа 0.003145 0.0 0.0
продавать 0.006289 0.0 0.0
продажа 0.003145 0.0 0.0
продолжать 0.003145 0.0 0.0
проект 0.006289 0.0 0.0
проектор 0.003145 0.0 0.0
производить 0.006289 3.912023 0.024604
производиться 0.006289 4.60517 0.028963
производство 0.006289 2.302585 0.014482
пролить 0.006289 0.0 0.0
процесс 0.003145 0.0 0.0
прошлое 0.003145 2.995732 0.009421
прошлый 0.006289 4.60517 0.028963
работа 0.003145 0.0 0.0
работать 0.006289 2.65926 0.016725
раскрыть 0.003145 2.995732 0.009421
реальный 0.003145 0.0 0.0
результат 0.003145 0.0 0.0
реклама 0.006289 0.0 0.0
решать 0.003145 0.0 0.0
россия 0.009434 0.0 0.0
россиянин 0.003145 0.0 0.0
рубль 0.003145 0.0 0.0
рынок 0.006289 0.0 0.0
сайт 0.006289 0.0 0.0
самолёт 0.003145 0.0 0.0
самый 0.009434 0.0 0.0
сантиметр 0.003145 0.0 0.0
сбор 0.003145 0.0 0.0
сверхтонкий 0.003145 3.506558 0.011027
свет 0.006289 0.0 0.0
связь 0.009434 0.0 0.0
сегодня 0.006289 0.0 0.0
сервер 0.003145 0.0 0.0
сервис 0.003145 0.0 0.0
сертификация 0.003145 0.0 0.0
сеть 0.003145 0.0 0.0
склад 0.006289 2.995732 0.018841
скоро 0.006289 0.0 0.0
снова 0.006289 0.0 0.0
собираться 0.003145 4.60517 0.014482
советский 0.006289 0.0 0.0
соглашаться 0.003145 0.0 0.0
сократить 0.003145 2.120264 0.006667
сокращение 0.006289 3.912023 0.024604
спасти 0.006289 0.0 0.0
спецификация 0.003145 4.60517 0.014482
среда 0.006289 0.0 0.0
ссылка 0.003145 0.0 0.0
стартовать 0.003145 0.0 0.0
статистика 0.006289 0.0 0.0
стать 0.003145 0.0 0.0
статья 0.003145 0.0 0.0
стекло 0.006289 3.506558 0.022054
стоимость 0.006289 0.0 0.0
тайконавт 0.003145 0.0 0.0
тег 0.003145 0.0 0.0
текст 0.006289 0.0 0.0
технический 0.006289 0.0 0.0
топ 0.006289 0.0 0.0
тренд 0.006289 3.912023 0.024604
тыс 0.006289 0.0 0.0
убрать 0.003145 0.0 0.0
упасть 0.006289 0.0 0.0
устройство 0.003145 0.0 0.0
файл 0.003145 0.0 0.0
флагманский 0.003145 0.0 0.0
фундаментальный 0.003145 0.0 0.0
хит 0.003145 0.0 0.0
целое 0.003145 3.912023 0.012302
цена 0.006289 1.714798 0.010785
человек 0.003145 0.0 0.0
четыре 0.003145 2.207275 0.006941
экспорт 0.006289 0.0 0.0
эмбрион 0.003145 0.0 0.0
южный 0.003145 0.0 0.0
