авария 0.012658 2.120264 0.026839
авиалайнер 0.003165 0.0 0.0
австралия 0.003165 0.0 0.0
автоваз 0.006329 0.0 0.0
автомат 0.003165 0.0 0.0
автомобиль 0.003165 2.207275 0.006985
автопроизводитель 0.003165 0.0 0.0
автор 0.009494 0.0 0.0
администрация 0.003165 0.0 0.0
адрес 0.006329 0.0 0.0
аксессуар 0.003165 3.506558 0.011097
активироваться 0.003165 4.60517 0.014573
америка 0.003165 0.0 0.0
аналитик 0.003165 0.0 0.0
анонсировать 0.003165 2.813411 0.008903
аппарат 0.006329 1.660731 0.010511
безопасность 0.003165 1.714798 0.005427
белок 0.003165 0.0 0.0
биологический 0.006329 0.0 0.0
ближний 0.003165 0.0 0.0
блог 0.003165 0.0 0.0
быстро 0.006329 0.0 0.0
быть 0.003165 0.0 0.0
вводить 0.003165 4.60517 0.014573
вес 0.003165 0.0 0.0
весь 0.003165 0.0 0.0
видеокарта 0.003165 0.0 0.0
владелец 0.003165 4.60517 0.014573
внедорожник 0.003165 0.0 0.0
вождение 0.003165 4.60517 0.014573
войти 0.006329 0.0 0.0
восток 0.003165 0.0 0.0
время 0.009494 1.139434 0.010817
входить 0.003165 0.0 0.0
выделить 0.003165 0.0 0.0
выносливость 0.003165 4.60517 0.014573
выходить 0.003165 0.0 0.0
гигантский 0.003165 3.506558 0.011097
главный 0.003165 0.0 0.0
год 0.003165 0.0 0.0
гоночный 0.003165 4.60517 0.014573
данные 0.006329 0.0 0.0
двигатель 0.012658 0.0 0.0
дизайн 0.006329 0.0 0.0
директор 0.006329 0.0 0.0
добавлять 0.003165 3.912023 0.01238
доллар 0.003165 0.0 0.0
дом 0.006329 0.0 0.0
дорога 0.003165 3.912023 0.01238
доставить 0.003165 0.0 0.0
достигать 0.003165 0.0 0.0
достижение 0.003165 2.65926 0.008415
завершить 0.003165 0.0 0.0
защита 0.003165 0.0 0.0
земля 0.006329 0.0 0.0
зонд 0.009494 0.0 0.0
игра 0.003165 0.0 0.0
инновационный 0.006329 0.0 0.0
информация 0.003165 0.0 0.0
использование 0.006329 0.0 0.0
испытание 0.003165 2.525729 0.007993
исследование 0.003165 0.0 0.0
источник 0.006329 0.0 0.0
календарь 0.006329 0.0 0.0
категория 0.003165 0.0 0.0
квалификация 0.003165 4.60517 0.014573
кг 0.006329 0.0 0.0
километр 0.003165 0.0 0.0
классический 0.003165 0.0 0.0
клон 0.006329 0.0 0.0
комментирование 0.003165 0.0 0.0
компания 0.006329 0.820981 0.005196
комфортный 0.006329 0.0 0.0
конференция 0.006329 0.0 0.0
корея 0.003165 0.0 0.0
корпус 0.003165 0.0 0.0
космический 0.003165 1.966113 0.006222
космос 0.009494 0.0 0.0
который 0.009494 1.347074 0.012789
кроссовер 0.006329 0.0 0.0
круг 0.003165 2.813411 0.008903
кубический 0.003165 0.0 0.0
кук 0.003165 0.0 0.0
летать 0.006329 0.0 0.0
лист 0.003165 0.0 0.0
май 0.009494 0.0 0.0
марк 0.003165 0.0 0.0
материал 0.003165 0.0 0.0
машина 0.003165 0.0 0.0
межпланетный 0.006329 0.0 0.0
менять 0.003165 0.0 0.0
миллион 0.006329 0.0 0.0
мир 0.003165 0.0 0.0
многоразовый 0.006329 3.506558 0.022193
мобильный 0.003165 0.0 0.0
момент 0.006329 0.0 0.0
монитор 0.003165 0.0 0.0
мотобренд 0.003165 0.0 0.0
мотоцикл 0.003165 0.0 0.0
мочь 0.003165 0.0 0.0
мощность 0.009494 1.469676 0.013953
нажать 0.003165 0.0 0.0
название 0.003165 0.0 0.0
назвать 0.003165 0.0 0.0
направить 0.003165 4.60517 0.014573
наслать 0.003165 0.0 0.0
наш 0.006329 0.0 0.0
необходимо 0.006329 2.407946 0.01524
неопытный 0.003165 4.60517 0.014573
новичок 0.003165 4.60517 0.014573
новость 0.003165 0.0 0.0
новый 0.009494 0.0 0.0
ноутбук 0.003165 0.0 0.0
нужный 0.003165 0.0 0.0
обзор 0.003165 0.0 0.0
обновление 0.009494 2.407946 0.02286
обработка 0.003165 0.0 0.0
образец 0.003165 0.0 0.0
объявить 0.003165 0.0 0.0
ограничение 0.006329 4.60517 0.029147
одноклассник 0.006329 0.0 0.0
орбита 0.003165 0.0 0.0
особенно 0.006329 1.609438 0.010186
отдать 0.003165 0.0 0.0
отечественный 0.003165 0.0 0.0
отказ 0.003165 0.0 0.0
отказаться 0.003165 0.0 0.0
отключить 0.003165 0.0 0.0
официальный 0.003165 3.506558 0.011097
очень 0.006329 0.0 0.0
ошибка 0.003165 0.0 0.0
передний 0.003165 0.0 0.0
период 0.006329 0.0 0.0
периферия 0.006329 0.0 0.0
персональный 0.006329 0.0 0.0
пиар 0.006329 0.0 0.0
планшет 0.003165 0.0 0.0
платформа 0.006329 0.0 0.0
повредить 0.003165 3.506558 0.011097
повышение 0.006329 3.506558 0.022193
подвести 0.003165 0.0 0.0
поддержка 0.003165 3.218876 0.010186
поднять 0.003165 0.0 0.0
подробный 0.003165 0.0 0.0
поиск 0.006329 0.0 0.0
пока 0.006329 0.0 0.0
показать 0.006329 3.218876 0.020373
полезный 0.003165 0.0 0.0
политика 0.009494 0.0 0.0
полноприводный 0.003165 0.0 0.0
полный 0.003165 2.407946 0.00762
полёт 0.003165 0.0 0.0
попасть 0.003165 2.813411 0.008903
попробовать 0.006329 0.0 0.0
популярный 0.006329 0.0 0.0
посещать 0.006329 0.0 0.0
пояснить 0.003165 2.813411 0.008903
прайс 0.006329 0.0 0.0
предназначить 0.003165 3.218876 0.010186
представить 0.003165 0.0 0.0
прибавка 0.006329 0.0 0.0
привод 0.003165 0.0 0.0
принтер 0.003165 0.0 0.0
пробизнес 0.006329 0.0 0.0
проведение 0.003165 0.0 0.0
программа 0.003165 0.0 0.0
продавать 0.006329 0.0 0.0
продажа 0.003165 0.0 0.0
продолжать 0.003165 0.0 0.0
проект 0.006329 0.0 0.0
проектор 0.003165 0.0 0.0
пролить 0.006329 0.0 0.0
процесс 0.003165 0.0 0.0
пульсар 0.006329 3.506558 0.022193
работа 0.003165 0.0 0.0
разблокировать 0.006329 4.60517 0.029147
реальный 0.006329 0.0 0.0
режим 0.009494 2.407946 0.02286
результат 0.003165 0.0 0.0
реклама 0.006329 0.0 0.0
решать 0.003165 0.0 0.0
решение 0.006329 2.040221 0.012913
риск 0.006329 1.89712 0.012007
россия 0.003165 0.0 0.0
россиянин 0.003165 0.0 0.0
рубль 0.003165 0.0 0.0
рынок 0.006329 0.0 0.0
сайт 0.006329 0.0 0.0
самолёт 0.003165 0.0 0.0
самый 0.006329 0.0 0.0
сантиметр 0.003165 0.0 0.0
сбор 0.003165 0.0 0.0
свет 0.006329 0.0 0.0
связь 0.009494 0.0 0.0
сегодня 0.006329 0.0 0.0
сервер 0.003165 0.0 0.0
сервис 0.003165 0.0 0.0
сертификация 0.003165 0.0 0.0
сеть 0.003165 0.0 0.0
скоро 0.006329 0.0 0.0
служба 0.006329 3.912023 0.02476
снижать 0.003165 2.302585 0.007287
снова 0.006329 0.0 0.0
советский 0.006329 0.0 0.0
соглашаться 0.003165 0.0 0.0
спасти 0.006329 0.0 0.0
специальный 0.003165 4.60517 0.014573
среда 0.006329 0.0 0.0
ссылка 0.003165 0.0 0.0
стартовать 0.003165 0.0 0.0
статистика 0.006329 0.0 0.0
стать 0.003165 0.0 0.0
статья 0.003165 0.0 0.0
стоимость 0.006329 0.0 0.0
структура 0.003165 2.65926 0.008415
тайконавт 0.003165 0.0 0.0
тег 0.003165 0.0 0.0
текст 0.006329 0.0 0.0
технический 0.006329 0.0 0.0
топ 0.006329 0.0 0.0
трасса 0.003165 3.912023 0.01238
трек 0.006329 4.60517 0.029147
тыс 0.006329 0.0 0.0
убрать 0.003165 0.0 0.0
упасть 0.006329 0.0 0.0
урезать 0.003165 3.506558 0.011097
уровень 0.003165 2.302585 0.007287
устройство 0.003165 0.0 0.0
участвовать 0.003165 3.506558 0.011097
учитывать 0.003165 2.995732 0.00948
файл 0.003165 0.0 0.0
флагманский 0.003165 0.0 0.0
фундаментальный 0.003165 0.0 0.0
хит 0.003165 0.0 0.0
час 0.006329 0.0 0.0
человек 0.003165 0.0 0.0
шина 0.003165 0.0 0.0
экспорт 0.006329 0.0 0.0
экстремальный 0.003165 4.60517 0.014573
эмбрион 0.003165 0.0 0.0
южный 0.003165 0.0 0.0
