авиалайнер 0.003356 0.0 0.0
австралия 0.003356 0.0 0.0
автоваз 0.006711 0.0 0.0
автомат 0.003356 0.0 0.0
автомобиль 0.003356 1.714798 0.005754
автопроизводитель 0.003356 0.0 0.0
автор 0.010067 0.0 0.0
администрация 0.003356 0.0 0.0
адрес 0.006711 0.0 0.0
америка 0.003356 0.0 0.0
аналитик 0.003356 0.0 0.0
белок 0.003356 0.0 0.0
биологический 0.006711 0.0 0.0
ближний 0.003356 0.0 0.0
блог 0.003356 0.0 0.0
бояться 0.003356 3.218876 0.010802
бренд 0.003356 0.0 0.0
быстро 0.006711 0.0 0.0
быть 0.003356 0.0 0.0
ввозить 0.003356 4.60517 0.015454
вес 0.003356 0.0 0.0
весь 0.003356 0.0 0.0
видеокарта 0.003356 0.0 0.0
внедорожник 0.003356 0.0 0.0
возглавить 0.003356 3.218876 0.010802
войти 0.010067 0.0 0.0
восток 0.003356 0.0 0.0
входить 0.003356 0.0 0.0
выделить 0.003356 0.0 0.0
выходить 0.003356 0.0 0.0
генпрокуратура 0.006711 3.506558 0.023534
главный 0.003356 0.0 0.0
глобальный 0.003356 3.218876 0.010802
год 0.013423 0.0 0.0
данные 0.006711 0.0 0.0
двигатель 0.010067 0.0 0.0
дизайн 0.006711 0.0 0.0
директор 0.006711 0.0 0.0
доллар 0.003356 0.0 0.0
доля 0.006711 4.60517 0.030907
дом 0.006711 0.0 0.0
доставить 0.003356 0.0 0.0
достигать 0.003356 0.0 0.0
достигнуть 0.003356 4.60517 0.015454
единица 0.006711 2.995732 0.020106
завершить 0.003356 0.0 0.0
запрещать 0.006711 3.506558 0.023534
защита 0.003356 0.0 0.0
земля 0.006711 0.0 0.0
зонд 0.010067 0.0 0.0
игра 0.003356 0.0 0.0
иметь 0.003356 3.506558 0.011767
импорт 0.003356 2.995732 0.010053
инновационный 0.006711 0.0 0.0
информация 0.003356 0.0 0.0
использование 0.003356 0.0 0.0
исследование 0.003356 0.0 0.0
источник 0.006711 0.0 0.0
календарь 0.006711 0.0 0.0
категория 0.003356 0.0 0.0
квартал 0.003356 2.813411 0.009441
кг 0.006711 0.0 0.0
километр 0.003356 0.0 0.0
китай 0.006711 1.171183 0.00786
китайский 0.003356 2.207275 0.007407
классический 0.003356 0.0 0.0
клон 0.006711 0.0 0.0
комментирование 0.003356 0.0 0.0
компания 0.006711 0.820981 0.00551
комфортный 0.006711 0.0 0.0
конференция 0.006711 0.0 0.0
корея 0.003356 0.0 0.0
корпус 0.003356 0.0 0.0
космос 0.010067 0.0 0.0
который 0.003356 0.776529 0.002606
кроссовер 0.006711 0.0 0.0
кубический 0.003356 0.0 0.0
кук 0.003356 0.0 0.0
легковой 0.003356 4.60517 0.015454
летать 0.006711 0.0 0.0
лидер 0.003356 2.995732 0.010053
лист 0.003356 0.0 0.0
май 0.010067 0.0 0.0
маленький 0.003356 2.407946 0.00808
марк 0.003356 0.0 0.0
материал 0.003356 0.0 0.0
машина 0.006711 0.0 0.0
межпланетный 0.006711 0.0 0.0
менять 0.003356 0.0 0.0
миллион 0.003356 0.0 0.0
мир 0.003356 0.0 0.0
млн 0.006711 1.108663 0.007441
мобильный 0.003356 0.0 0.0
модель 0.003356 0.867501 0.002911
момент 0.006711 0.0 0.0
монитор 0.003356 0.0 0.0
мотобренд 0.003356 0.0 0.0
мотоцикл 0.003356 0.0 0.0
мочь 0.003356 0.0 0.0
нажать 0.003356 0.0 0.0
название 0.003356 0.0 0.0
назвать 0.006711 0.0 0.0
наслать 0.003356 0.0 0.0
наш 0.006711 0.0 0.0
новость 0.003356 0.0 0.0
новый 0.013423 0.0 0.0
ноутбук 0.003356 0.0 0.0
нужный 0.003356 0.0 0.0
обзор 0.003356 0.0 0.0
обработка 0.003356 0.0 0.0
образец 0.003356 0.0 0.0
общий 0.006711 4.60517 0.030907
объявить 0.003356 0.0 0.0
одноклассник 0.006711 0.0 0.0
орбита 0.003356 0.0 0.0
отдать 0.003356 0.0 0.0
отечественный 0.003356 0.0 0.0
отказ 0.003356 0.0 0.0
отказаться 0.003356 0.0 0.0
отключить 0.003356 0.0 0.0
очень 0.006711 0.0 0.0
ошибка 0.003356 0.0 0.0
параллельный 0.003356 3.506558 0.011767
первый 0.003356 1.89712 0.006366
передний 0.003356 0.0 0.0
пересаживаться 0.003356 3.506558 0.011767
период 0.006711 0.0 0.0
периферия 0.006711 0.0 0.0
персональный 0.006711 0.0 0.0
пиар 0.006711 0.0 0.0
планшет 0.003356 0.0 0.0
платформа 0.006711 0.0 0.0
подвести 0.003356 0.0 0.0
поднять 0.003356 0.0 0.0
подробный 0.003356 0.0 0.0
поиск 0.006711 0.0 0.0
пока 0.006711 0.0 0.0
полезный 0.003356 0.0 0.0
политика 0.010067 0.0 0.0
полноприводный 0.003356 0.0 0.0
полёт 0.003356 0.0 0.0
попробовать 0.006711 0.0 0.0
популярный 0.010067 0.0 0.0
посещать 0.006711 0.0 0.0
поставка 0.003356 2.525729 0.008476
прайс 0.006711 0.0 0.0
представить 0.003356 0.0 0.0
премиальный 0.003356 4.60517 0.015454
прибавка 0.006711 0.0 0.0
привод 0.003356 0.0 0.0
принтер 0.003356 0.0 0.0
пробизнес 0.006711 0.0 0.0
проведение 0.003356 0.0 0.0
программа 0.003356 0.0 0.0
продавать 0.006711 0.0 0.0
продажа 0.006711 0.0 0.0
продать 0.003356 3.912023 0.013128
продолжать 0.003356 0.0 0.0
проект 0.006711 0.0 0.0
проектор 0.003356 0.0 0.0
пролить 0.006711 0.0 0.0
просить 0.003356 2.65926 0.008924
процесс 0.003356 0.0 0.0
процессор 0.003356 2.207275 0.007407
прошлый 0.003356 2.995732 0.010053
работа 0.003356 0.0 0.0
реальный 0.003356 0.0 0.0
результат 0.003356 0.0 0.0
реклама 0.006711 0.0 0.0
решать 0.003356 0.0 0.0
российский 0.010067 2.995732 0.030158
россия 0.013423 0.0 0.0
россиянин 0.003356 0.0 0.0
рубль 0.003356 0.0 0.0
рухнуть 0.003356 4.60517 0.015454
рф 0.006711 2.120264 0.01423
рынок 0.010067 0.0 0.0
сайт 0.006711 0.0 0.0
самолёт 0.003356 0.0 0.0
самый 0.010067 0.0 0.0
сантиметр 0.003356 0.0 0.0
сбор 0.003356 0.0 0.0
сборка 0.003356 2.407946 0.00808
свет 0.006711 0.0 0.0
связь 0.010067 0.0 0.0
сегодня 0.006711 0.0 0.0
сервер 0.003356 0.0 0.0
сервис 0.003356 0.0 0.0
сертификация 0.003356 0.0 0.0
сеть 0.003356 0.0 0.0
скоро 0.006711 0.0 0.0
следовать 0.003356 2.995732 0.010053
снова 0.006711 0.0 0.0
советский 0.006711 0.0 0.0
соглашаться 0.003356 0.0 0.0
сократиться 0.006711 4.60517 0.030907
составить 0.003356 3.912023 0.013128
спасти 0.006711 0.0 0.0
спрос 0.006711 2.525729 0.016951
среда 0.006711 0.0 0.0
средний 0.003356 3.506558 0.011767
ссылка 0.003356 0.0 0.0
стартовать 0.003356 0.0 0.0
статистика 0.006711 0.0 0.0
стать 0.003356 0.0 0.0
статья 0.003356 0.0 0.0
стоимость 0.006711 0.0 0.0
тайконавт 0.003356 0.0 0.0
такой 0.003356 1.514128 0.005081
тег 0.003356 0.0 0.0
текст 0.006711 0.0 0.0
технический 0.006711 0.0 0.0
топ 0.006711 0.0 0.0
тыс 0.006711 0.0 0.0
тысяча 0.006711 3.912023 0.026255
убрать 0.003356 0.0 0.0
увеличить 0.003356 2.65926 0.008924
упасть 0.006711 0.0 0.0
устройство 0.003356 0.0 0.0
учёт 0.003356 3.912023 0.013128
файл 0.003356 0.0 0.0
флагманский 0.003356 0.0 0.0
фундаментальный 0.003356 0.0 0.0
хит 0.003356 0.0 0.0
цена 0.003356 1.386294 0.004652
чарт 0.006711 3.506558 0.023534
человек 0.003356 0.0 0.0
чип 0.003356 1.966113 0.006598
штука 0.010067 3.912023 0.039383
экспорт 0.006711 0.0 0.0
эмбрион 0.003356 0.0 0.0
южный 0.003356 0.0 0.0
