авиалайнер 0.00271 0.0 0.0
австралия 0.00271 0.0 0.0
автоваз 0.00542 0.0 0.0
автомат 0.00271 0.0 0.0
автопроизводитель 0.00271 0.0 0.0
автор 0.00813 0.0 0.0
адаптация 0.00271 3.912023 0.010602
администрация 0.00271 0.0 0.0
адрес 0.00542 0.0 0.0
америка 0.00271 0.0 0.0
американский 0.00542 2.813411 0.015249
аналитик 0.00271 0.0 0.0
аппарат 0.00813 1.660731 0.013502
апрель 0.00271 1.832581 0.004966
базироваться 0.00271 4.60517 0.01248
белок 0.00271 0.0 0.0
биологический 0.00542 0.0 0.0
ближний 0.00271 0.0 0.0
блог 0.00271 0.0 0.0
быстро 0.00542 0.0 0.0
быть 0.00271 0.0 0.0
важный 0.00271 2.995732 0.008119
ввс 0.00542 3.218876 0.017446
вес 0.00271 0.0 0.0
весь 0.00271 0.0 0.0
вещество 0.00271 4.60517 0.01248
видеокарта 0.00271 0.0 0.0
включать 0.00271 2.525729 0.006845
внедорожник 0.00271 0.0 0.0
водород 0.00271 2.813411 0.007624
войти 0.00542 0.0 0.0
восток 0.00271 0.0 0.0
входить 0.00271 0.0 0.0
выделить 0.00271 0.0 0.0
высокий 0.00271 3.218876 0.008723
высокопроизводительный 0.00542 4.60517 0.02496
выходить 0.00271 0.0 0.0
гиперзвуковой 0.00271 2.995732 0.008119
главный 0.00271 0.0 0.0
год 0.00542 0.0 0.0
готовность 0.00542 3.506558 0.019006
данные 0.00542 0.0 0.0
двигатель 0.01897 0.0 0.0
делать 0.00271 2.040221 0.005529
дизайн 0.00542 0.0 0.0
директор 0.00542 0.0 0.0
доллар 0.00271 0.0 0.0
дом 0.00542 0.0 0.0
доставить 0.00271 0.0 0.0
достигать 0.00271 0.0 0.0
доступ 0.00542 1.347074 0.007301
жидкий 0.00813 3.218876 0.02617
завершить 0.00542 0.0 0.0
запуск 0.00271 1.272966 0.00345
запускаться 0.00542 4.60517 0.02496
защита 0.00271 0.0 0.0
земля 0.00542 0.0 0.0
зонд 0.00813 0.0 0.0
игра 0.00271 0.0 0.0
известный 0.00271 2.813411 0.007624
инновационный 0.00542 0.0 0.0
интеграция 0.00271 2.65926 0.007207
информация 0.00271 0.0 0.0
инфраструктура 0.00271 3.218876 0.008723
использование 0.00271 0.0 0.0
использовать 0.00271 2.302585 0.00624
испытание 0.00271 2.525729 0.006845
испытательный 0.00542 4.60517 0.02496
исследование 0.00271 0.0 0.0
исследовательский 0.00271 2.813411 0.007624
источник 0.00542 0.0 0.0
календарь 0.00542 0.0 0.0
карта 0.00271 0.0 0.0
категория 0.00271 0.0 0.0
кг 0.00542 0.0 0.0
керосин 0.00542 4.60517 0.02496
километр 0.00271 0.0 0.0
кислород 0.00542 3.506558 0.019006
классический 0.00271 0.0 0.0
клон 0.00542 0.0 0.0
комментирование 0.00271 0.0 0.0
компактность 0.00271 3.912023 0.010602
компания 0.00542 0.820981 0.00445
комфортный 0.00542 0.0 0.0
конец 0.00271 2.120264 0.005746
контракт 0.00542 3.506558 0.019006
конференция 0.00542 0.0 0.0
корея 0.00271 0.0 0.0
корпорация 0.00271 3.218876 0.008723
корпус 0.00271 0.0 0.0
космический 0.00542 2.302585 0.01248
космос 0.00813 0.0 0.0
кроссовер 0.00542 0.0 0.0
крупный 0.00271 2.813411 0.007624
кубический 0.00271 0.0 0.0
кук 0.00271 0.0 0.0
лаборатория 0.00271 3.218876 0.008723
легендарный 0.00271 3.506558 0.009503
летать 0.00542 0.0 0.0
лист 0.00271 0.0 0.0
лётный 0.00271 3.506558 0.009503
май 0.00813 0.0 0.0
марк 0.00271 0.0 0.0
материал 0.00271 0.0 0.0
машина 0.00271 0.0 0.0
межпланетный 0.00542 0.0 0.0
менять 0.00271 0.0 0.0
миллион 0.00271 0.0 0.0
минута 0.00271 2.995732 0.008119
мир 0.00271 0.0 0.0
млн 0.00542 1.108663 0.006009
мобильный 0.00271 0.0 0.0
модель 0.00542 1.469676 0.007966
момент 0.00542 0.0 0.0
монитор 0.00271 0.0 0.0
мотобренд 0.00271 0.0 0.0
мотоцикл 0.00271 0.0 0.0
мочь 0.00271 0.0 0.0
нажать 0.00271 0.0 0.0
название 0.00271 0.0 0.0
назвать 0.00271 0.0 0.0
наземный 0.00271 3.912023 0.010602
наслать 0.00271 0.0 0.0
начало 0.00271 1.89712 0.005141
наш 0.00542 0.0 0.0
независимый 0.00271 4.60517 0.01248
некриогенный 0.00271 4.60517 0.01248
новость 0.00271 0.0 0.0
новый 0.00813 0.0 0.0
ноутбук 0.00271 0.0 0.0
нужда 0.00271 3.912023 0.010602
нужный 0.00271 0.0 0.0
обзор 0.00271 0.0 0.0
обработка 0.00271 0.0 0.0
образец 0.00271 0.0 0.0
объявить 0.00271 0.0 0.0
одноклассник 0.00542 0.0 0.0
ожидаться 0.00271 3.912023 0.010602
оперативный 0.00271 4.60517 0.01248
орбита 0.00271 0.0 0.0
особенность 0.00542 3.506558 0.019006
отдать 0.00271 0.0 0.0
отечественный 0.00271 0.0 0.0
отказ 0.00271 0.0 0.0
отказаться 0.00271 0.0 0.0
отключить 0.00271 0.0 0.0
отличие 0.00542 2.207275 0.011964
охлаждение 0.00271 3.506558 0.009503
очень 0.00542 0.0 0.0
ошибка 0.00271 0.0 0.0
первый 0.00271 2.207275 0.005982
передний 0.00271 0.0 0.0
перекись 0.00542 4.60517 0.02496
период 0.00542 0.0 0.0
периферия 0.00542 0.0 0.0
персональный 0.00542 0.0 0.0
пиар 0.00542 0.0 0.0
планшет 0.00271 0.0 0.0
платформа 0.00813 0.0 0.0
подвести 0.00271 0.0 0.0
поддержка 0.00271 3.218876 0.008723
поднять 0.00271 0.0 0.0
подписать 0.00271 3.506558 0.009503
подробный 0.00271 0.0 0.0
подтвердить 0.00271 3.506558 0.009503
позволять 0.00271 1.832581 0.004966
позиционировать 0.00271 3.912023 0.010602
поиск 0.00542 0.0 0.0
пока 0.00542 0.0 0.0
полезный 0.00271 0.0 0.0
политика 0.00813 0.0 0.0
полноприводный 0.00271 0.0 0.0
получить 0.00542 1.832581 0.009933
полёт 0.00271 0.0 0.0
попробовать 0.00542 0.0 0.0
популярный 0.00542 0.0 0.0
посещать 0.00542 0.0 0.0
поставщик 0.00271 3.912023 0.010602
прайс 0.00542 0.0 0.0
представить 0.00271 0.0 0.0
представлять 0.00271 2.813411 0.007624
прибавка 0.00542 0.0 0.0
привод 0.00271 0.0 0.0
принтер 0.00271 0.0 0.0
приступить 0.00271 3.218876 0.008723
пробизнес 0.00542 0.0 0.0
проведение 0.00271 0.0 0.0
программа 0.00271 0.0 0.0
продавать 0.00542 0.0 0.0
продажа 0.00271 0.0 0.0
продолжать 0.00271 0.0 0.0
проект 0.01084 0.0 0.0
проектор 0.00271 0.0 0.0
производство 0.00271 2.302585 0.00624
пролить 0.00542 0.0 0.0
процесс 0.00271 0.0 0.0
работа 0.00271 0.0 0.0
разработать 0.00271 3.218876 0.008723
разработка 0.00271 2.407946 0.006526
ракета 0.00271 1.560648 0.004229
рассчитать 0.00271 4.60517 0.01248
расчётный 0.00271 4.60517 0.01248
реальный 0.00271 0.0 0.0
результат 0.00271 0.0 0.0
реклама 0.00542 0.0 0.0
решать 0.00271 0.0 0.0
решение 0.00542 2.040221 0.011058
россия 0.00271 0.0 0.0
россиянин 0.00271 0.0 0.0
рубль 0.00271 0.0 0.0
рынок 0.00542 0.0 0.0
сайт 0.00542 0.0 0.0
самолёт 0.00271 0.0 0.0
самый 0.00542 0.0 0.0
сантиметр 0.00271 0.0 0.0
сбор 0.00271 0.0 0.0
свет 0.00542 0.0 0.0
связь 0.00813 0.0 0.0
себя 0.00271 2.995732 0.008119
сегодня 0.00542 0.0 0.0
сервер 0.00271 0.0 0.0
сервис 0.00271 0.0 0.0
сертификация 0.00271 0.0 0.0
сеть 0.00271 0.0 0.0
силовой 0.00542 3.218876 0.017446
система 0.00271 1.514128 0.004103
скоро 0.00542 0.0 0.0
смочь 0.00271 2.995732 0.008119
снова 0.00542 0.0 0.0
советский 0.00542 0.0 0.0
соглашаться 0.00271 0.0 0.0
создание 0.00271 1.89712 0.005141
создать 0.00271 2.302585 0.00624
сосредоточиться 0.00542 3.912023 0.021203
состояние 0.00542 3.506558 0.019006
сохранять 0.00271 3.912023 0.010602
сочетать 0.00271 4.60517 0.01248
спасти 0.00542 0.0 0.0
сравнение 0.00271 3.218876 0.008723
среда 0.00542 0.0 0.0
ссылка 0.00271 0.0 0.0
стабильный 0.00271 4.60517 0.01248
стартап 0.00813 2.995732 0.024356
стартовать 0.00271 0.0 0.0
статистика 0.00542 0.0 0.0
стать 0.00542 0.0 0.0
статья 0.00271 0.0 0.0
стоимость 0.00542 0.0 0.0
тайконавт 0.00271 0.0 0.0
такой 0.00271 2.407946 0.006526
тег 0.00271 0.0 0.0
текст 0.00542 0.0 0.0
телескоп 0.00542 2.813411 0.015249
температура 0.00542 2.525729 0.01369
тест 0.00271 1.171183 0.003174
тестирование 0.00542 2.995732 0.016237
технический 0.00542 0.0 0.0
технология 0.00271 1.427116 0.003868
топ 0.00542 0.0 0.0
требовать 0.00542 2.65926 0.014413
тыс 0.00542 0.0 0.0
тяга 0.00271 4.60517 0.01248
убрать 0.00271 0.0 0.0
уйти 0.00271 3.218876 0.008723
упасть 0.00542 0.0 0.0
упрощать 0.00271 3.912023 0.010602
условие 0.00271 1.771957 0.004802
установка 0.00542 2.302585 0.01248
устройство 0.00271 0.0 0.0
файл 0.00271 0.0 0.0
финансовый 0.00271 3.218876 0.008723
флагманский 0.00271 0.0 0.0
фундаментальный 0.00271 0.0 0.0
хит 0.00271 0.0 0.0
хранение 0.00542 3.506558 0.019006
целый 0.00271 4.60517 0.01248
человек 0.00271 0.0 0.0
штат 0.00271 2.813411 0.007624
эксплуатация 0.00271 3.506558 0.009503
экспорт 0.00542 0.0 0.0
эмбрион 0.00271 0.0 0.0
эра 0.00271 2.525729 0.006845
этап 0.00271 2.207275 0.005982
южный 0.00271 0.0 0.0
