авиалайнер 0.003049 0.0 0.0
австралия 0.003049 0.0 0.0
автоваз 0.006098 0.0 0.0
автомат 0.003049 0.0 0.0
автопроизводитель 0.003049 0.0 0.0
автор 0.009146 0.0 0.0
администрация 0.003049 0.0 0.0
адрес 0.006098 0.0 0.0
америка 0.003049 0.0 0.0
аналитик 0.003049 0.0 0.0
анонимно 0.006098 4.60517 0.02808
анонс 0.003049 2.525729 0.0077
аэропорт 0.003049 3.912023 0.011927
белок 0.003049 0.0 0.0
биологический 0.006098 0.0 0.0
ближний 0.003049 0.0 0.0
блог 0.003049 0.0 0.0
бояться 0.006098 4.60517 0.02808
будущее 0.003049 2.407946 0.007341
быстро 0.006098 0.0 0.0
быстрый 0.003049 2.407946 0.007341
быть 0.003049 0.0 0.0
верить 0.006098 3.912023 0.023854
вероятность 0.006098 3.506558 0.021381
вес 0.003049 0.0 0.0
весь 0.003049 0.0 0.0
весьма 0.006098 4.60517 0.02808
видеокарта 0.003049 0.0 0.0
внедорожник 0.003049 0.0 0.0
возможность 0.006098 1.966113 0.011988
войти 0.006098 0.0 0.0
восток 0.003049 0.0 0.0
вряд 0.006098 4.60517 0.02808
входить 0.003049 0.0 0.0
выделить 0.003049 0.0 0.0
выйти 0.009146 2.995732 0.0274
выпускать 0.003049 3.912023 0.011927
выход 0.003049 0.0 0.0
выходить 0.003049 0.0 0.0
вычислить 0.003049 4.60517 0.01404
геймер 0.003049 3.912023 0.011927
главный 0.003049 0.0 0.0
говорить 0.003049 3.218876 0.009814
год 0.006098 0.0 0.0
готовность 0.003049 3.218876 0.009814
готовый 0.003049 2.525729 0.0077
данные 0.006098 0.0 0.0
двигатель 0.009146 0.0 0.0
дизайн 0.006098 0.0 0.0
директор 0.006098 0.0 0.0
добрый 0.006098 3.506558 0.021381
долгожданный 0.003049 4.60517 0.01404
должный 0.003049 4.60517 0.01404
доллар 0.003049 0.0 0.0
дом 0.006098 0.0 0.0
доставить 0.003049 0.0 0.0
достигать 0.003049 0.0 0.0
другой 0.003049 1.771957 0.005402
ещё 0.006098 1.89712 0.011568
журналист 0.003049 3.912023 0.011927
завершить 0.003049 0.0 0.0
задолго 0.006098 4.60517 0.02808
захотеть 0.003049 4.60517 0.01404
защита 0.003049 0.0 0.0
земля 0.006098 0.0 0.0
зонд 0.009146 0.0 0.0
игра 0.015244 0.0 0.0
игровой 0.003049 3.506558 0.010691
известный 0.009146 3.218876 0.029441
инновационный 0.006098 0.0 0.0
инсайд 0.003049 3.218876 0.009814
инсайдер 0.009146 3.218876 0.029441
информация 0.003049 0.0 0.0
использование 0.003049 0.0 0.0
исследование 0.003049 0.0 0.0
источник 0.006098 0.0 0.0
какой 0.003049 3.218876 0.009814
календарь 0.006098 0.0 0.0
касаться 0.003049 4.60517 0.01404
категория 0.003049 0.0 0.0
кг 0.006098 0.0 0.0
километр 0.003049 0.0 0.0
классический 0.003049 0.0 0.0
клон 0.006098 0.0 0.0
команда 0.006098 2.120264 0.012928
комментирование 0.003049 0.0 0.0
компания 0.003049 0.71335 0.002175
комфортный 0.006098 0.0 0.0
конец 0.006098 1.660731 0.010126
конференция 0.006098 0.0 0.0
корея 0.003049 0.0 0.0
корпус 0.003049 0.0 0.0
космос 0.009146 0.0 0.0
критика 0.003049 3.912023 0.011927
кроссовер 0.006098 0.0 0.0
кубический 0.003049 0.0 0.0
кук 0.003049 0.0 0.0
летать 0.006098 0.0 0.0
лист 0.003049 0.0 0.0
любовь 0.006098 4.60517 0.02808
май 0.009146 0.0 0.0
маквикер 0.006098 4.60517 0.02808
марк 0.003049 0.0 0.0
массово 0.006098 2.407946 0.014683
материал 0.003049 0.0 0.0
машина 0.003049 0.0 0.0
межпланетный 0.006098 0.0 0.0
менять 0.003049 0.0 0.0
миллион 0.003049 0.0 0.0
мир 0.003049 0.0 0.0
мобильный 0.003049 0.0 0.0
момент 0.006098 0.0 0.0
монитор 0.003049 0.0 0.0
мотобренд 0.003049 0.0 0.0
мотоцикл 0.003049 0.0 0.0
мочь 0.003049 0.0 0.0
нажать 0.003049 0.0 0.0
название 0.003049 0.0 0.0
назвать 0.003049 0.0 0.0
наслать 0.003049 0.0 0.0
начало 0.003049 1.89712 0.005784
наш 0.006098 0.0 0.0
новость 0.003049 0.0 0.0
новый 0.009146 0.0 0.0
ноутбук 0.003049 0.0 0.0
нужный 0.003049 0.0 0.0
обзор 0.003049 0.0 0.0
обозримый 0.003049 4.60517 0.01404
обработка 0.003049 0.0 0.0
образец 0.003049 0.0 0.0
объявить 0.003049 0.0 0.0
одноклассник 0.006098 0.0 0.0
ожидаться 0.003049 2.813411 0.008577
оптимизация 0.003049 2.525729 0.0077
орбита 0.003049 0.0 0.0
отдать 0.003049 0.0 0.0
отечественный 0.003049 0.0 0.0
отказ 0.003049 0.0 0.0
отказаться 0.003049 0.0 0.0
отключить 0.003049 0.0 0.0
очень 0.006098 0.0 0.0
ошибка 0.003049 0.0 0.0
первый 0.003049 2.120264 0.006464
передний 0.003049 0.0 0.0
пересекаться 0.006098 4.60517 0.02808
период 0.006098 0.0 0.0
периферия 0.006098 0.0 0.0
персональный 0.006098 0.0 0.0
пиар 0.006098 0.0 0.0
планшет 0.003049 0.0 0.0
платформа 0.006098 0.0 0.0
подвести 0.003049 0.0 0.0
поднять 0.003049 0.0 0.0
подробный 0.003049 0.0 0.0
поиск 0.006098 0.0 0.0
пока 0.006098 0.0 0.0
полезный 0.003049 0.0 0.0
полировка 0.003049 4.60517 0.01404
политика 0.009146 0.0 0.0
полноприводный 0.003049 0.0 0.0
полностью 0.006098 2.207275 0.013459
получить 0.006098 1.347074 0.008214
полёт 0.003049 0.0 0.0
попробовать 0.006098 0.0 0.0
популярный 0.006098 0.0 0.0
посещать 0.006098 0.0 0.0
прайс 0.006098 0.0 0.0
представить 0.006098 0.0 0.0
прибавка 0.006098 0.0 0.0
привод 0.003049 0.0 0.0
придумать 0.003049 3.506558 0.010691
принтер 0.003049 0.0 0.0
пробизнес 0.006098 0.0 0.0
проведение 0.003049 0.0 0.0
программа 0.003049 0.0 0.0
продавать 0.006098 0.0 0.0
продажа 0.003049 0.0 0.0
продолжать 0.003049 0.0 0.0
проект 0.009146 0.0 0.0
проектор 0.003049 0.0 0.0
прозвать 0.003049 4.60517 0.01404
пройти 0.006098 3.506558 0.021381
пролить 0.006098 0.0 0.0
процесс 0.003049 0.0 0.0
процессор 0.003049 2.207275 0.006729
работа 0.003049 0.0 0.0
работать 0.003049 1.966113 0.005994
радиолокатор 0.006098 3.912023 0.023854
разгон 0.009146 2.525729 0.023101
разработать 0.003049 2.525729 0.0077
разработка 0.003049 2.207275 0.006729
рассказывать 0.009146 4.60517 0.04212
реальный 0.003049 0.0 0.0
результат 0.003049 0.0 0.0
реклама 0.006098 0.0 0.0
репортаж 0.003049 4.60517 0.01404
решать 0.003049 0.0 0.0
россия 0.003049 0.0 0.0
россиянин 0.003049 0.0 0.0
рубль 0.003049 0.0 0.0
рынок 0.006098 0.0 0.0
сайт 0.006098 0.0 0.0
самолёт 0.003049 0.0 0.0
самый 0.006098 0.0 0.0
сантиметр 0.003049 0.0 0.0
сбор 0.003049 0.0 0.0
свет 0.006098 0.0 0.0
связь 0.009146 0.0 0.0
сегодня 0.006098 0.0 0.0
сервер 0.003049 0.0 0.0
сервис 0.003049 0.0 0.0
сертификация 0.003049 0.0 0.0
сеть 0.003049 0.0 0.0
сконцентрировать 0.003049 4.60517 0.01404
скоро 0.006098 0.0 0.0
снова 0.006098 0.0 0.0
собственный 0.003049 3.218876 0.009814
советский 0.006098 0.0 0.0
соглашаться 0.003049 0.0 0.0
сообщать 0.003049 2.407946 0.007341
спасти 0.006098 0.0 0.0
среда 0.006098 0.0 0.0
ссылка 0.003049 0.0 0.0
стартовать 0.003049 0.0 0.0
старый 0.006098 3.506558 0.021381
статистика 0.006098 0.0 0.0
стать 0.003049 0.0 0.0
статья 0.003049 0.0 0.0
стоимость 0.006098 0.0 0.0
тайконавт 0.003049 0.0 0.0
такой 0.003049 2.302585 0.00702
тег 0.003049 0.0 0.0
текст 0.006098 0.0 0.0
тестировать 0.003049 2.407946 0.007341
тестироваться 0.003049 4.60517 0.01404
технический 0.006098 0.0 0.0
топ 0.006098 0.0 0.0
тот 0.003049 0.0 0.0
тыс 0.006098 0.0 0.0
убрать 0.003049 0.0 0.0
упасть 0.006098 0.0 0.0
устройство 0.003049 0.0 0.0
участник 0.003049 3.912023 0.011927
файл 0.003049 0.0 0.0
фактически 0.006098 3.912023 0.023854
флагманский 0.003049 0.0 0.0
фундаментальный 0.003049 0.0 0.0
функция 0.003049 2.995732 0.009133
хит 0.003049 0.0 0.0
хотеть 0.003049 4.60517 0.01404
частность 0.003049 3.912023 0.011927
человек 0.003049 0.0 0.0
экспорт 0.006098 0.0 0.0
эмбрион 0.003049 0.0 0.0
южный 0.003049 0.0 0.0
являться 0.003049 3.218876 0.009814
