абсолютный 0.002525 3.912023 0.009879
авиалайнер 0.002525 0.0 0.0
австралия 0.002525 0.0 0.0
автоваз 0.005051 0.0 0.0
автомат 0.002525 0.0 0.0
автопроизводитель 0.002525 0.0 0.0
автор 0.007576 0.0 0.0
администрация 0.002525 0.0 0.0
адрес 0.005051 0.0 0.0
америка 0.002525 0.0 0.0
аналитик 0.002525 0.0 0.0
аппарат 0.005051 1.660731 0.008388
атом 0.007576 0.0 0.0
атомный 0.005051 2.995732 0.01513
белок 0.002525 0.0 0.0
биологический 0.005051 0.0 0.0
биржа 0.002525 3.912023 0.009879
бить 0.002525 2.302585 0.005815
ближний 0.002525 0.0 0.0
блог 0.002525 0.0 0.0
быстро 0.005051 0.0 0.0
быть 0.005051 0.0 0.0
вверх 0.005051 3.912023 0.019758
вес 0.005051 0.0 0.0
весь 0.002525 0.0 0.0
видеокарта 0.002525 0.0 0.0
вклад 0.005051 4.60517 0.023258
внедорожник 0.002525 0.0 0.0
вносить 0.002525 4.60517 0.011629
войти 0.005051 0.0 0.0
восток 0.002525 0.0 0.0
вперёд 0.002525 3.506558 0.008855
вращение 0.005051 2.65926 0.013431
время 0.007576 1.139434 0.008632
всемирный 0.002525 3.912023 0.009879
входить 0.002525 0.0 0.0
выделить 0.002525 0.0 0.0
выполнить 0.002525 2.995732 0.007565
высокий 0.002525 4.60517 0.011629
выходить 0.002525 0.0 0.0
гарантировать 0.002525 4.60517 0.011629
главный 0.002525 0.0 0.0
глобальный 0.007576 3.218876 0.024385
год 0.005051 0.0 0.0
городской 0.002525 3.218876 0.008128
градус 0.002525 3.218876 0.008128
грег 0.005051 3.506558 0.01771
данные 0.005051 0.0 0.0
данный 0.005051 0.0 0.0
дата 0.005051 2.813411 0.014209
двигатель 0.007576 0.0 0.0
делать 0.002525 2.040221 0.005152
день 0.005051 2.207275 0.011148
дизайн 0.005051 0.0 0.0
директор 0.005051 0.0 0.0
должный 0.002525 2.813411 0.007105
доллар 0.002525 0.0 0.0
дом 0.005051 0.0 0.0
доставить 0.002525 0.0 0.0
достигать 0.002525 0.0 0.0
другой 0.002525 2.302585 0.005815
завершить 0.002525 0.0 0.0
зависеть 0.002525 2.65926 0.006715
задавать 0.002525 4.60517 0.011629
замедлить 0.002525 3.218876 0.008128
затем 0.005051 2.813411 0.014209
защита 0.002525 0.0 0.0
земля 0.005051 0.0 0.0
зонд 0.007576 0.0 0.0
игра 0.002525 0.0 0.0
излучение 0.005051 3.506558 0.01771
изменить 0.002525 2.207275 0.005574
измерение 0.002525 3.912023 0.009879
инновационный 0.005051 0.0 0.0
институт 0.002525 2.65926 0.006715
инструмент 0.002525 1.89712 0.004791
информация 0.002525 0.0 0.0
использование 0.002525 0.0 0.0
использовать 0.002525 2.302585 0.005815
использоваться 0.002525 3.218876 0.008128
испытание 0.002525 2.525729 0.006378
исследование 0.002525 0.0 0.0
источник 0.005051 0.0 0.0
календарь 0.005051 0.0 0.0
категория 0.007576 0.0 0.0
кг 0.005051 0.0 0.0
километр 0.002525 0.0 0.0
китай 0.005051 1.171183 0.005915
классический 0.002525 0.0 0.0
клон 0.005051 0.0 0.0
ключевой 0.005051 2.813411 0.014209
комментирование 0.002525 0.0 0.0
комфортный 0.005051 0.0 0.0
конференция 0.005051 0.0 0.0
координировать 0.002525 4.60517 0.011629
корея 0.002525 0.0 0.0
корпус 0.002525 0.0 0.0
космос 0.007576 0.0 0.0
который 0.005051 1.386294 0.007001
кроссовер 0.005051 0.0 0.0
кубический 0.002525 0.0 0.0
кук 0.002525 0.0 0.0
лазер 0.002525 2.65926 0.006715
летать 0.005051 0.0 0.0
лист 0.002525 0.0 0.0
май 0.007576 0.0 0.0
манёвр 0.005051 2.65926 0.013431
марк 0.002525 0.0 0.0
материал 0.002525 0.0 0.0
машина 0.002525 0.0 0.0
международный 0.007576 3.912023 0.029637
межпланетный 0.005051 0.0 0.0
менять 0.002525 0.0 0.0
мера 0.002525 0.0 0.0
миллиард 0.002525 3.218876 0.008128
миллион 0.002525 0.0 0.0
мир 0.005051 0.0 0.0
многолетний 0.002525 4.60517 0.011629
мобильный 0.002525 0.0 0.0
момент 0.005051 0.0 0.0
монитор 0.002525 0.0 0.0
мотобренд 0.002525 0.0 0.0
мотоцикл 0.002525 0.0 0.0
мочь 0.002525 0.0 0.0
навигация 0.002525 2.995732 0.007565
надёжный 0.002525 4.60517 0.011629
нажать 0.002525 0.0 0.0
название 0.002525 0.0 0.0
назвать 0.002525 0.0 0.0
называть 0.002525 4.60517 0.011629
наслать 0.002525 0.0 0.0
настолько 0.005051 3.506558 0.01771
наука 0.007576 1.966113 0.014895
национальный 0.002525 3.912023 0.009879
наш 0.005051 0.0 0.0
невероятный 0.002525 4.60517 0.011629
новость 0.002525 0.0 0.0
новый 0.007576 0.0 0.0
ноутбук 0.002525 0.0 0.0
нужный 0.002525 0.0 0.0
нуль 0.002525 3.506558 0.008855
обеспечивать 0.002525 3.506558 0.008855
обзор 0.002525 0.0 0.0
обработка 0.002525 0.0 0.0
образец 0.002525 0.0 0.0
объявить 0.002525 0.0 0.0
объяснить 0.002525 3.912023 0.009879
один 0.002525 0.0 0.0
одноклассник 0.005051 0.0 0.0
означать 0.002525 4.60517 0.011629
операция 0.002525 3.506558 0.008855
определять 0.002525 3.912023 0.009879
орбита 0.002525 0.0 0.0
основа 0.005051 2.120264 0.010708
отдать 0.002525 0.0 0.0
отдел 0.002525 1.966113 0.004965
отечественный 0.002525 0.0 0.0
отказ 0.002525 0.0 0.0
отказаться 0.002525 0.0 0.0
отключить 0.002525 0.0 0.0
отсчёт 0.002525 4.60517 0.011629
официальный 0.002525 4.60517 0.011629
охлаждаться 0.002525 4.60517 0.011629
очень 0.005051 0.0 0.0
ошибка 0.002525 0.0 0.0
параллельно 0.005051 1.89712 0.009581
первичный 0.005051 4.60517 0.023258
первый 0.002525 1.347074 0.003402
передать 0.002525 3.506558 0.008855
передний 0.002525 0.0 0.0
переход 0.005051 2.120264 0.010708
период 0.005051 0.0 0.0
периферия 0.005051 0.0 0.0
персональный 0.005051 0.0 0.0
пиар 0.005051 0.0 0.0
планета 0.002525 2.120264 0.005354
планшет 0.002525 0.0 0.0
платформа 0.005051 0.0 0.0
подбрасываться 0.002525 4.60517 0.011629
подвести 0.002525 0.0 0.0
поддерживать 0.002525 3.218876 0.008128
поднять 0.002525 0.0 0.0
подробный 0.002525 0.0 0.0
поиск 0.005051 0.0 0.0
пока 0.005051 0.0 0.0
полезный 0.002525 0.0 0.0
политика 0.007576 0.0 0.0
полноприводный 0.002525 0.0 0.0
полёт 0.002525 0.0 0.0
попробовать 0.005051 0.0 0.0
популярный 0.005051 0.0 0.0
посещать 0.005051 0.0 0.0
потерять 0.002525 3.912023 0.009879
прайс 0.005051 0.0 0.0
представить 0.005051 0.0 0.0
прибавка 0.005051 0.0 0.0
приблизить 0.002525 2.525729 0.006378
привод 0.002525 0.0 0.0
принтер 0.002525 0.0 0.0
пробизнес 0.005051 0.0 0.0
проведение 0.002525 0.0 0.0
программа 0.002525 0.0 0.0
продавать 0.005051 0.0 0.0
продажа 0.002525 0.0 0.0
продолжать 0.002525 0.0 0.0
проект 0.005051 0.0 0.0
проектор 0.002525 0.0 0.0
происходить 0.002525 2.995732 0.007565
пролить 0.005051 0.0 0.0
проходить 0.002525 4.60517 0.011629
процесс 0.002525 0.0 0.0
работа 0.002525 0.0 0.0
работать 0.005051 1.560648 0.007882
реальный 0.002525 0.0 0.0
результат 0.007576 0.0 0.0
реклама 0.005051 0.0 0.0
решать 0.002525 0.0 0.0
россия 0.002525 0.0 0.0
россиянин 0.002525 0.0 0.0
рубль 0.002525 0.0 0.0
руководитель 0.005051 2.813411 0.014209
рынок 0.005051 0.0 0.0
сайт 0.005051 0.0 0.0
самолёт 0.002525 0.0 0.0
самый 0.005051 0.0 0.0
сантиметр 0.002525 0.0 0.0
сбор 0.002525 0.0 0.0
сверхточный 0.002525 4.60517 0.011629
свет 0.005051 0.0 0.0
связь 0.007576 0.0 0.0
сегодня 0.005051 0.0 0.0
секунда 0.005051 2.040221 0.010304
сервер 0.002525 0.0 0.0
сервис 0.002525 0.0 0.0
сертификация 0.002525 0.0 0.0
сеть 0.002525 0.0 0.0
сигнал 0.002525 2.207275 0.005574
синхронно 0.005051 3.912023 0.019758
система 0.005051 0.653926 0.003303
скоро 0.005051 0.0 0.0
скриншот 0.005051 3.912023 0.019758
скука 0.005051 4.60517 0.023258
скучный 0.002525 4.60517 0.011629
случай 0.002525 2.302585 0.005815
снова 0.005051 0.0 0.0
совершать 0.002525 4.60517 0.011629
советский 0.005051 0.0 0.0
современный 0.002525 3.912023 0.009879
соглашаться 0.002525 0.0 0.0
создать 0.002525 2.207275 0.005574
спасти 0.005051 0.0 0.0
спутник 0.002525 2.120264 0.005354
среда 0.005051 0.0 0.0
ссылка 0.002525 0.0 0.0
стабильность 0.005051 2.995732 0.01513
стандарт 0.010101 1.832581 0.018511
стартовать 0.002525 0.0 0.0
статистика 0.005051 0.0 0.0
стать 0.002525 0.0 0.0
статья 0.002525 0.0 0.0
стоимость 0.005051 0.0 0.0
струя 0.005051 4.60517 0.023258
тайконавт 0.002525 0.0 0.0
тег 0.002525 0.0 0.0
текст 0.005051 0.0 0.0
технический 0.005051 0.0 0.0
технология 0.002525 1.427116 0.003604
тик 0.005051 0.0 0.0
топ 0.005051 0.0 0.0
точность 0.010101 1.771957 0.017899
точный 0.005051 2.813411 0.014209
транзакция 0.002525 3.912023 0.009879
тревога 0.002525 3.218876 0.008128
триллион 0.002525 3.912023 0.009879
тыс 0.005051 0.0 0.0
убрать 0.002525 0.0 0.0
упасть 0.005051 0.0 0.0
устройство 0.012626 0.0 0.0
учёный 0.002525 1.89712 0.004791
файл 0.002525 0.0 0.0
физик 0.005051 2.995732 0.01513
финансовый 0.002525 2.995732 0.007565
финансы 0.002525 2.525729 0.006378
флагманский 0.002525 0.0 0.0
фонтан 0.002525 4.60517 0.011629
фонтанный 0.002525 4.60517 0.011629
форма 0.002525 0.0 0.0
фундаментальный 0.002525 0.0 0.0
хит 0.002525 0.0 0.0
хота 0.002525 1.771957 0.004475
цезиевый 0.002525 4.60517 0.011629
цезий 0.002525 3.912023 0.009879
цельсий 0.002525 3.912023 0.009879
центр 0.002525 1.714798 0.00433
цивилизация 0.002525 4.60517 0.011629
час 0.002525 0.0 0.0
частота 0.002525 3.218876 0.008128
человек 0.002525 0.0 0.0
человечество 0.002525 3.912023 0.009879
шкала 0.002525 4.60517 0.011629
штат 0.005051 2.813411 0.014209
шутить 0.002525 4.60517 0.011629
экспорт 0.005051 0.0 0.0
электронный 0.002525 3.506558 0.008855
эмбрион 0.002525 0.0 0.0
энергетический 0.005051 3.506558 0.01771
эра 0.002525 2.525729 0.006378
этот 0.002525 1.07881 0.002724
южный 0.002525 0.0 0.0
