авиалайнер 0.002242 0.0 0.0
австралия 0.002242 0.0 0.0
автоваз 0.004484 0.0 0.0
автомат 0.002242 0.0 0.0
автопроизводитель 0.002242 0.0 0.0
автор 0.006726 0.0 0.0
администрация 0.002242 0.0 0.0
адрес 0.004484 0.0 0.0
альтернативный 0.002242 3.218876 0.007217
америка 0.002242 0.0 0.0
аналитик 0.002242 0.0 0.0
архитектура 0.004484 3.218876 0.014434
баланс 0.002242 3.506558 0.007862
безопасный 0.004484 4.60517 0.020651
безуглеродный 0.006726 4.60517 0.030976
белок 0.002242 0.0 0.0
биндербауер 0.004484 4.60517 0.020651
биологический 0.004484 0.0 0.0
ближний 0.002242 0.0 0.0
блог 0.002242 0.0 0.0
борный 0.004484 4.60517 0.020651
быстро 0.004484 0.0 0.0
быть 0.002242 0.0 0.0
ввести 0.004484 4.60517 0.020651
вдвое 0.004484 2.995732 0.013434
вес 0.002242 0.0 0.0
весь 0.002242 0.0 0.0
видеокарта 0.002242 0.0 0.0
внедорожник 0.002242 0.0 0.0
водород 0.004484 2.813411 0.012616
войти 0.004484 0.0 0.0
восток 0.002242 0.0 0.0
входить 0.002242 0.0 0.0
выделить 0.002242 0.0 0.0
вызов 0.004484 3.218876 0.014434
вырабатывать 0.004484 4.60517 0.020651
выходить 0.002242 0.0 0.0
генеральный 0.004484 2.995732 0.013434
генерировать 0.002242 4.60517 0.010325
гигантский 0.002242 4.60517 0.010325
главный 0.002242 0.0 0.0
глобальный 0.004484 3.506558 0.015724
год 0.006726 0.0 0.0
гонка 0.002242 2.407946 0.005399
горизонт 0.002242 3.912023 0.008771
государственный 0.002242 4.60517 0.010325
данные 0.006726 0.0 0.0
двигатель 0.006726 0.0 0.0
демонстрационный 0.002242 4.60517 0.010325
десятилетие 0.002242 2.65926 0.005962
дешёвый 0.002242 2.525729 0.005663
дизайн 0.004484 0.0 0.0
директор 0.004484 0.0 0.0
добиться 0.002242 4.60517 0.010325
должный 0.002242 3.218876 0.007217
доллар 0.002242 0.0 0.0
дом 0.004484 0.0 0.0
доставить 0.002242 0.0 0.0
достигать 0.002242 0.0 0.0
завершить 0.002242 0.0 0.0
зависимость 0.004484 2.995732 0.013434
заменить 0.002242 3.506558 0.007862
запуск 0.002242 1.272966 0.002854
затрата 0.002242 3.506558 0.007862
защита 0.002242 0.0 0.0
заявлять 0.002242 3.506558 0.007862
земля 0.004484 0.0 0.0
зонд 0.006726 0.0 0.0
игра 0.002242 0.0 0.0
изображение 0.004484 1.514128 0.00679
инжекция 0.002242 4.60517 0.010325
инженер 0.002242 2.207275 0.004949
инновационный 0.004484 0.0 0.0
информация 0.002242 0.0 0.0
использование 0.006726 0.0 0.0
использовать 0.002242 2.120264 0.004754
исследование 0.004484 0.0 0.0
история 0.002242 2.995732 0.006717
источник 0.006726 0.0 0.0
календарь 0.004484 0.0 0.0
калифорнийский 0.002242 3.506558 0.007862
калифорния 0.002242 2.525729 0.005663
категория 0.002242 0.0 0.0
кг 0.004484 0.0 0.0
километр 0.002242 0.0 0.0
классический 0.002242 0.0 0.0
клон 0.004484 0.0 0.0
ключевой 0.004484 2.813411 0.012616
комментирование 0.002242 0.0 0.0
коммерческий 0.006726 3.218876 0.021652
компактный 0.002242 2.995732 0.006717
компания 0.006726 0.71335 0.004798
компьютер 0.002242 2.207275 0.004949
комфортный 0.004484 0.0 0.0
конец 0.002242 2.120264 0.004754
конкурировать 0.004484 3.912023 0.017543
конструкция 0.002242 2.995732 0.006717
конференция 0.004484 0.0 0.0
конфигурация 0.006726 3.506558 0.023587
корея 0.002242 0.0 0.0
корпус 0.002242 0.0 0.0
космос 0.006726 0.0 0.0
который 0.006726 0.891598 0.005997
кризис 0.004484 3.218876 0.014434
кроссовер 0.004484 0.0 0.0
кубический 0.002242 0.0 0.0
кук 0.002242 0.0 0.0
лежать 0.002242 3.218876 0.007217
летать 0.004484 0.0 0.0
лист 0.002242 0.0 0.0
лунный 0.002242 2.995732 0.006717
магнит 0.004484 2.407946 0.010798
магнитный 0.004484 3.506558 0.015724
май 0.006726 0.0 0.0
марк 0.002242 0.0 0.0
материал 0.002242 0.0 0.0
машина 0.002242 0.0 0.0
межпланетный 0.004484 0.0 0.0
менее 0.004484 2.207275 0.009898
менять 0.002242 0.0 0.0
метод 0.006726 1.714798 0.011535
миллион 0.002242 0.0 0.0
мир 0.002242 0.0 0.0
миссия 0.002242 1.386294 0.003108
мичть 0.002242 4.60517 0.010325
мобильный 0.002242 0.0 0.0
модель 0.002242 1.237874 0.002776
модифицировать 0.002242 4.60517 0.010325
момент 0.004484 0.0 0.0
монитор 0.002242 0.0 0.0
мотобренд 0.002242 0.0 0.0
мотоцикл 0.002242 0.0 0.0
мочь 0.002242 0.0 0.0
мощность 0.004484 1.560648 0.006998
мощный 0.002242 2.407946 0.005399
нажать 0.002242 0.0 0.0
название 0.002242 0.0 0.0
назвать 0.002242 0.0 0.0
напоминать 0.002242 4.60517 0.010325
наслать 0.002242 0.0 0.0
начало 0.002242 2.525729 0.005663
наш 0.011211 0.0 0.0
нейтральный 0.002242 4.60517 0.010325
необходимо 0.004484 2.407946 0.010798
нестабильность 0.002242 3.912023 0.008771
новость 0.002242 0.0 0.0
новый 0.011211 0.0 0.0
ноутбук 0.002242 0.0 0.0
нужный 0.002242 0.0 0.0
обзор 0.002242 0.0 0.0
обработка 0.002242 0.0 0.0
образец 0.002242 0.0 0.0
общий 0.002242 3.506558 0.007862
объявить 0.002242 0.0 0.0
одноклассник 0.004484 0.0 0.0
опередить 0.004484 4.60517 0.020651
описывать 0.002242 4.60517 0.010325
оптимизм 0.004484 4.60517 0.020651
орбита 0.002242 0.0 0.0
основа 0.004484 1.469676 0.00659
оставаться 0.002242 1.966113 0.004408
отдать 0.002242 0.0 0.0
отечественный 0.002242 0.0 0.0
отказ 0.002242 0.0 0.0
отказаться 0.002242 0.0 0.0
отключить 0.002242 0.0 0.0
отмечать 0.002242 2.65926 0.005962
отход 0.004484 3.506558 0.015724
очень 0.004484 0.0 0.0
ошибка 0.002242 0.0 0.0
переводить 0.002242 3.506558 0.007862
передний 0.002242 0.0 0.0
переход 0.004484 2.120264 0.009508
период 0.004484 0.0 0.0
периферия 0.004484 0.0 0.0
персональный 0.004484 0.0 0.0
пиар 0.004484 0.0 0.0
плазма 0.011211 3.912023 0.043857
планировать 0.002242 1.714798 0.003845
планшет 0.002242 0.0 0.0
платформа 0.004484 0.0 0.0
подвести 0.002242 0.0 0.0
поднять 0.002242 0.0 0.0
подробный 0.002242 0.0 0.0
подход 0.006726 1.89712 0.012761
подчеркнуть 0.002242 2.040221 0.004574
позволять 0.002242 1.832581 0.004109
поиск 0.004484 0.0 0.0
пока 0.004484 0.0 0.0
показать 0.002242 2.995732 0.006717
поколение 0.006726 2.813411 0.018924
поле 0.004484 0.0 0.0
полезный 0.002242 0.0 0.0
политика 0.006726 0.0 0.0
полноприводный 0.002242 0.0 0.0
получение 0.004484 4.60517 0.020651
полёт 0.002242 0.0 0.0
попробовать 0.004484 0.0 0.0
популярный 0.004484 0.0 0.0
посещать 0.004484 0.0 0.0
потреблять 0.002242 4.60517 0.010325
прайс 0.004484 0.0 0.0
практика 0.002242 4.60517 0.010325
превысить 0.004484 4.60517 0.020651
представить 0.004484 0.0 0.0
предыдущий 0.002242 3.912023 0.008771
преодоление 0.002242 3.912023 0.008771
прибавка 0.004484 0.0 0.0
приблизить 0.004484 3.912023 0.017543
привод 0.002242 0.0 0.0
принтер 0.002242 0.0 0.0
пробизнес 0.004484 0.0 0.0
проведение 0.002242 0.0 0.0
программа 0.002242 0.0 0.0
прогресс 0.004484 3.506558 0.015724
продавать 0.004484 0.0 0.0
продажа 0.002242 0.0 0.0
продемонстрировать 0.004484 4.60517 0.020651
продолжать 0.004484 0.0 0.0
проект 0.006726 0.0 0.0
проектор 0.002242 0.0 0.0
пролить 0.004484 0.0 0.0
прорыв 0.002242 1.714798 0.003845
прототип 0.004484 2.65926 0.011925
процесс 0.002242 0.0 0.0
пучок 0.002242 3.912023 0.008771
пятый 0.002242 4.60517 0.010325
работа 0.002242 0.0 0.0
радикально 0.004484 3.912023 0.017543
радиоактивный 0.004484 3.912023 0.017543
размер 0.002242 2.302585 0.005163
ракета 0.002242 2.65926 0.005962
ранее 0.004484 1.771957 0.007946
расти 0.002242 2.813411 0.006308
реактор 0.011211 2.65926 0.029812
реакция 0.004484 3.912023 0.017543
реальный 0.002242 0.0 0.0
результат 0.002242 0.0 0.0
реклама 0.004484 0.0 0.0
рентабельный 0.004484 4.60517 0.020651
решать 0.002242 0.0 0.0
россия 0.002242 0.0 0.0
россиянин 0.002242 0.0 0.0
рубль 0.002242 0.0 0.0
рынок 0.004484 0.0 0.0
сайт 0.004484 0.0 0.0
самолёт 0.002242 0.0 0.0
самый 0.004484 0.0 0.0
сантиметр 0.002242 0.0 0.0
сбор 0.002242 0.0 0.0
сверхпроводящий 0.002242 4.60517 0.010325
свет 0.004484 0.0 0.0
связь 0.006726 0.0 0.0
сегодня 0.004484 0.0 0.0
сервер 0.002242 0.0 0.0
сервис 0.002242 0.0 0.0
сертификация 0.002242 0.0 0.0
сеть 0.002242 0.0 0.0
синтез 0.011211 2.407946 0.026995
система 0.002242 0.941609 0.002111
скептик 0.002242 4.60517 0.010325
скоро 0.004484 0.0 0.0
служить 0.002242 4.60517 0.010325
смартфон 0.002242 2.302585 0.005163
смочь 0.002242 2.65926 0.005962
снижение 0.002242 3.218876 0.007217
снова 0.004484 0.0 0.0
собственный 0.002242 4.60517 0.010325
советский 0.004484 0.0 0.0
совместимый 0.002242 3.912023 0.008771
совместно 0.004484 3.218876 0.014434
соглашаться 0.002242 0.0 0.0
создавать 0.004484 3.218876 0.014434
создать 0.004484 2.813411 0.012616
сократить 0.004484 2.65926 0.011925
спасти 0.004484 0.0 0.0
способный 0.002242 2.525729 0.005663
спрос 0.004484 2.525729 0.011326
среда 0.004484 0.0 0.0
ссылка 0.002242 0.0 0.0
стабильность 0.002242 2.525729 0.005663
стартап 0.002242 2.995732 0.006717
стартовать 0.002242 0.0 0.0
статистика 0.004484 0.0 0.0
стать 0.006726 0.0 0.0
статья 0.002242 0.0 0.0
стеновый 0.002242 4.60517 0.010325
стоимость 0.006726 0.0 0.0
страдать 0.002242 4.60517 0.010325
тайконавт 0.002242 0.0 0.0
такой 0.002242 2.302585 0.005163
тег 0.002242 0.0 0.0
текст 0.004484 0.0 0.0
термояд 0.004484 2.813411 0.012616
термоядерный 0.008969 2.813411 0.025232
технический 0.004484 0.0 0.0
токамак 0.004484 3.506558 0.015724
топ 0.004484 0.0 0.0
топология 0.004484 4.60517 0.020651
традиционный 0.002242 2.995732 0.006717
требование 0.002242 2.813411 0.006308
тыс 0.004484 0.0 0.0
убрать 0.002242 0.0 0.0
удержание 0.002242 4.60517 0.010325
удерживаться 0.002242 4.60517 0.010325
университет 0.002242 2.040221 0.004574
упасть 0.004484 0.0 0.0
управление 0.006726 2.525729 0.016989
управляемый 0.002242 3.218876 0.007217
упрощать 0.002242 3.912023 0.008771
ускорить 0.004484 2.995732 0.013434
успех 0.004484 2.207275 0.009898
установка 0.002242 2.813411 0.006308
устойчивость 0.002242 2.995732 0.006717
устранять 0.002242 3.912023 0.008771
устройство 0.002242 0.0 0.0
утверждение 0.002242 3.912023 0.008771
утечка 0.002242 3.506558 0.007862
уходить 0.002242 3.506558 0.007862
учёный 0.002242 4.60517 0.010325
файл 0.002242 0.0 0.0
флагманский 0.002242 0.0 0.0
фундаментальный 0.002242 0.0 0.0
хит 0.002242 0.0 0.0
цель 0.004484 2.65926 0.011925
частный 0.002242 3.912023 0.008771
человек 0.002242 0.0 0.0
чистый 0.002242 4.60517 0.010325
шаттл 0.002242 3.506558 0.007862
эксперимент 0.002242 1.832581 0.004109
эксплуатация 0.002242 3.506558 0.007862
экспоненциально 0.004484 4.60517 0.020651
экспорт 0.004484 0.0 0.0
экстренно 0.004484 3.506558 0.015724
электростанция 0.002242 3.912023 0.008771
электроэнергия 0.002242 3.912023 0.008771
эмбрион 0.002242 0.0 0.0
энергетика 0.004484 4.60517 0.020651
энергетический 0.006726 3.218876 0.021652
энергия 0.008969 2.120264 0.019016
энергозатраты 0.004484 4.60517 0.020651
эффективный 0.002242 3.912023 0.008771
южный 0.002242 0.0 0.0
