авиалайнер 0.003333 0.0 0.0
австралия 0.003333 0.0 0.0
автоваз 0.006667 0.0 0.0
автомат 0.003333 0.0 0.0
автомобиль 0.006667 2.525729 0.016838
автопроизводитель 0.003333 0.0 0.0
автор 0.01 0.0 0.0
администрация 0.003333 0.0 0.0
адрес 0.006667 0.0 0.0
америка 0.003333 0.0 0.0
американский 0.003333 2.302585 0.007675
аналитик 0.003333 0.0 0.0
белок 0.003333 0.0 0.0
биологический 0.006667 0.0 0.0
бить 0.003333 2.302585 0.007675
ближний 0.003333 0.0 0.0
блог 0.003333 0.0 0.0
быстро 0.006667 0.0 0.0
быть 0.003333 0.0 0.0
вариант 0.006667 2.995732 0.019972
вес 0.003333 0.0 0.0
весь 0.003333 0.0 0.0
вид 0.003333 0.0 0.0
видеокарта 0.003333 0.0 0.0
вместе 0.006667 2.65926 0.017728
внедорожник 0.003333 0.0 0.0
внешпосылторг 0.003333 4.60517 0.015351
войти 0.006667 0.0 0.0
волга 0.003333 3.506558 0.011689
восток 0.003333 0.0 0.0
время 0.003333 1.139434 0.003798
входить 0.003333 0.0 0.0
выделить 0.003333 0.0 0.0
выставить 0.003333 4.60517 0.015351
выходить 0.003333 0.0 0.0
газ 0.006667 2.995732 0.019972
главный 0.003333 0.0 0.0
год 0.01 0.0 0.0
данные 0.006667 0.0 0.0
двигатель 0.01 0.0 0.0
дизайн 0.006667 0.0 0.0
директор 0.006667 0.0 0.0
доллар 0.003333 0.0 0.0
дом 0.006667 0.0 0.0
дорогой 0.003333 3.218876 0.01073
доставить 0.003333 0.0 0.0
достигать 0.003333 0.0 0.0
завершить 0.003333 0.0 0.0
задний 0.006667 4.60517 0.030701
запчасть 0.003333 4.60517 0.015351
защита 0.003333 0.0 0.0
земля 0.006667 0.0 0.0
зонд 0.01 0.0 0.0
игра 0.003333 0.0 0.0
идти 0.003333 2.65926 0.008864
инновационный 0.006667 0.0 0.0
информация 0.003333 0.0 0.0
использование 0.003333 0.0 0.0
исследование 0.003333 0.0 0.0
источник 0.006667 0.0 0.0
календарь 0.006667 0.0 0.0
капот 0.003333 4.60517 0.015351
капсула 0.01 4.60517 0.046052
категория 0.003333 0.0 0.0
кг 0.006667 0.0 0.0
километр 0.003333 0.0 0.0
китайский 0.003333 2.207275 0.007358
классический 0.003333 0.0 0.0
клон 0.006667 0.0 0.0
комментирование 0.003333 0.0 0.0
комфортный 0.006667 0.0 0.0
конференция 0.006667 0.0 0.0
корея 0.003333 0.0 0.0
коробка 0.003333 2.65926 0.008864
корпус 0.003333 0.0 0.0
космос 0.01 0.0 0.0
кроссовер 0.006667 0.0 0.0
кубический 0.003333 0.0 0.0
кук 0.003333 0.0 0.0
купить 0.003333 2.995732 0.009986
летать 0.006667 0.0 0.0
лист 0.003333 0.0 0.0
литровый 0.006667 3.506558 0.023377
май 0.01 0.0 0.0
марк 0.003333 0.0 0.0
материал 0.003333 0.0 0.0
машина 0.016667 0.0 0.0
межпланетный 0.006667 0.0 0.0
менять 0.003333 0.0 0.0
механический 0.003333 3.912023 0.01304
миллион 0.003333 0.0 0.0
мир 0.003333 0.0 0.0
млн 0.006667 1.108663 0.007391
мобильный 0.003333 0.0 0.0
момент 0.006667 0.0 0.0
монитор 0.003333 0.0 0.0
москва 0.003333 3.912023 0.01304
мотобренд 0.003333 0.0 0.0
мотор 0.006667 2.207275 0.014715
мотоцикл 0.003333 0.0 0.0
мочь 0.003333 0.0 0.0
мощность 0.003333 1.560648 0.005202
нажать 0.003333 0.0 0.0
название 0.003333 0.0 0.0
назвать 0.003333 0.0 0.0
наслать 0.003333 0.0 0.0
наш 0.006667 0.0 0.0
новость 0.003333 0.0 0.0
новый 0.013333 0.0 0.0
ноутбук 0.003333 0.0 0.0
нужный 0.003333 0.0 0.0
обзор 0.003333 0.0 0.0
обработать 0.003333 4.60517 0.015351
обработка 0.003333 0.0 0.0
образец 0.003333 0.0 0.0
объявить 0.003333 0.0 0.0
одноклассник 0.006667 0.0 0.0
оказаться 0.003333 2.65926 0.008864
орбита 0.003333 0.0 0.0
отдавать 0.003333 4.60517 0.015351
отдать 0.003333 0.0 0.0
отечественный 0.003333 0.0 0.0
отказ 0.003333 0.0 0.0
отказаться 0.01 0.0 0.0
отключить 0.003333 0.0 0.0
очень 0.006667 0.0 0.0
ошибка 0.003333 0.0 0.0
передача 0.003333 2.120264 0.007068
передний 0.003333 0.0 0.0
период 0.006667 0.0 0.0
периферия 0.006667 0.0 0.0
персональный 0.006667 0.0 0.0
пиар 0.006667 0.0 0.0
планшет 0.003333 0.0 0.0
платформа 0.006667 0.0 0.0
подвести 0.003333 0.0 0.0
поднять 0.003333 0.0 0.0
подробный 0.003333 0.0 0.0
поиск 0.006667 0.0 0.0
пока 0.006667 0.0 0.0
полезный 0.003333 0.0 0.0
политика 0.01 0.0 0.0
полноприводный 0.003333 0.0 0.0
польза 0.003333 1.560648 0.005202
полёт 0.003333 0.0 0.0
попробовать 0.006667 0.0 0.0
популярный 0.006667 0.0 0.0
посещать 0.006667 0.0 0.0
поставлять 0.003333 3.506558 0.011689
прайс 0.006667 0.0 0.0
представить 0.003333 0.0 0.0
прибавка 0.006667 0.0 0.0
привод 0.01 0.0 0.0
принтер 0.003333 0.0 0.0
пробизнес 0.006667 0.0 0.0
проведение 0.003333 0.0 0.0
программа 0.003333 0.0 0.0
продавать 0.01 0.0 0.0
продавец 0.003333 3.506558 0.011689
продажа 0.006667 0.0 0.0
продолжать 0.003333 0.0 0.0
проект 0.006667 0.0 0.0
проектор 0.003333 0.0 0.0
проехать 0.003333 4.60517 0.015351
производство 0.003333 1.832581 0.006109
пролить 0.006667 0.0 0.0
просить 0.003333 3.506558 0.011689
процесс 0.003333 0.0 0.0
работа 0.003333 0.0 0.0
реальный 0.003333 0.0 0.0
редкий 0.003333 3.912023 0.01304
результат 0.003333 0.0 0.0
реклама 0.006667 0.0 0.0
речь 0.003333 2.525729 0.008419
решать 0.003333 0.0 0.0
россия 0.01 0.0 0.0
россиянин 0.003333 0.0 0.0
рубль 0.003333 0.0 0.0
рынок 0.006667 0.0 0.0
сайт 0.01 0.0 0.0
самолёт 0.006667 0.0 0.0
самый 0.006667 0.0 0.0
сантиметр 0.003333 0.0 0.0
сбор 0.003333 0.0 0.0
свет 0.006667 0.0 0.0
связь 0.01 0.0 0.0
сегодня 0.006667 0.0 0.0
сервер 0.003333 0.0 0.0
сервис 0.003333 0.0 0.0
сертификат 0.003333 4.60517 0.015351
сертификация 0.003333 0.0 0.0
сеть 0.003333 0.0 0.0
скоро 0.006667 0.0 0.0
скриншот 0.006667 3.912023 0.02608
слово 0.003333 2.302585 0.007675
снова 0.006667 0.0 0.0
советский 0.01 0.0 0.0
соглашаться 0.003333 0.0 0.0
сочетание 0.003333 3.912023 0.01304
спасти 0.006667 0.0 0.0
среда 0.006667 0.0 0.0
ссср 0.006667 4.60517 0.030701
ссылка 0.003333 0.0 0.0
стартовать 0.003333 0.0 0.0
статистика 0.006667 0.0 0.0
стать 0.003333 0.0 0.0
статья 0.003333 0.0 0.0
стоимость 0.006667 0.0 0.0
тайконавт 0.003333 0.0 0.0
такой 0.003333 1.514128 0.005047
тариф 0.003333 2.995732 0.009986
тег 0.003333 0.0 0.0
текст 0.006667 0.0 0.0
технический 0.006667 0.0 0.0
топ 0.006667 0.0 0.0
тыс 0.006667 0.0 0.0
убрать 0.003333 0.0 0.0
универсал 0.006667 2.207275 0.014715
уникальный 0.003333 2.995732 0.009986
упасть 0.006667 0.0 0.0
установить 0.003333 2.65926 0.008864
устройство 0.003333 0.0 0.0
файл 0.003333 0.0 0.0
флагманский 0.003333 0.0 0.0
фундаментальный 0.003333 0.0 0.0
хит 0.003333 0.0 0.0
хранение 0.003333 2.995732 0.009986
человек 0.003333 0.0 0.0
шведский 0.006667 3.506558 0.023377
экспорт 0.006667 0.0 0.0
экспортный 0.006667 4.60517 0.030701
эмбрион 0.003333 0.0 0.0
южный 0.003333 0.0 0.0
