авиалайнер 0.00211 0.0 0.0
австралия 0.00211 0.0 0.0
автоваз 0.004219 0.0 0.0
автомат 0.00211 0.0 0.0
автопроизводитель 0.00211 0.0 0.0
автор 0.006329 0.0 0.0
администрация 0.00211 0.0 0.0
адрес 0.004219 0.0 0.0
альтман 0.004219 3.506558 0.014796
америка 0.00211 0.0 0.0
аналитик 0.00211 0.0 0.0
аналогичный 0.00211 3.912023 0.008253
аспект 0.00211 4.60517 0.009716
баланс 0.004219 3.506558 0.014796
белок 0.00211 0.0 0.0
биологический 0.004219 0.0 0.0
битва 0.004219 4.60517 0.019431
ближний 0.00211 0.0 0.0
близкий 0.00211 2.813411 0.005935
блог 0.00211 0.0 0.0
будущее 0.004219 3.218876 0.013582
быстро 0.004219 0.0 0.0
быть 0.00211 0.0 0.0
вес 0.00211 0.0 0.0
весь 0.00211 0.0 0.0
видеокарта 0.00211 0.0 0.0
вложение 0.00211 4.60517 0.009716
вложить 0.00211 4.60517 0.009716
внедорожник 0.00211 0.0 0.0
войти 0.004219 0.0 0.0
восток 0.00211 0.0 0.0
время 0.004219 1.427116 0.006022
встречный 0.004219 4.60517 0.019431
входить 0.00211 0.0 0.0
выделить 0.00211 0.0 0.0
вызвать 0.00211 3.506558 0.007398
выступать 0.00211 4.60517 0.009716
выходить 0.00211 0.0 0.0
главный 0.00211 0.0 0.0
год 0.006329 0.0 0.0
гонсалес 0.004219 4.60517 0.019431
готовый 0.00211 1.237874 0.002612
графика 0.004219 3.218876 0.013582
данные 0.004219 0.0 0.0
двигатель 0.006329 0.0 0.0
двигаться 0.00211 3.506558 0.007398
дело 0.008439 1.108663 0.009356
дизайн 0.004219 0.0 0.0
директор 0.004219 0.0 0.0
договор 0.00211 3.912023 0.008253
договорённость 0.004219 4.60517 0.019431
долгий 0.00211 4.60517 0.009716
доллар 0.00211 0.0 0.0
дом 0.004219 0.0 0.0
доставить 0.00211 0.0 0.0
достаточно 0.004219 2.525729 0.010657
достигать 0.00211 0.0 0.0
завершить 0.00211 0.0 0.0
задать 0.00211 3.912023 0.008253
замедление 0.004219 4.60517 0.019431
запас 0.00211 2.120264 0.004473
запланировать 0.00211 3.912023 0.008253
запрет 0.00211 4.60517 0.009716
запускать 0.00211 2.813411 0.005935
захват 0.00211 3.912023 0.008253
защита 0.00211 0.0 0.0
заявить 0.00211 3.912023 0.008253
земля 0.004219 0.0 0.0
значительный 0.00211 4.60517 0.009716
зонд 0.006329 0.0 0.0
ивонна 0.00211 4.60517 0.009716
игра 0.00211 0.0 0.0
идеалистический 0.00211 4.60517 0.009716
изображение 0.004219 1.514128 0.006389
илона 0.004219 2.207275 0.009313
инвестировать 0.00211 4.60517 0.009716
инвестиция 0.00211 3.912023 0.008253
инвестор 0.00211 3.506558 0.007398
инновационный 0.004219 0.0 0.0
интеллект 0.006329 1.966113 0.012444
информация 0.00211 0.0 0.0
иск 0.008439 0.0 0.0
искусственный 0.00211 2.407946 0.00508
использование 0.00211 0.0 0.0
исследование 0.00211 0.0 0.0
источник 0.004219 0.0 0.0
исход 0.004219 2.525729 0.010657
кадр 0.004219 2.302585 0.009716
календарь 0.004219 0.0 0.0
калифорния 0.00211 2.525729 0.005329
категория 0.00211 0.0 0.0
кг 0.004219 0.0 0.0
километр 0.00211 0.0 0.0
классический 0.00211 0.0 0.0
клон 0.004219 0.0 0.0
ключевой 0.004219 2.525729 0.010657
км 0.004219 1.309333 0.005525
комментирование 0.00211 0.0 0.0
коммерциализация 0.006329 4.60517 0.029147
коммерция 0.00211 4.60517 0.009716
коммерческий 0.008439 2.995732 0.02528
компания 0.008439 0.693147 0.005849
комфортный 0.004219 0.0 0.0
конкуренция 0.00211 3.506558 0.007398
контроль 0.006329 2.407946 0.01524
конференция 0.004219 0.0 0.0
конфликт 0.004219 3.506558 0.014796
корея 0.00211 0.0 0.0
корпорация 0.004219 3.218876 0.013582
корпус 0.00211 0.0 0.0
космос 0.006329 0.0 0.0
который 0.008439 0.673345 0.005682
критика 0.00211 4.60517 0.009716
кроссовер 0.004219 0.0 0.0
крупный 0.00211 3.912023 0.008253
кубический 0.00211 0.0 0.0
кук 0.00211 0.0 0.0
летать 0.004219 0.0 0.0
лист 0.00211 0.0 0.0
май 0.006329 0.0 0.0
марк 0.00211 0.0 0.0
март 0.006329 1.714798 0.010853
маска 0.004219 2.207275 0.009313
материал 0.00211 0.0 0.0
машина 0.00211 0.0 0.0
межпланетный 0.004219 0.0 0.0
менять 0.00211 0.0 0.0
миллиардер 0.00211 4.60517 0.009716
миллион 0.00211 0.0 0.0
мир 0.006329 0.0 0.0
миссия 0.00211 1.966113 0.004148
млн 0.004219 1.108663 0.004678
млрд 0.004219 2.302585 0.009716
мнение 0.00211 3.506558 0.007398
мобильный 0.00211 0.0 0.0
момент 0.004219 0.0 0.0
монитор 0.00211 0.0 0.0
мотобренд 0.00211 0.0 0.0
мотоцикл 0.00211 0.0 0.0
мочь 0.00211 0.0 0.0
мошенничество 0.00211 3.912023 0.008253
мощность 0.00211 1.560648 0.003293
нажать 0.00211 0.0 0.0
название 0.00211 0.0 0.0
назвать 0.004219 0.0 0.0
направить 0.00211 4.60517 0.009716
нарушение 0.00211 4.60517 0.009716
наслать 0.00211 0.0 0.0
наш 0.004219 0.0 0.0
некоммерческий 0.008439 4.60517 0.038862
новость 0.00211 0.0 0.0
новый 0.006329 0.0 0.0
ноутбук 0.00211 0.0 0.0
нужный 0.00211 0.0 0.0
обвинение 0.00211 4.60517 0.009716
обвинять 0.00211 4.60517 0.009716
обещать 0.00211 3.912023 0.008253
обжаловать 0.004219 4.60517 0.019431
обзор 0.00211 0.0 0.0
область 0.00211 2.120264 0.004473
обогащение 0.00211 4.60517 0.009716
обосновать 0.00211 4.60517 0.009716
обработка 0.00211 0.0 0.0
образец 0.00211 0.0 0.0
объявить 0.00211 0.0 0.0
одноклассник 0.004219 0.0 0.0
округ 0.00211 2.995732 0.00632
определить 0.00211 3.506558 0.007398
орбита 0.00211 0.0 0.0
организация 0.00211 3.912023 0.008253
основать 0.00211 4.60517 0.009716
отвергать 0.00211 4.60517 0.009716
ответ 0.004219 1.714798 0.007235
отдать 0.00211 0.0 0.0
отечественный 0.00211 0.0 0.0
отказ 0.00211 0.0 0.0
отказаться 0.004219 0.0 0.0
отклонение 0.00211 3.506558 0.007398
отклонить 0.00211 3.506558 0.007398
отключить 0.00211 0.0 0.0
открытость 0.00211 4.60517 0.009716
отметить 0.00211 2.65926 0.00561
отрасль 0.004219 3.912023 0.016506
отставать 0.00211 3.218876 0.006791
очень 0.004219 0.0 0.0
ошибка 0.00211 0.0 0.0
передать 0.00211 3.506558 0.007398
передний 0.00211 0.0 0.0
передовой 0.00211 3.912023 0.008253
переход 0.006329 2.120264 0.013419
период 0.004219 0.0 0.0
периферия 0.004219 0.0 0.0
персональный 0.004219 0.0 0.0
пиар 0.004219 0.0 0.0
письменный 0.00211 4.60517 0.009716
планшет 0.00211 0.0 0.0
платформа 0.004219 0.0 0.0
победа 0.00211 4.60517 0.009716
повлиять 0.004219 3.912023 0.016506
подать 0.004219 3.912023 0.016506
подвести 0.00211 0.0 0.0
поднять 0.00211 0.0 0.0
подразумевать 0.00211 4.60517 0.009716
подробный 0.00211 0.0 0.0
подчеркнуть 0.004219 2.995732 0.01264
позволять 0.00211 1.832581 0.003866
поиск 0.004219 0.0 0.0
пока 0.004219 0.0 0.0
показаться 0.004219 3.506558 0.014796
полезный 0.00211 0.0 0.0
политика 0.006329 0.0 0.0
полноприводный 0.00211 0.0 0.0
получить 0.004219 2.995732 0.01264
полёт 0.00211 0.0 0.0
попробовать 0.004219 0.0 0.0
популярный 0.004219 0.0 0.0
посещать 0.004219 0.0 0.0
прайс 0.004219 0.0 0.0
превзойти 0.00211 3.506558 0.007398
предварительный 0.00211 4.60517 0.009716
предприятие 0.00211 4.60517 0.009716
представитель 0.00211 3.912023 0.008253
представить 0.00211 0.0 0.0
преобразование 0.004219 4.60517 0.019431
претензия 0.00211 4.60517 0.009716
прецедент 0.004219 3.218876 0.013582
прибавка 0.004219 0.0 0.0
приближать 0.00211 3.506558 0.007398
прибыль 0.004219 3.912023 0.016506
привлечение 0.00211 4.60517 0.009716
привод 0.00211 0.0 0.0
принтер 0.00211 0.0 0.0
принцип 0.00211 2.995732 0.00632
пробизнес 0.004219 0.0 0.0
проведение 0.00211 0.0 0.0
программа 0.00211 0.0 0.0
продавать 0.004219 0.0 0.0
продажа 0.00211 0.0 0.0
продолжать 0.004219 0.0 0.0
продолжиться 0.004219 4.60517 0.019431
проект 0.006329 0.0 0.0
проектор 0.00211 0.0 0.0
происходить 0.00211 2.995732 0.00632
прокомментировать 0.00211 4.60517 0.009716
пролить 0.004219 0.0 0.0
просьба 0.00211 4.60517 0.009716
противоречить 0.00211 4.60517 0.009716
прохождение 0.00211 3.506558 0.007398
процесс 0.004219 0.0 0.0
публичный 0.00211 4.60517 0.009716
пункт 0.00211 4.60517 0.009716
работа 0.00211 0.0 0.0
разбирательство 0.004219 4.60517 0.019431
развитие 0.006329 2.407946 0.01524
разгон 0.00211 2.525729 0.005329
разрабатывать 0.00211 3.218876 0.006791
расколоть 0.00211 4.60517 0.009716
раскручиваться 0.004219 4.60517 0.019431
расти 0.00211 3.506558 0.007398
реалия 0.00211 4.60517 0.009716
реальный 0.00211 0.0 0.0
результат 0.00211 0.0 0.0
реклама 0.004219 0.0 0.0
решать 0.00211 0.0 0.0
решение 0.006329 2.040221 0.012913
роджерс 0.004219 4.60517 0.019431
россия 0.00211 0.0 0.0
россиянин 0.00211 0.0 0.0
рубль 0.00211 0.0 0.0
рука 0.00211 4.60517 0.009716
рынок 0.004219 0.0 0.0
рыночный 0.00211 3.912023 0.008253
сайт 0.004219 0.0 0.0
самолёт 0.00211 0.0 0.0
самый 0.004219 0.0 0.0
сантиметр 0.00211 0.0 0.0
сбор 0.00211 0.0 0.0
свет 0.004219 0.0 0.0
связь 0.006329 0.0 0.0
северный 0.00211 4.60517 0.009716
сегодня 0.004219 0.0 0.0
секунда 0.00211 2.120264 0.004473
сервер 0.00211 0.0 0.0
сервис 0.00211 0.0 0.0
сертификация 0.00211 0.0 0.0
сеть 0.00211 0.0 0.0
ситуация 0.00211 2.813411 0.005935
скоро 0.004219 0.0 0.0
смена 0.00211 2.813411 0.005935
снова 0.004219 0.0 0.0
совет 0.00211 0.0 0.0
советский 0.004219 0.0 0.0
соглашаться 0.00211 0.0 0.0
соглашение 0.004219 3.912023 0.016506
создавать 0.004219 3.218876 0.013582
создание 0.004219 2.525729 0.010657
соперничество 0.004219 4.60517 0.019431
соучредитель 0.00211 4.60517 0.009716
сохранение 0.004219 3.912023 0.016506
сохранить 0.006329 3.218876 0.020373
спасти 0.004219 0.0 0.0
способный 0.00211 2.525729 0.005329
среда 0.004219 0.0 0.0
ссылка 0.00211 0.0 0.0
сталкивать 0.00211 4.60517 0.009716
стартовать 0.00211 0.0 0.0
статистика 0.004219 0.0 0.0
статус 0.006329 2.995732 0.01896
стать 0.006329 0.0 0.0
статья 0.00211 0.0 0.0
стоимость 0.004219 0.0 0.0
стремиться 0.00211 4.60517 0.009716
структура 0.006329 2.65926 0.016831
суд 0.004219 1.89712 0.008005
судебный 0.004219 4.60517 0.019431
судья 0.004219 3.506558 0.014796
существовать 0.00211 3.912023 0.008253
сфера 0.00211 2.407946 0.00508
считать 0.00211 3.218876 0.006791
сэм 0.006329 3.506558 0.022193
тайконавт 0.00211 0.0 0.0
тег 0.00211 0.0 0.0
текст 0.004219 0.0 0.0
тест 0.00211 1.171183 0.002471
технический 0.004219 0.0 0.0
технология 0.00211 2.302585 0.004858
топ 0.004219 0.0 0.0
требование 0.006329 4.60517 0.029147
тыс 0.004219 0.0 0.0
убрать 0.00211 0.0 0.0
удовлетворить 0.004219 4.60517 0.019431
упасть 0.004219 0.0 0.0
управление 0.00211 1.660731 0.003504
управляемый 0.00211 3.912023 0.008253
усиливать 0.00211 2.65926 0.00561
устройство 0.00211 0.0 0.0
утверждать 0.00211 3.912023 0.008253
утверждение 0.004219 4.60517 0.019431
файл 0.00211 0.0 0.0
флагманский 0.00211 0.0 0.0
фон 0.00211 1.660731 0.003504
фундаментальный 0.00211 0.0 0.0
хит 0.00211 0.0 0.0
ход 0.00211 0.0 0.0
ходатайство 0.004219 3.506558 0.014796
цель 0.00211 2.65926 0.00561
часто 0.004219 1.714798 0.007235
часть 0.004219 2.407946 0.01016
человек 0.00211 0.0 0.0
человеческий 0.004219 4.60517 0.019431
человечество 0.00211 3.912023 0.008253
число 0.00211 2.407946 0.00508
эксперт 0.004219 2.65926 0.011221
экспорт 0.004219 0.0 0.0
эмбрион 0.00211 0.0 0.0
южный 0.00211 0.0 0.0
юридический 0.00211 4.60517 0.009716
