авиалайнер 0.002976 0.0 0.0
авиация 0.005952 3.506558 0.020872
австралия 0.002976 0.0 0.0
автоваз 0.005952 0.0 0.0
автомат 0.002976 0.0 0.0
автоматически 0.005952 2.995732 0.017832
автопроизводитель 0.002976 0.0 0.0
автор 0.008929 0.0 0.0
администрация 0.002976 0.0 0.0
адрес 0.005952 0.0 0.0
америка 0.002976 0.0 0.0
аналитик 0.002976 0.0 0.0
антенна 0.005952 4.60517 0.027412
апгрейд 0.005952 4.60517 0.027412
аэродром 0.005952 4.60517 0.027412
аэродромный 0.002976 4.60517 0.013706
аэропорт 0.005952 3.912023 0.023286
базисный 0.002976 4.60517 0.013706
белок 0.002976 0.0 0.0
биологический 0.005952 0.0 0.0
ближний 0.002976 0.0 0.0
блог 0.002976 0.0 0.0
быстро 0.005952 0.0 0.0
быть 0.002976 0.0 0.0
вес 0.002976 0.0 0.0
весь 0.005952 0.0 0.0
видеокарта 0.002976 0.0 0.0
внедорожник 0.002976 0.0 0.0
воздушный 0.008929 4.60517 0.041118
войти 0.005952 0.0 0.0
волна 0.002976 3.506558 0.010436
восток 0.002976 0.0 0.0
входить 0.002976 0.0 0.0
выделить 0.005952 0.0 0.0
выходить 0.002976 0.0 0.0
главный 0.002976 0.0 0.0
год 0.002976 0.0 0.0
госкорпорация 0.005952 4.60517 0.027412
готовый 0.002976 2.525729 0.007517
гравитационный 0.002976 3.506558 0.010436
дальность 0.005952 3.912023 0.023286
данные 0.005952 0.0 0.0
двигатель 0.008929 0.0 0.0
движение 0.005952 2.525729 0.015034
действовать 0.002976 2.525729 0.007517
детектор 0.005952 3.506558 0.020872
дизайн 0.005952 0.0 0.0
директор 0.005952 0.0 0.0
доллар 0.002976 0.0 0.0
дом 0.005952 0.0 0.0
доставить 0.002976 0.0 0.0
достигать 0.002976 0.0 0.0
завершить 0.002976 0.0 0.0
защита 0.002976 0.0 0.0
земля 0.005952 0.0 0.0
зона 0.008929 0.0 0.0
зонд 0.008929 0.0 0.0
игра 0.008929 0.0 0.0
известный 0.005952 3.218876 0.01916
инновационный 0.005952 0.0 0.0
инсайдер 0.005952 3.218876 0.01916
информация 0.008929 0.0 0.0
использование 0.002976 0.0 0.0
использоваться 0.005952 3.912023 0.023286
исследование 0.002976 0.0 0.0
источник 0.005952 0.0 0.0
календарь 0.005952 0.0 0.0
категория 0.002976 0.0 0.0
кг 0.005952 0.0 0.0
километр 0.002976 0.0 0.0
классический 0.002976 0.0 0.0
климатический 0.002976 4.60517 0.013706
клон 0.005952 0.0 0.0
км 0.005952 1.309333 0.007794
кнопка 0.002976 3.912023 0.011643
комментирование 0.002976 0.0 0.0
комфортный 0.005952 0.0 0.0
конец 0.002976 2.207275 0.006569
контроль 0.002976 2.407946 0.007167
конференция 0.005952 0.0 0.0
координата 0.002976 3.912023 0.011643
корея 0.002976 0.0 0.0
корпус 0.002976 0.0 0.0
космос 0.008929 0.0 0.0
кроссовер 0.005952 0.0 0.0
кубический 0.002976 0.0 0.0
кук 0.002976 0.0 0.0
летать 0.005952 0.0 0.0
лист 0.002976 0.0 0.0
локатор 0.005952 3.912023 0.023286
май 0.008929 0.0 0.0
марк 0.002976 0.0 0.0
массово 0.005952 2.407946 0.014333
материал 0.002976 0.0 0.0
материя 0.002976 4.60517 0.013706
машина 0.002976 0.0 0.0
мврло 0.002976 4.60517 0.013706
межпланетный 0.005952 0.0 0.0
менее 0.005952 2.207275 0.013139
менять 0.002976 0.0 0.0
миллион 0.002976 0.0 0.0
мир 0.002976 0.0 0.0
мобильный 0.002976 0.0 0.0
момент 0.005952 0.0 0.0
монитор 0.002976 0.0 0.0
моноимпульсный 0.005952 4.60517 0.027412
мотобренд 0.002976 0.0 0.0
мотоцикл 0.002976 0.0 0.0
мочь 0.002976 0.0 0.0
нажатие 0.002976 4.60517 0.013706
нажать 0.002976 0.0 0.0
название 0.002976 0.0 0.0
назвать 0.002976 0.0 0.0
наслать 0.002976 0.0 0.0
начало 0.002976 1.89712 0.005646
наш 0.005952 0.0 0.0
немецкий 0.005952 3.912023 0.023286
новость 0.002976 0.0 0.0
новый 0.008929 0.0 0.0
ноутбук 0.002976 0.0 0.0
нужный 0.002976 0.0 0.0
обзор 0.002976 0.0 0.0
обработка 0.002976 0.0 0.0
образец 0.002976 0.0 0.0
объявить 0.002976 0.0 0.0
одноклассник 0.005952 0.0 0.0
определять 0.002976 3.912023 0.011643
орбита 0.002976 0.0 0.0
организация 0.002976 3.912023 0.011643
осуществляться 0.002976 3.506558 0.010436
отдать 0.002976 0.0 0.0
отечественный 0.002976 0.0 0.0
отказ 0.002976 0.0 0.0
отказаться 0.002976 0.0 0.0
отключить 0.002976 0.0 0.0
открывать 0.002976 2.813411 0.008373
отмечать 0.002976 2.65926 0.007914
охват 0.002976 2.995732 0.008916
охота 0.002976 4.60517 0.013706
очень 0.005952 0.0 0.0
ошибка 0.002976 0.0 0.0
параметр 0.002976 2.65926 0.007914
передаваться 0.002976 4.60517 0.013706
передний 0.002976 0.0 0.0
переход 0.005952 2.120264 0.012621
период 0.005952 0.0 0.0
периферия 0.005952 0.0 0.0
персональный 0.005952 0.0 0.0
пиар 0.005952 0.0 0.0
планшет 0.002976 0.0 0.0
платформа 0.005952 0.0 0.0
подвести 0.002976 0.0 0.0
поднять 0.002976 0.0 0.0
подробный 0.002976 0.0 0.0
поиск 0.005952 0.0 0.0
пока 0.005952 0.0 0.0
полезный 0.002976 0.0 0.0
политика 0.008929 0.0 0.0
полноприводный 0.002976 0.0 0.0
получить 0.002976 1.427116 0.004247
полёт 0.002976 0.0 0.0
попробовать 0.005952 0.0 0.0
популярный 0.005952 0.0 0.0
посещать 0.005952 0.0 0.0
прайс 0.005952 0.0 0.0
превысить 0.002976 2.65926 0.007914
предел 0.002976 1.609438 0.00479
предназначить 0.002976 3.218876 0.00958
представить 0.002976 0.0 0.0
пресс 0.005952 4.60517 0.027412
прибавка 0.005952 0.0 0.0
привод 0.002976 0.0 0.0
принтер 0.002976 0.0 0.0
пробизнес 0.005952 0.0 0.0
проведение 0.002976 0.0 0.0
программа 0.002976 0.0 0.0
программно 0.005952 3.218876 0.01916
продавать 0.005952 0.0 0.0
продажа 0.002976 0.0 0.0
продемонстрировать 0.005952 2.813411 0.016746
продолжать 0.002976 0.0 0.0
проект 0.005952 0.0 0.0
проектор 0.002976 0.0 0.0
пройти 0.008929 3.506558 0.031309
пролить 0.005952 0.0 0.0
пространство 0.002976 2.995732 0.008916
процесс 0.002976 0.0 0.0
работа 0.002976 0.0 0.0
радиолокатор 0.008929 3.912023 0.034929
раз 0.002976 0.0 0.0
различный 0.002976 4.60517 0.013706
разработать 0.005952 2.407946 0.014333
разработка 0.005952 3.218876 0.01916
район 0.002976 3.506558 0.010436
расположить 0.002976 4.60517 0.013706
реальный 0.002976 0.0 0.0
режим 0.005952 2.407946 0.014333
результат 0.008929 0.0 0.0
реклама 0.005952 0.0 0.0
решать 0.002976 0.0 0.0
россия 0.008929 0.0 0.0
россиянин 0.002976 0.0 0.0
ростех 0.005952 4.60517 0.027412
ростёха 0.002976 4.60517 0.013706
рубль 0.002976 0.0 0.0
рынок 0.005952 0.0 0.0
сайт 0.005952 0.0 0.0
самолёт 0.002976 0.0 0.0
самый 0.005952 0.0 0.0
сантиметр 0.002976 0.0 0.0
сбор 0.002976 0.0 0.0
свет 0.005952 0.0 0.0
связь 0.008929 0.0 0.0
сегодня 0.005952 0.0 0.0
сервер 0.002976 0.0 0.0
сервис 0.002976 0.0 0.0
сертификационный 0.002976 3.912023 0.011643
сертификация 0.002976 0.0 0.0
сеть 0.002976 0.0 0.0
скоро 0.005952 0.0 0.0
служба 0.005952 3.912023 0.023286
снова 0.005952 0.0 0.0
собрать 0.002976 3.912023 0.011643
советский 0.005952 0.0 0.0
соглашаться 0.002976 0.0 0.0
создатель 0.002976 4.60517 0.013706
сообщать 0.002976 2.407946 0.007167
сообщить 0.002976 3.506558 0.010436
спасти 0.005952 0.0 0.0
среда 0.008929 0.0 0.0
ссылка 0.002976 0.0 0.0
стартовать 0.002976 0.0 0.0
статистика 0.005952 0.0 0.0
стать 0.002976 0.0 0.0
статья 0.002976 0.0 0.0
стоимость 0.005952 0.0 0.0
судно 0.002976 3.912023 0.011643
тайконавт 0.002976 0.0 0.0
тег 0.002976 0.0 0.0
текст 0.005952 0.0 0.0
температура 0.002976 2.65926 0.007914
тестировать 0.002976 2.407946 0.007167
технический 0.005952 0.0 0.0
топ 0.005952 0.0 0.0
трасса 0.002976 4.60517 0.013706
требование 0.002976 3.912023 0.011643
требоваться 0.002976 2.995732 0.008916
тыс 0.005952 0.0 0.0
тёмный 0.002976 4.60517 0.013706
убрать 0.002976 0.0 0.0
упасть 0.005952 0.0 0.0
управление 0.002976 1.660731 0.004943
успешно 0.005952 2.407946 0.014333
устройство 0.002976 0.0 0.0
файл 0.002976 0.0 0.0
флагманский 0.002976 0.0 0.0
фундаментальный 0.002976 0.0 0.0
хит 0.002976 0.0 0.0
центр 0.002976 1.714798 0.005104
человек 0.002976 0.0 0.0
экспорт 0.005952 0.0 0.0
эмбрион 0.002976 0.0 0.0
южный 0.002976 0.0 0.0
