абиогенный 0.004494 4.60517 0.020697
авиалайнер 0.002247 0.0 0.0
австралия 0.002247 0.0 0.0
автоваз 0.004494 0.0 0.0
автомат 0.002247 0.0 0.0
автопроизводитель 0.002247 0.0 0.0
автор 0.006742 0.0 0.0
агрессивный 0.002247 4.60517 0.010349
администрация 0.002247 0.0 0.0
адрес 0.004494 0.0 0.0
активность 0.004494 3.506558 0.01576
америка 0.002247 0.0 0.0
аминокислота 0.002247 3.506558 0.00788
аморфный 0.002247 4.60517 0.010349
аналитик 0.002247 0.0 0.0
аппарат 0.004494 1.660731 0.007464
ароматический 0.002247 4.60517 0.010349
астробиолог 0.002247 4.60517 0.010349
астробиология 0.004494 4.60517 0.020697
белок 0.002247 0.0 0.0
биологический 0.004494 0.0 0.0
ближний 0.002247 0.0 0.0
блог 0.002247 0.0 0.0
будущий 0.002247 2.65926 0.005976
быстро 0.004494 0.0 0.0
быть 0.002247 0.0 0.0
бюджет 0.004494 2.65926 0.011952
важно 0.004494 2.120264 0.009529
вероятность 0.004494 3.506558 0.01576
вес 0.002247 0.0 0.0
весь 0.002247 0.0 0.0
видеокарта 0.002247 0.0 0.0
влиять 0.002247 2.813411 0.006322
внедорожник 0.002247 0.0 0.0
внимание 0.004494 2.65926 0.011952
воздействие 0.004494 3.912023 0.017582
возможность 0.004494 1.966113 0.008836
возраст 0.002247 3.506558 0.00788
войти 0.004494 0.0 0.0
восток 0.002247 0.0 0.0
входить 0.002247 0.0 0.0
выделить 0.002247 0.0 0.0
выживание 0.002247 3.506558 0.00788
высокий 0.002247 2.995732 0.006732
выходить 0.002247 0.0 0.0
выявить 0.004494 4.60517 0.020697
геологически 0.004494 4.60517 0.020697
гидротермальный 0.002247 4.60517 0.010349
главный 0.004494 0.0 0.0
год 0.004494 0.0 0.0
гонка 0.002247 2.407946 0.005411
данные 0.004494 0.0 0.0
двигатель 0.006742 0.0 0.0
действие 0.002247 2.995732 0.006732
деньга 0.002247 3.506558 0.00788
десяток 0.002247 3.912023 0.008791
диапазон 0.002247 2.813411 0.006322
дизайн 0.004494 0.0 0.0
директор 0.004494 0.0 0.0
доллар 0.002247 0.0 0.0
дом 0.004494 0.0 0.0
доставить 0.002247 0.0 0.0
доставка 0.004494 3.218876 0.014467
достигать 0.002247 0.0 0.0
европа 0.008989 2.407946 0.021644
жизнь 0.006742 3.506558 0.02364
завершить 0.002247 0.0 0.0
зависеть 0.002247 2.65926 0.005976
замедляться 0.002247 4.60517 0.010349
заняться 0.002247 3.506558 0.00788
защита 0.002247 0.0 0.0
земля 0.004494 0.0 0.0
значительно 0.004494 3.218876 0.014467
зона 0.004494 2.525729 0.011352
зонд 0.006742 0.0 0.0
игра 0.002247 0.0 0.0
излучение 0.002247 2.995732 0.006732
изображение 0.004494 1.514128 0.006805
илона 0.004494 2.207275 0.00992
индуцировать 0.002247 4.60517 0.010349
инновационный 0.004494 0.0 0.0
инструмент 0.002247 1.89712 0.004263
интернет 0.004494 2.65926 0.011952
информация 0.002247 0.0 0.0
использование 0.002247 0.0 0.0
исследование 0.008989 0.0 0.0
исследователь 0.002247 1.832581 0.004118
источник 0.004494 0.0 0.0
календарь 0.004494 0.0 0.0
кандидат 0.002247 4.60517 0.010349
категория 0.002247 0.0 0.0
кг 0.004494 0.0 0.0
километр 0.002247 0.0 0.0
классический 0.002247 0.0 0.0
клон 0.004494 0.0 0.0
ключевой 0.004494 1.714798 0.007707
комментирование 0.002247 0.0 0.0
компания 0.004494 0.820981 0.00369
комфортный 0.004494 0.0 0.0
конференция 0.004494 0.0 0.0
концентрация 0.004494 4.60517 0.020697
корея 0.002247 0.0 0.0
корпус 0.002247 0.0 0.0
косвенный 0.002247 4.60517 0.010349
космический 0.004494 1.514128 0.006805
космос 0.006742 0.0 0.0
который 0.004494 0.891598 0.004007
кроссовер 0.004494 0.0 0.0
кубический 0.002247 0.0 0.0
кук 0.002247 0.0 0.0
ледяной 0.004494 4.60517 0.020697
летать 0.004494 0.0 0.0
лист 0.002247 0.0 0.0
локация 0.002247 3.912023 0.008791
лёд 0.011236 2.995732 0.03366
магнитосфера 0.002247 4.60517 0.010349
май 0.006742 0.0 0.0
максимальный 0.002247 4.60517 0.010349
маловероятный 0.002247 4.60517 0.010349
марк 0.002247 0.0 0.0
марс 0.004494 2.525729 0.011352
маска 0.004494 2.207275 0.00992
материал 0.006742 0.0 0.0
машина 0.002247 0.0 0.0
межпланетный 0.004494 0.0 0.0
менять 0.002247 0.0 0.0
метод 0.004494 1.714798 0.007707
миллион 0.002247 0.0 0.0
мир 0.002247 0.0 0.0
миссия 0.008989 1.347074 0.012109
мобильный 0.002247 0.0 0.0
моделирование 0.004494 3.218876 0.014467
молекула 0.004494 4.60517 0.020697
молодой 0.002247 3.912023 0.008791
момент 0.004494 0.0 0.0
монитор 0.002247 0.0 0.0
мотобренд 0.002247 0.0 0.0
мотоцикл 0.002247 0.0 0.0
мочь 0.006742 0.0 0.0
нажать 0.002247 0.0 0.0
название 0.002247 0.0 0.0
назвать 0.002247 0.0 0.0
наслать 0.002247 0.0 0.0
наш 0.004494 0.0 0.0
несколько 0.004494 2.525729 0.011352
неясный 0.002247 4.60517 0.010349
новость 0.002247 0.0 0.0
новый 0.006742 0.0 0.0
ноутбук 0.002247 0.0 0.0
нужный 0.002247 0.0 0.0
обеспечить 0.002247 2.65926 0.005976
обзор 0.002247 0.0 0.0
обнаружение 0.006742 2.995732 0.020196
обнаружить 0.004494 3.506558 0.01576
обновляться 0.002247 4.60517 0.010349
обработка 0.002247 0.0 0.0
образ 0.002247 0.0 0.0
образец 0.004494 0.0 0.0
объявить 0.002247 0.0 0.0
ограничить 0.002247 1.966113 0.004418
один 0.002247 1.560648 0.003507
одноклассник 0.004494 0.0 0.0
океан 0.008989 3.912023 0.035164
оптимизировать 0.004494 3.218876 0.014467
орбита 0.004494 0.0 0.0
орбитальный 0.002247 3.506558 0.00788
органика 0.002247 3.506558 0.00788
органический 0.002247 4.60517 0.010349
особенно 0.004494 1.609438 0.007233
оставаться 0.004494 1.966113 0.008836
отдать 0.002247 0.0 0.0
отечественный 0.002247 0.0 0.0
отказ 0.002247 0.0 0.0
отказаться 0.002247 0.0 0.0
отключить 0.002247 0.0 0.0
открытие 0.004494 2.525729 0.011352
отложение 0.002247 4.60517 0.010349
отметить 0.002247 2.813411 0.006322
очень 0.004494 0.0 0.0
ошибка 0.002247 0.0 0.0
передний 0.002247 0.0 0.0
период 0.004494 0.0 0.0
периферия 0.004494 0.0 0.0
персональный 0.004494 0.0 0.0
пиар 0.004494 0.0 0.0
планшет 0.002247 0.0 0.0
платформа 0.004494 0.0 0.0
поверхность 0.004494 3.912023 0.017582
повышать 0.002247 3.506558 0.00788
подвести 0.002247 0.0 0.0
подлёдный 0.004494 4.60517 0.020697
поднять 0.002247 0.0 0.0
подняться 0.004494 4.60517 0.020697
подповерхностный 0.002247 4.60517 0.010349
подробный 0.002247 0.0 0.0
подтвердить 0.002247 3.506558 0.00788
подчёркивать 0.002247 2.995732 0.006732
позволять 0.002247 1.832581 0.004118
поиск 0.006742 0.0 0.0
пока 0.004494 0.0 0.0
показать 0.002247 2.302585 0.005174
полезный 0.002247 0.0 0.0
политика 0.006742 0.0 0.0
полноприводный 0.002247 0.0 0.0
полоса 0.002247 4.60517 0.010349
получить 0.002247 2.813411 0.006322
полюс 0.002247 3.218876 0.007233
полёт 0.002247 0.0 0.0
попробовать 0.004494 0.0 0.0
популярный 0.004494 0.0 0.0
пора 0.002247 0.0 0.0
посещать 0.004494 0.0 0.0
потенциальный 0.002247 3.506558 0.00788
прайс 0.004494 0.0 0.0
предлагать 0.002247 4.60517 0.010349
представить 0.002247 0.0 0.0
прибавка 0.004494 0.0 0.0
привлекать 0.002247 4.60517 0.010349
привод 0.002247 0.0 0.0
применимый 0.002247 3.912023 0.008791
принтер 0.002247 0.0 0.0
пробизнес 0.004494 0.0 0.0
проведение 0.002247 0.0 0.0
программа 0.002247 0.0 0.0
продавать 0.004494 0.0 0.0
продажа 0.002247 0.0 0.0
продолжать 0.002247 0.0 0.0
проект 0.004494 0.0 0.0
проектор 0.002247 0.0 0.0
пролить 0.004494 0.0 0.0
процесс 0.004494 0.0 0.0
работа 0.002247 0.0 0.0
радиационный 0.004494 4.60517 0.020697
радиация 0.006742 3.506558 0.02364
разрушаться 0.002247 3.912023 0.008791
разрушение 0.004494 4.60517 0.020697
раскрыть 0.002247 2.995732 0.006732
расстояние 0.002247 2.813411 0.006322
реальный 0.002247 0.0 0.0
регион 0.004494 2.995732 0.013464
регистрация 0.002247 4.60517 0.010349
результат 0.002247 0.0 0.0
реклама 0.004494 0.0 0.0
решать 0.002247 0.0 0.0
роль 0.004494 1.89712 0.008526
россия 0.002247 0.0 0.0
россиянин 0.002247 0.0 0.0
рубль 0.002247 0.0 0.0
рывок 0.004494 3.218876 0.014467
рынок 0.004494 0.0 0.0
сайт 0.004494 0.0 0.0
самолёт 0.002247 0.0 0.0
самый 0.004494 0.0 0.0
сантиметр 0.002247 0.0 0.0
сбор 0.002247 0.0 0.0
свежий 0.002247 3.912023 0.008791
свет 0.004494 0.0 0.0
свечение 0.004494 4.60517 0.020697
свидетельство 0.002247 4.60517 0.010349
связь 0.006742 0.0 0.0
сегодня 0.004494 0.0 0.0
сей 0.002247 1.272966 0.002861
секрет 0.004494 3.506558 0.01576
сервер 0.002247 0.0 0.0
сервис 0.002247 0.0 0.0
сертификация 0.002247 0.0 0.0
сеть 0.004494 0.0 0.0
синтез 0.006742 2.407946 0.016233
система 0.004494 1.514128 0.006805
скоро 0.004494 0.0 0.0
снова 0.004494 0.0 0.0
советский 0.004494 0.0 0.0
соглашаться 0.002247 0.0 0.0
соединение 0.002247 4.60517 0.010349
создать 0.004494 2.813411 0.012645
сократить 0.004494 2.65926 0.011952
солнечный 0.002247 3.912023 0.008791
сохранять 0.002247 2.995732 0.006732
сохраняться 0.004494 4.60517 0.020697
сочетание 0.004494 4.60517 0.020697
спасти 0.004494 0.0 0.0
спутник 0.004494 2.120264 0.009529
среда 0.004494 0.0 0.0
срок 0.004494 2.207275 0.00992
ссылка 0.002247 0.0 0.0
стартовать 0.002247 0.0 0.0
статистика 0.004494 0.0 0.0
стать 0.008989 0.0 0.0
статья 0.002247 0.0 0.0
стоимость 0.004494 0.0 0.0
структура 0.004494 2.207275 0.00992
существенно 0.004494 3.506558 0.01576
считаться 0.002247 3.912023 0.008791
тайконавт 0.002247 0.0 0.0
такой 0.006742 1.021651 0.006888
тег 0.002247 0.0 0.0
текст 0.004494 0.0 0.0
технический 0.004494 0.0 0.0
топ 0.004494 0.0 0.0
трещина 0.002247 4.60517 0.010349
тыс 0.004494 0.0 0.0
тысяча 0.002247 2.407946 0.005411
тёмный 0.002247 4.60517 0.010349
убрать 0.002247 0.0 0.0
увеличиваться 0.002247 4.60517 0.010349
угроза 0.002247 2.65926 0.005976
ультрафиолет 0.002247 4.60517 0.010349
ультрафиолетовый 0.002247 4.60517 0.010349
упасть 0.004494 0.0 0.0
условие 0.004494 1.560648 0.007014
успех 0.002247 2.207275 0.00496
устройство 0.002247 0.0 0.0
учёный 0.002247 1.966113 0.004418
фаза 0.002247 4.60517 0.010349
файл 0.002247 0.0 0.0
февраль 0.002247 3.912023 0.008791
флагманский 0.002247 0.0 0.0
флуоресценция 0.004494 4.60517 0.020697
фокусироваться 0.004494 4.60517 0.020697
фундаментальный 0.002247 0.0 0.0
характерный 0.004494 4.60517 0.020697
хит 0.002247 0.0 0.0
холодный 0.002247 4.60517 0.010349
частица 0.002247 2.525729 0.005676
частый 0.002247 4.60517 0.010349
человек 0.004494 0.0 0.0
шанс 0.002247 3.218876 0.007233
широта 0.004494 4.60517 0.020697
экспедиция 0.002247 3.912023 0.008791
экспорт 0.004494 0.0 0.0
эмбрион 0.002247 0.0 0.0
этот 0.002247 1.660731 0.003732
южный 0.002247 0.0 0.0
юпитер 0.004494 4.60517 0.020697
