авиалайнер 0.002801 0.0 0.0
австралия 0.002801 0.0 0.0
автоваз 0.005602 0.0 0.0
автомат 0.002801 0.0 0.0
автопроизводитель 0.002801 0.0 0.0
автор 0.008403 0.0 0.0
администрация 0.008403 0.0 0.0
адрес 0.005602 0.0 0.0
амбициозный 0.002801 3.912023 0.010958
америка 0.002801 0.0 0.0
американский 0.002801 2.65926 0.007449
аминокислота 0.002801 3.506558 0.009822
аналитик 0.002801 0.0 0.0
астронавткать 0.002801 3.506558 0.009822
аэронавтика 0.002801 4.60517 0.0129
белок 0.002801 0.0 0.0
белый 0.005602 3.912023 0.021916
биологический 0.005602 0.0 0.0
ближний 0.002801 0.0 0.0
блог 0.002801 0.0 0.0
будущее 0.002801 2.407946 0.006745
быстро 0.005602 0.0 0.0
быть 0.002801 0.0 0.0
бюджет 0.008403 2.65926 0.022347
вес 0.002801 0.0 0.0
весь 0.002801 0.0 0.0
видеокарта 0.002801 0.0 0.0
внедорожник 0.002801 0.0 0.0
возвращение 0.008403 3.912023 0.032874
войти 0.005602 0.0 0.0
вопрос 0.002801 1.660731 0.004652
восток 0.002801 0.0 0.0
время 0.005602 1.427116 0.007995
входить 0.002801 0.0 0.0
выделить 0.005602 0.0 0.0
выживание 0.002801 3.506558 0.009822
вызывать 0.002801 3.912023 0.010958
высадка 0.008403 3.912023 0.032874
выходить 0.002801 0.0 0.0
главный 0.002801 0.0 0.0
год 0.011204 0.0 0.0
грунт 0.002801 4.60517 0.0129
дальнейший 0.002801 4.60517 0.0129
данные 0.005602 0.0 0.0
двигатель 0.008403 0.0 0.0
декларировать 0.002801 4.60517 0.0129
деньга 0.002801 3.506558 0.009822
деятельность 0.005602 4.60517 0.025799
дизайн 0.005602 0.0 0.0
директор 0.005602 0.0 0.0
доллар 0.002801 0.0 0.0
дом 0.005602 0.0 0.0
доставить 0.002801 0.0 0.0
доставка 0.005602 3.218876 0.018033
достигать 0.002801 0.0 0.0
европа 0.002801 2.65926 0.007449
едва 0.005602 2.407946 0.01349
завершить 0.002801 0.0 0.0
зависеть 0.005602 3.912023 0.021916
заняться 0.002801 3.506558 0.009822
затронуть 0.002801 4.60517 0.0129
защита 0.002801 0.0 0.0
земля 0.008403 0.0 0.0
зонд 0.008403 0.0 0.0
игра 0.002801 0.0 0.0
изображение 0.005602 1.514128 0.008483
илона 0.005602 2.207275 0.012366
инновационный 0.005602 0.0 0.0
информация 0.002801 0.0 0.0
использование 0.002801 0.0 0.0
исследование 0.011204 0.0 0.0
источник 0.005602 0.0 0.0
календарь 0.005602 0.0 0.0
категория 0.002801 0.0 0.0
кг 0.005602 0.0 0.0
километр 0.002801 0.0 0.0
китай 0.005602 1.171183 0.006561
классический 0.002801 0.0 0.0
клон 0.005602 0.0 0.0
ключевой 0.002801 2.207275 0.006183
комментирование 0.002801 0.0 0.0
компания 0.005602 0.820981 0.004599
комфортный 0.005602 0.0 0.0
конгресс 0.002801 3.218876 0.009016
конференция 0.005602 0.0 0.0
корея 0.002801 0.0 0.0
корпус 0.002801 0.0 0.0
космический 0.008403 1.514128 0.012724
космонавтика 0.005602 4.60517 0.025799
космос 0.008403 0.0 0.0
который 0.005602 0.776529 0.00435
кроссовер 0.005602 0.0 0.0
кубический 0.002801 0.0 0.0
кук 0.002801 0.0 0.0
летать 0.005602 0.0 0.0
лист 0.002801 0.0 0.0
луна 0.002801 2.995732 0.008391
май 0.008403 0.0 0.0
маленький 0.002801 2.407946 0.006745
марк 0.002801 0.0 0.0
марс 0.005602 2.525729 0.01415
маска 0.005602 2.207275 0.012366
материал 0.002801 0.0 0.0
машина 0.002801 0.0 0.0
международный 0.002801 3.506558 0.009822
межпланетный 0.005602 0.0 0.0
менять 0.002801 0.0 0.0
миллион 0.002801 0.0 0.0
мир 0.002801 0.0 0.0
миссия 0.008403 1.89712 0.015942
млн 0.005602 1.108663 0.006211
млрд 0.005602 2.302585 0.0129
мобильный 0.002801 0.0 0.0
момент 0.005602 0.0 0.0
монитор 0.002801 0.0 0.0
мотобренд 0.002801 0.0 0.0
мотоцикл 0.002801 0.0 0.0
мочь 0.002801 0.0 0.0
нажать 0.002801 0.0 0.0
название 0.002801 0.0 0.0
назвать 0.002801 0.0 0.0
намерить 0.002801 3.912023 0.010958
направление 0.002801 3.506558 0.009822
наслать 0.002801 0.0 0.0
наука 0.005602 1.966113 0.011015
научный 0.002801 2.813411 0.007881
находиться 0.002801 3.912023 0.010958
национальный 0.002801 4.60517 0.0129
наш 0.005602 0.0 0.0
негативно 0.005602 4.60517 0.025799
несколько 0.005602 2.525729 0.01415
нить 0.005602 1.514128 0.008483
новость 0.002801 0.0 0.0
новый 0.008403 0.0 0.0
ноутбук 0.002801 0.0 0.0
нужный 0.002801 0.0 0.0
обзор 0.002801 0.0 0.0
обнаружить 0.005602 3.506558 0.019645
обработка 0.002801 0.0 0.0
образец 0.005602 0.0 0.0
объявить 0.002801 0.0 0.0
одноклассник 0.005602 0.0 0.0
опередить 0.002801 3.912023 0.010958
орбита 0.005602 0.0 0.0
органика 0.002801 3.506558 0.009822
отдать 0.002801 0.0 0.0
отечественный 0.002801 0.0 0.0
отказ 0.002801 0.0 0.0
отказаться 0.002801 0.0 0.0
отключить 0.002801 0.0 0.0
очень 0.005602 0.0 0.0
ошибка 0.002801 0.0 0.0
передний 0.002801 0.0 0.0
период 0.005602 0.0 0.0
периферия 0.005602 0.0 0.0
персональный 0.005602 0.0 0.0
перчатка 0.002801 3.506558 0.009822
пиар 0.005602 0.0 0.0
пилотировать 0.002801 3.912023 0.010958
план 0.002801 0.0 0.0
планироваться 0.002801 3.506558 0.009822
планшет 0.002801 0.0 0.0
платформа 0.005602 0.0 0.0
подвести 0.002801 0.0 0.0
поднять 0.002801 0.0 0.0
подробный 0.002801 0.0 0.0
подчёркивать 0.002801 3.912023 0.010958
поиск 0.005602 0.0 0.0
пока 0.005602 0.0 0.0
полезный 0.002801 0.0 0.0
политика 0.008403 0.0 0.0
полноприводный 0.002801 0.0 0.0
полёт 0.002801 0.0 0.0
попасть 0.002801 4.60517 0.0129
попробовать 0.005602 0.0 0.0
популярный 0.005602 0.0 0.0
посещать 0.005602 0.0 0.0
прайс 0.005602 0.0 0.0
практически 0.005602 2.995732 0.016783
предлагать 0.002801 2.120264 0.005939
предложить 0.002801 4.60517 0.0129
представить 0.005602 0.0 0.0
предусмотреть 0.002801 4.60517 0.0129
президент 0.002801 2.65926 0.007449
прибавка 0.005602 0.0 0.0
привод 0.002801 0.0 0.0
принтер 0.002801 0.0 0.0
приоритетность 0.005602 4.60517 0.025799
пробизнес 0.005602 0.0 0.0
проведение 0.002801 0.0 0.0
программа 0.005602 0.0 0.0
продавать 0.005602 0.0 0.0
продажа 0.002801 0.0 0.0
продолжать 0.002801 0.0 0.0
проект 0.011204 0.0 0.0
проектор 0.002801 0.0 0.0
пролить 0.005602 0.0 0.0
пространство 0.002801 2.995732 0.008391
процесс 0.002801 0.0 0.0
работа 0.002801 0.0 0.0
раскрыть 0.002801 2.995732 0.008391
расход 0.002801 2.207275 0.006183
реализация 0.002801 3.912023 0.010958
реальный 0.002801 0.0 0.0
результат 0.002801 0.0 0.0
реклама 0.005602 0.0 0.0
решать 0.002801 0.0 0.0
решение 0.002801 1.514128 0.004241
риск 0.002801 1.89712 0.005314
россия 0.002801 0.0 0.0
россиянин 0.002801 0.0 0.0
рубль 0.002801 0.0 0.0
рынок 0.005602 0.0 0.0
сайт 0.005602 0.0 0.0
самолёт 0.002801 0.0 0.0
самый 0.005602 0.0 0.0
сантиметр 0.002801 0.0 0.0
сбор 0.002801 0.0 0.0
свет 0.005602 0.0 0.0
связь 0.008403 0.0 0.0
сгенерировать 0.002801 2.65926 0.007449
сегодня 0.005602 0.0 0.0
секрет 0.005602 3.506558 0.019645
сервер 0.002801 0.0 0.0
сервис 0.002801 0.0 0.0
сертификация 0.002801 0.0 0.0
сеть 0.002801 0.0 0.0
сказаться 0.005602 4.60517 0.025799
скоро 0.005602 0.0 0.0
снова 0.005602 0.0 0.0
советский 0.005602 0.0 0.0
соглашаться 0.002801 0.0 0.0
сократить 0.005602 2.65926 0.014898
сокращение 0.008403 3.218876 0.027049
сорвать 0.002801 3.218876 0.009016
спасти 0.005602 0.0 0.0
среда 0.005602 0.0 0.0
ссылка 0.002801 0.0 0.0
станция 0.002801 2.407946 0.006745
стартовать 0.002801 0.0 0.0
статистика 0.005602 0.0 0.0
стать 0.002801 0.0 0.0
статья 0.002801 0.0 0.0
стоимость 0.005602 0.0 0.0
сторона 0.002801 2.407946 0.006745
судьба 0.005602 3.912023 0.021916
существенно 0.005602 3.506558 0.019645
тайконавт 0.002801 0.0 0.0
такой 0.002801 1.514128 0.004241
тасс 0.005602 3.506558 0.019645
тег 0.002801 0.0 0.0
текст 0.005602 0.0 0.0
технический 0.005602 0.0 0.0
топ 0.005602 0.0 0.0
тыс 0.005602 0.0 0.0
убрать 0.002801 0.0 0.0
увеличить 0.005602 3.912023 0.021916
угроза 0.002801 2.65926 0.007449
уменьшить 0.005602 4.60517 0.025799
упасть 0.005602 0.0 0.0
управление 0.002801 1.660731 0.004652
урезание 0.005602 4.60517 0.025799
устройство 0.002801 0.0 0.0
файл 0.002801 0.0 0.0
федеральный 0.002801 3.912023 0.010958
финансирование 0.008403 3.506558 0.029467
финансовый 0.008403 3.218876 0.027049
флагманский 0.002801 0.0 0.0
фундаментальный 0.002801 0.0 0.0
хит 0.002801 0.0 0.0
цена 0.002801 1.469676 0.004117
человек 0.005602 0.0 0.0
экспорт 0.005602 0.0 0.0
эмбрион 0.002801 0.0 0.0
энергия 0.002801 2.120264 0.005939
этот 0.002801 1.660731 0.004652
южный 0.002801 0.0 0.0
