авиалайнер 0.002985 0.0 0.0
австралия 0.002985 0.0 0.0
автоваз 0.00597 0.0 0.0
автомат 0.002985 0.0 0.0
автомобиль 0.008955 1.714798 0.015356
автополигон 0.002985 4.60517 0.013747
автопроизводитель 0.002985 0.0 0.0
автор 0.008955 0.0 0.0
администрация 0.002985 0.0 0.0
адрес 0.00597 0.0 0.0
америка 0.002985 0.0 0.0
аналитик 0.002985 0.0 0.0
апрель 0.002985 1.832581 0.00547
багажник 0.002985 3.912023 0.011678
белок 0.002985 0.0 0.0
биологический 0.00597 0.0 0.0
ближний 0.002985 0.0 0.0
блог 0.002985 0.0 0.0
быстро 0.00597 0.0 0.0
быть 0.002985 0.0 0.0
вариант 0.002985 2.995732 0.008942
вес 0.002985 0.0 0.0
весь 0.002985 0.0 0.0
видеокарта 0.002985 0.0 0.0
вмещать 0.002985 3.912023 0.011678
внедорожник 0.002985 0.0 0.0
войти 0.00597 0.0 0.0
восток 0.002985 0.0 0.0
входить 0.002985 0.0 0.0
выделить 0.002985 0.0 0.0
выпустить 0.002985 3.506558 0.010467
выходить 0.002985 0.0 0.0
главный 0.002985 0.0 0.0
год 0.002985 0.0 0.0
готовить 0.00597 4.60517 0.027494
готовый 0.00597 1.237874 0.00739
груз 0.00597 1.966113 0.011738
данные 0.00597 0.0 0.0
двигатель 0.008955 0.0 0.0
двигаться 0.002985 3.506558 0.010467
дело 0.00597 3.218876 0.019217
дизайн 0.00597 0.0 0.0
директор 0.00597 0.0 0.0
доллар 0.002985 0.0 0.0
дом 0.00597 0.0 0.0
доставить 0.002985 0.0 0.0
достигать 0.002985 0.0 0.0
завершить 0.00597 0.0 0.0
занимать 0.002985 3.912023 0.011678
запас 0.008955 2.120264 0.018987
заряд 0.00597 2.120264 0.012658
защита 0.002985 0.0 0.0
земля 0.00597 0.0 0.0
зонд 0.008955 0.0 0.0
игра 0.002985 0.0 0.0
илона 0.00597 2.207275 0.013178
инновационный 0.00597 0.0 0.0
инсайдер 0.00597 3.218876 0.019217
информация 0.002985 0.0 0.0
иск 0.002985 0.0 0.0
использование 0.002985 0.0 0.0
исследование 0.002985 0.0 0.0
источник 0.00597 0.0 0.0
календарь 0.00597 0.0 0.0
калифорния 0.002985 2.525729 0.007539
категория 0.002985 0.0 0.0
кг 0.00597 0.0 0.0
километр 0.002985 0.0 0.0
классический 0.002985 0.0 0.0
клон 0.00597 0.0 0.0
км 0.00597 1.309333 0.007817
количество 0.002985 2.813411 0.008398
комментирование 0.002985 0.0 0.0
комфортный 0.00597 0.0 0.0
контролировать 0.00597 3.506558 0.020935
конференция 0.00597 0.0 0.0
корея 0.002985 0.0 0.0
корпус 0.002985 0.0 0.0
космос 0.008955 0.0 0.0
кроссовер 0.00597 0.0 0.0
кубический 0.002985 0.0 0.0
кук 0.002985 0.0 0.0
легендарный 0.002985 3.506558 0.010467
летать 0.00597 0.0 0.0
лист 0.002985 0.0 0.0
литр 0.002985 2.207275 0.006589
май 0.008955 0.0 0.0
максимальный 0.002985 3.506558 0.010467
марк 0.002985 0.0 0.0
маска 0.00597 2.207275 0.013178
материал 0.002985 0.0 0.0
машина 0.008955 0.0 0.0
межпланетный 0.00597 0.0 0.0
менять 0.002985 0.0 0.0
миллион 0.002985 0.0 0.0
мир 0.002985 0.0 0.0
млн 0.00597 1.108663 0.006619
мобильный 0.002985 0.0 0.0
модель 0.008955 0.867501 0.007769
момент 0.00597 0.0 0.0
монитор 0.002985 0.0 0.0
мотобренд 0.002985 0.0 0.0
мотор 0.002985 2.207275 0.006589
мотоцикл 0.002985 0.0 0.0
мочь 0.002985 0.0 0.0
мощность 0.008955 1.560648 0.013976
нажать 0.002985 0.0 0.0
название 0.002985 0.0 0.0
назвать 0.002985 0.0 0.0
наслать 0.002985 0.0 0.0
наш 0.00597 0.0 0.0
недавно 0.00597 2.813411 0.016796
никак 0.00597 4.60517 0.027494
новость 0.002985 0.0 0.0
новый 0.008955 0.0 0.0
ноутбук 0.002985 0.0 0.0
нужный 0.002985 0.0 0.0
обзор 0.002985 0.0 0.0
обработка 0.002985 0.0 0.0
образец 0.002985 0.0 0.0
объявить 0.00597 0.0 0.0
объём 0.00597 2.302585 0.013747
один 0.002985 1.771957 0.005289
одноклассник 0.00597 0.0 0.0
опубликовать 0.002985 3.506558 0.010467
орбита 0.002985 0.0 0.0
отдать 0.002985 0.0 0.0
отечественный 0.002985 0.0 0.0
отказ 0.002985 0.0 0.0
отказаться 0.002985 0.0 0.0
отклонение 0.002985 3.506558 0.010467
отклонить 0.002985 3.506558 0.010467
отключить 0.002985 0.0 0.0
отсек 0.00597 4.60517 0.027494
очень 0.00597 0.0 0.0
ошибка 0.002985 0.0 0.0
паблик 0.002985 4.60517 0.013747
панель 0.00597 2.995732 0.017885
партия 0.00597 4.60517 0.027494
пассажирский 0.002985 4.60517 0.013747
первый 0.002985 2.120264 0.006329
передний 0.002985 0.0 0.0
период 0.00597 0.0 0.0
периферия 0.00597 0.0 0.0
персональный 0.00597 0.0 0.0
пиар 0.00597 0.0 0.0
пиковый 0.002985 4.60517 0.013747
планшет 0.002985 0.0 0.0
платформа 0.00597 0.0 0.0
подвести 0.002985 0.0 0.0
поднять 0.002985 0.0 0.0
подробный 0.002985 0.0 0.0
подтвердить 0.002985 3.506558 0.010467
позволять 0.002985 4.60517 0.013747
поиск 0.00597 0.0 0.0
пока 0.00597 0.0 0.0
полезный 0.002985 0.0 0.0
политика 0.008955 0.0 0.0
полноприводный 0.002985 0.0 0.0
полный 0.002985 2.65926 0.007938
полёт 0.002985 0.0 0.0
попробовать 0.00597 0.0 0.0
популярный 0.00597 0.0 0.0
пора 0.002985 0.0 0.0
посещать 0.00597 0.0 0.0
поступить 0.002985 3.912023 0.011678
прайс 0.00597 0.0 0.0
представить 0.002985 0.0 0.0
предусмотреть 0.002985 3.912023 0.011678
прибавка 0.00597 0.0 0.0
прибор 0.002985 3.218876 0.009609
привод 0.002985 0.0 0.0
принтер 0.002985 0.0 0.0
пробизнес 0.00597 0.0 0.0
проведение 0.002985 0.0 0.0
программа 0.002985 0.0 0.0
продавать 0.00597 0.0 0.0
продажа 0.008955 0.0 0.0
продолжать 0.00597 0.0 0.0
проезжать 0.002985 4.60517 0.013747
проект 0.00597 0.0 0.0
проектор 0.002985 0.0 0.0
производство 0.002985 1.832581 0.00547
пролить 0.00597 0.0 0.0
прохождение 0.002985 3.506558 0.010467
процесс 0.002985 0.0 0.0
прошлое 0.002985 2.995732 0.008942
работа 0.002985 0.0 0.0
равный 0.002985 4.60517 0.013747
разгон 0.008955 2.525729 0.022618
ранее 0.00597 1.771957 0.010579
реальный 0.002985 0.0 0.0
результат 0.002985 0.0 0.0
реклама 0.00597 0.0 0.0
решать 0.002985 0.0 0.0
россия 0.002985 0.0 0.0
россиянин 0.002985 0.0 0.0
рубль 0.002985 0.0 0.0
русский 0.00597 4.60517 0.027494
рынок 0.00597 0.0 0.0
сайт 0.00597 0.0 0.0
самолёт 0.002985 0.0 0.0
самый 0.00597 0.0 0.0
сантиметр 0.002985 0.0 0.0
сбор 0.002985 0.0 0.0
свет 0.00597 0.0 0.0
связь 0.008955 0.0 0.0
сегодня 0.00597 0.0 0.0
сей 0.002985 1.272966 0.0038
секунда 0.002985 2.120264 0.006329
сентябрь 0.002985 3.912023 0.011678
сервер 0.002985 0.0 0.0
сервис 0.002985 0.0 0.0
серийный 0.002985 4.60517 0.013747
сертификация 0.002985 0.0 0.0
сеть 0.002985 0.0 0.0
система 0.002985 0.941609 0.002811
скоро 0.00597 0.0 0.0
скорость 0.00597 2.302585 0.013747
снова 0.00597 0.0 0.0
советский 0.00597 0.0 0.0
соглашаться 0.002985 0.0 0.0
сообщаться 0.002985 3.912023 0.011678
сообщить 0.002985 2.525729 0.007539
сосновка 0.002985 4.60517 0.013747
составить 0.002985 3.506558 0.010467
составлять 0.002985 2.407946 0.007188
спасти 0.00597 0.0 0.0
среда 0.00597 0.0 0.0
ссылка 0.002985 0.0 0.0
старт 0.00597 0.0 0.0
стартовать 0.002985 0.0 0.0
статистика 0.00597 0.0 0.0
стать 0.002985 0.0 0.0
статья 0.002985 0.0 0.0
стоимость 0.00597 0.0 0.0
суд 0.002985 1.89712 0.005663
судья 0.00597 3.506558 0.020935
тайконавт 0.002985 0.0 0.0
тег 0.002985 0.0 0.0
текст 0.00597 0.0 0.0
тест 0.002985 1.171183 0.003496
технический 0.00597 0.0 0.0
топ 0.00597 0.0 0.0
тыс 0.00597 0.0 0.0
убрать 0.002985 0.0 0.0
уйти 0.002985 3.218876 0.009609
универсал 0.002985 2.207275 0.006589
упасть 0.00597 0.0 0.0
уровень 0.00597 3.506558 0.020935
устройство 0.002985 0.0 0.0
файл 0.002985 0.0 0.0
флагманский 0.002985 0.0 0.0
формально 0.00597 3.912023 0.023355
фундаментальный 0.002985 0.0 0.0
фургон 0.008955 4.60517 0.04124
хит 0.002985 0.0 0.0
ход 0.002985 0.0 0.0
ходатайство 0.00597 3.506558 0.020935
цена 0.00597 1.714798 0.010238
цифровой 0.002985 2.995732 0.008942
человек 0.002985 0.0 0.0
экспорт 0.00597 0.0 0.0
электрический 0.002985 2.995732 0.008942
электромобиль 0.002985 3.506558 0.010467
эмбрион 0.002985 0.0 0.0
эра 0.002985 2.525729 0.007539
южный 0.002985 0.0 0.0
