авиалайнер 0.002976 0.0 0.0
австралия 0.002976 0.0 0.0
автоваз 0.005952 0.0 0.0
автомат 0.002976 0.0 0.0
автопроизводитель 0.002976 0.0 0.0
автор 0.008929 0.0 0.0
администрация 0.002976 0.0 0.0
адрес 0.005952 0.0 0.0
америка 0.002976 0.0 0.0
аналитик 0.002976 0.0 0.0
аппарат 0.002976 1.660731 0.004943
астероид 0.008929 2.995732 0.026748
белок 0.002976 0.0 0.0
биологический 0.005952 0.0 0.0
бить 0.002976 2.302585 0.006853
ближний 0.002976 0.0 0.0
блог 0.002976 0.0 0.0
быстро 0.005952 0.0 0.0
быть 0.002976 0.0 0.0
вариант 0.002976 2.995732 0.008916
вес 0.002976 0.0 0.0
весь 0.002976 0.0 0.0
видеокарта 0.002976 0.0 0.0
внедорожник 0.002976 0.0 0.0
внимательно 0.005952 4.60517 0.027412
возможный 0.002976 3.912023 0.011643
возникнуть 0.002976 4.60517 0.013706
войти 0.005952 0.0 0.0
восток 0.002976 0.0 0.0
время 0.005952 1.427116 0.008495
входить 0.002976 0.0 0.0
выделить 0.002976 0.0 0.0
выключить 0.002976 4.60517 0.013706
выходить 0.002976 0.0 0.0
выяснение 0.002976 4.60517 0.013706
главный 0.002976 0.0 0.0
год 0.002976 0.0 0.0
гравитация 0.002976 3.912023 0.011643
давление 0.002976 3.506558 0.010436
данные 0.005952 0.0 0.0
дать 0.005952 1.832581 0.010908
двигатель 0.011905 0.0 0.0
действие 0.002976 2.207275 0.006569
диагностика 0.002976 4.60517 0.013706
дизайн 0.005952 0.0 0.0
директор 0.005952 0.0 0.0
доллар 0.002976 0.0 0.0
дом 0.005952 0.0 0.0
доставить 0.002976 0.0 0.0
достигать 0.002976 0.0 0.0
достигнуть 0.002976 4.60517 0.013706
завершить 0.002976 0.0 0.0
защита 0.002976 0.0 0.0
земля 0.005952 0.0 0.0
зонд 0.008929 0.0 0.0
игра 0.002976 0.0 0.0
изучение 0.008929 2.995732 0.026748
инновационный 0.008929 0.0 0.0
инструмент 0.002976 1.89712 0.005646
интерес 0.005952 2.407946 0.014333
информация 0.005952 0.0 0.0
использование 0.002976 0.0 0.0
использовать 0.002976 2.407946 0.007167
испытать 0.002976 3.912023 0.011643
исследование 0.002976 0.0 0.0
источник 0.005952 0.0 0.0
июнь 0.002976 2.995732 0.008916
календарь 0.005952 0.0 0.0
категория 0.002976 0.0 0.0
кг 0.005952 0.0 0.0
километр 0.002976 0.0 0.0
классический 0.002976 0.0 0.0
клон 0.005952 0.0 0.0
комментирование 0.002976 0.0 0.0
комфортный 0.005952 0.0 0.0
конференция 0.005952 0.0 0.0
корея 0.002976 0.0 0.0
корпус 0.002976 0.0 0.0
космический 0.002976 1.771957 0.005274
космос 0.008929 0.0 0.0
кроссовер 0.005952 0.0 0.0
кубический 0.002976 0.0 0.0
кук 0.002976 0.0 0.0
летать 0.005952 0.0 0.0
летопись 0.005952 4.60517 0.027412
лист 0.002976 0.0 0.0
магнитный 0.002976 4.60517 0.013706
май 0.008929 0.0 0.0
марк 0.002976 0.0 0.0
материал 0.002976 0.0 0.0
машина 0.002976 0.0 0.0
межпланетный 0.008929 0.0 0.0
менять 0.002976 0.0 0.0
миллион 0.002976 0.0 0.0
минимум 0.005952 2.65926 0.015829
мир 0.002976 0.0 0.0
миссия 0.002976 1.386294 0.004126
мобильный 0.002976 0.0 0.0
момент 0.005952 0.0 0.0
монитор 0.002976 0.0 0.0
мотобренд 0.002976 0.0 0.0
мотоцикл 0.002976 0.0 0.0
мочь 0.002976 0.0 0.0
нажать 0.002976 0.0 0.0
название 0.002976 0.0 0.0
назвать 0.002976 0.0 0.0
наслать 0.002976 0.0 0.0
наука 0.005952 1.966113 0.011703
научный 0.005952 3.912023 0.023286
находиться 0.002976 4.60517 0.013706
наш 0.005952 0.0 0.0
неполадка 0.005952 3.218876 0.01916
новость 0.002976 0.0 0.0
новый 0.008929 0.0 0.0
ноутбук 0.002976 0.0 0.0
нужный 0.002976 0.0 0.0
обзор 0.002976 0.0 0.0
обработка 0.002976 0.0 0.0
образец 0.002976 0.0 0.0
объявить 0.002976 0.0 0.0
огромный 0.005952 4.60517 0.027412
одноклассник 0.005952 0.0 0.0
опасение 0.002976 3.912023 0.011643
орбита 0.002976 0.0 0.0
оснастить 0.002976 2.120264 0.00631
основать 0.002976 4.60517 0.013706
особенно 0.005952 1.609438 0.00958
оставаться 0.005952 4.60517 0.027412
отдать 0.002976 0.0 0.0
отечественный 0.002976 0.0 0.0
отказ 0.002976 0.0 0.0
отказаться 0.002976 0.0 0.0
отключить 0.008929 0.0 0.0
очень 0.005952 0.0 0.0
ошибка 0.002976 0.0 0.0
первый 0.005952 2.65926 0.015829
передний 0.002976 0.0 0.0
период 0.008929 0.0 0.0
периферия 0.005952 0.0 0.0
персональный 0.005952 0.0 0.0
пиар 0.005952 0.0 0.0
план 0.002976 0.0 0.0
планета 0.002976 0.0 0.0
планшет 0.002976 0.0 0.0
платформа 0.005952 0.0 0.0
подвести 0.002976 0.0 0.0
поднять 0.002976 0.0 0.0
подробный 0.002976 0.0 0.0
поиск 0.008929 0.0 0.0
пока 0.005952 0.0 0.0
поле 0.002976 0.0 0.0
полезный 0.002976 0.0 0.0
политика 0.008929 0.0 0.0
полноприводный 0.002976 0.0 0.0
полёт 0.005952 0.0 0.0
попробовать 0.005952 0.0 0.0
популярный 0.005952 0.0 0.0
посещать 0.005952 0.0 0.0
прайс 0.005952 0.0 0.0
представить 0.002976 0.0 0.0
представлять 0.002976 2.813411 0.008373
прибавка 0.005952 0.0 0.0
привод 0.002976 0.0 0.0
принтер 0.002976 0.0 0.0
принять 0.002976 4.60517 0.013706
причина 0.002976 0.0 0.0
пробизнес 0.005952 0.0 0.0
проблема 0.002976 2.995732 0.008916
проведение 0.002976 0.0 0.0
программа 0.002976 0.0 0.0
продавать 0.005952 0.0 0.0
продажа 0.002976 0.0 0.0
продолжать 0.002976 0.0 0.0
проект 0.005952 0.0 0.0
проектор 0.002976 0.0 0.0
пролить 0.005952 0.0 0.0
протопланета 0.002976 3.912023 0.011643
процесс 0.002976 0.0 0.0
психея 0.005952 4.60517 0.027412
работа 0.002976 0.0 0.0
работать 0.002976 1.966113 0.005852
разработка 0.002976 2.207275 0.006569
расстояние 0.002976 2.65926 0.007914
реальный 0.002976 0.0 0.0
результат 0.002976 0.0 0.0
реклама 0.005952 0.0 0.0
решать 0.002976 0.0 0.0
решение 0.008929 1.514128 0.013519
риск 0.002976 1.89712 0.005646
россия 0.002976 0.0 0.0
россиянин 0.002976 0.0 0.0
рубль 0.002976 0.0 0.0
рынок 0.005952 0.0 0.0
сайт 0.005952 0.0 0.0
самолёт 0.002976 0.0 0.0
самый 0.005952 0.0 0.0
сантиметр 0.002976 0.0 0.0
сбор 0.002976 0.0 0.0
свет 0.005952 0.0 0.0
связь 0.008929 0.0 0.0
сделать 0.002976 3.506558 0.010436
сегодня 0.005952 0.0 0.0
сервер 0.002976 0.0 0.0
сервис 0.002976 0.0 0.0
середина 0.002976 3.912023 0.011643
сертификация 0.002976 0.0 0.0
серьёзный 0.002976 4.60517 0.013706
сеть 0.002976 0.0 0.0
система 0.005952 0.891598 0.005307
ситуация 0.005952 2.813411 0.016746
скоро 0.005952 0.0 0.0
следить 0.002976 4.60517 0.013706
случай 0.005952 2.995732 0.017832
снижение 0.005952 3.506558 0.020872
снова 0.005952 0.0 0.0
советский 0.005952 0.0 0.0
соглашаться 0.002976 0.0 0.0
солнечный 0.002976 2.995732 0.008916
состав 0.002976 1.469676 0.004374
спасти 0.005952 0.0 0.0
специалист 0.002976 2.813411 0.008373
среда 0.005952 0.0 0.0
срыв 0.002976 4.60517 0.013706
ссылка 0.002976 0.0 0.0
стартовать 0.002976 0.0 0.0
статистика 0.005952 0.0 0.0
стать 0.002976 0.0 0.0
статья 0.002976 0.0 0.0
стоимость 0.005952 0.0 0.0
столкнуться 0.002976 4.60517 0.013706
считаться 0.002976 3.912023 0.011643
тайконавт 0.002976 0.0 0.0
такой 0.002976 2.302585 0.006853
тег 0.002976 0.0 0.0
текст 0.005952 0.0 0.0
технический 0.005952 0.0 0.0
течение 0.005952 2.813411 0.016746
тип 0.002976 1.771957 0.005274
топ 0.005952 0.0 0.0
топливо 0.002976 2.65926 0.007914
тревога 0.002976 3.218876 0.00958
тыс 0.005952 0.0 0.0
убрать 0.002976 0.0 0.0
удаться 0.002976 3.506558 0.010436
упасть 0.005952 0.0 0.0
управление 0.002976 1.660731 0.004943
установка 0.002976 2.65926 0.007914
устранение 0.002976 3.912023 0.011643
устранить 0.005952 3.912023 0.023286
устройство 0.002976 0.0 0.0
утверждать 0.002976 4.60517 0.013706
файл 0.002976 0.0 0.0
флагманский 0.002976 0.0 0.0
формирование 0.002976 3.912023 0.011643
фундаментальный 0.002976 0.0 0.0
хит 0.002976 0.0 0.0
холл 0.002976 4.60517 0.013706
ценный 0.002976 4.60517 0.013706
центр 0.005952 1.714798 0.010207
человек 0.002976 0.0 0.0
экспорт 0.005952 0.0 0.0
эмбрион 0.002976 0.0 0.0
эра 0.002976 4.60517 0.013706
эффект 0.002976 1.609438 0.00479
южный 0.002976 0.0 0.0
ядро 0.002976 3.218876 0.00958
