аварийный 0.002427 3.506558 0.008511
авиалайнер 0.002427 0.0 0.0
австралия 0.002427 0.0 0.0
автоваз 0.004854 0.0 0.0
автомат 0.002427 0.0 0.0
автопроизводитель 0.002427 0.0 0.0
автор 0.007282 0.0 0.0
адаптивный 0.002427 4.60517 0.011178
администрация 0.002427 0.0 0.0
адрес 0.004854 0.0 0.0
америка 0.002427 0.0 0.0
американский 0.002427 2.302585 0.005589
аминокислота 0.002427 3.506558 0.008511
аналитик 0.002427 0.0 0.0
аппарат 0.002427 1.660731 0.004031
безопасность 0.004854 2.525729 0.012261
белок 0.002427 0.0 0.0
биологический 0.004854 0.0 0.0
ближний 0.002427 0.0 0.0
близкий 0.002427 2.813411 0.006829
блог 0.002427 0.0 0.0
быстро 0.004854 0.0 0.0
быть 0.002427 0.0 0.0
важный 0.002427 2.995732 0.007271
вес 0.002427 0.0 0.0
весь 0.002427 0.0 0.0
видеокарта 0.002427 0.0 0.0
внедорожник 0.002427 0.0 0.0
внимание 0.004854 2.65926 0.012909
войти 0.004854 0.0 0.0
восток 0.002427 0.0 0.0
входить 0.002427 0.0 0.0
выведение 0.004854 4.60517 0.022355
вывести 0.004854 3.506558 0.017022
выделить 0.002427 0.0 0.0
выдерживать 0.002427 3.218876 0.007813
выживание 0.002427 3.506558 0.008511
выполнить 0.002427 4.60517 0.011178
выходить 0.002427 0.0 0.0
гиперзвуковой 0.002427 2.995732 0.007271
главный 0.002427 0.0 0.0
глобальный 0.002427 2.65926 0.006455
год 0.007282 0.0 0.0
гонка 0.002427 2.407946 0.005845
группировка 0.004854 4.60517 0.022355
данные 0.004854 0.0 0.0
двигатель 0.007282 0.0 0.0
десяток 0.002427 3.912023 0.009495
дизайн 0.004854 0.0 0.0
директор 0.004854 0.0 0.0
доллар 0.002427 0.0 0.0
дом 0.004854 0.0 0.0
дорогостоящий 0.002427 4.60517 0.011178
доставить 0.002427 0.0 0.0
достигать 0.002427 0.0 0.0
другой 0.004854 1.272966 0.006179
европа 0.002427 2.65926 0.006455
завершение 0.002427 2.813411 0.006829
завершить 0.002427 0.0 0.0
запуск 0.012136 1.272966 0.015449
защита 0.002427 0.0 0.0
земля 0.004854 0.0 0.0
зонд 0.007282 0.0 0.0
игра 0.002427 0.0 0.0
игрок 0.002427 3.506558 0.008511
иметь 0.002427 3.912023 0.009495
инновационный 0.004854 0.0 0.0
интернет 0.007282 2.65926 0.019364
информация 0.002427 0.0 0.0
использование 0.007282 0.0 0.0
исследование 0.007282 0.0 0.0
история 0.002427 3.912023 0.009495
источник 0.004854 0.0 0.0
каждый 0.002427 2.407946 0.005845
календарь 0.004854 0.0 0.0
канал 0.002427 3.218876 0.007813
категория 0.002427 0.0 0.0
кг 0.004854 0.0 0.0
километр 0.002427 0.0 0.0
классический 0.002427 0.0 0.0
клон 0.004854 0.0 0.0
ключевой 0.002427 2.525729 0.00613
комментирование 0.002427 0.0 0.0
компания 0.007282 0.71335 0.005194
комфортный 0.004854 0.0 0.0
конкурировать 0.002427 3.506558 0.008511
контракт 0.004854 3.506558 0.017022
конференция 0.004854 0.0 0.0
корабль 0.002427 2.407946 0.005845
корея 0.002427 0.0 0.0
корпус 0.002427 0.0 0.0
космический 0.009709 1.309333 0.012712
космопуховик 0.004854 3.506558 0.017022
космос 0.007282 0.0 0.0
кроссовер 0.004854 0.0 0.0
кубический 0.002427 0.0 0.0
кук 0.002427 0.0 0.0
летать 0.004854 0.0 0.0
летний 0.004854 4.60517 0.022355
лист 0.002427 0.0 0.0
лицензия 0.002427 3.506558 0.008511
май 0.007282 0.0 0.0
марк 0.002427 0.0 0.0
материал 0.002427 0.0 0.0
машина 0.002427 0.0 0.0
межпланетный 0.004854 0.0 0.0
менять 0.002427 0.0 0.0
механизм 0.004854 3.506558 0.017022
миллион 0.002427 0.0 0.0
мир 0.002427 0.0 0.0
миссия 0.002427 1.386294 0.003365
мобильный 0.002427 0.0 0.0
модульный 0.002427 4.60517 0.011178
момент 0.004854 0.0 0.0
монитор 0.002427 0.0 0.0
мотобренд 0.002427 0.0 0.0
мотоцикл 0.002427 0.0 0.0
мочь 0.002427 0.0 0.0
нагрузка 0.002427 2.65926 0.006455
надёжность 0.004854 2.813411 0.013657
нажать 0.002427 0.0 0.0
название 0.002427 0.0 0.0
назвать 0.002427 0.0 0.0
найти 0.004854 3.912023 0.01899
направить 0.002427 2.302585 0.005589
наслать 0.002427 0.0 0.0
наш 0.004854 0.0 0.0
низкий 0.004854 2.813411 0.013657
новость 0.002427 0.0 0.0
новый 0.009709 0.0 0.0
ноутбук 0.002427 0.0 0.0
нужный 0.002427 0.0 0.0
обеспечение 0.004854 4.60517 0.022355
обеспечить 0.004854 2.65926 0.012909
обзор 0.002427 0.0 0.0
область 0.002427 2.120264 0.005146
обнаружить 0.004854 3.506558 0.017022
обработка 0.002427 0.0 0.0
образец 0.002427 0.0 0.0
обтекатель 0.002427 4.60517 0.011178
обшивка 0.002427 3.506558 0.008511
объявить 0.002427 0.0 0.0
одноклассник 0.004854 0.0 0.0
околоземный 0.004854 3.218876 0.015626
опыт 0.004854 2.207275 0.010715
орбита 0.012136 0.0 0.0
органика 0.002427 3.506558 0.008511
основа 0.002427 1.514128 0.003675
остаться 0.002427 4.60517 0.011178
отдать 0.002427 0.0 0.0
отделение 0.002427 4.60517 0.011178
отечественный 0.002427 0.0 0.0
отказ 0.002427 0.0 0.0
отказаться 0.002427 0.0 0.0
отключить 0.002427 0.0 0.0
отмечать 0.002427 2.65926 0.006455
отрасль 0.002427 2.65926 0.006455
официальный 0.002427 3.506558 0.008511
очень 0.004854 0.0 0.0
ошибка 0.007282 0.0 0.0
первый 0.004854 1.966113 0.009544
передача 0.002427 3.506558 0.008511
передний 0.002427 0.0 0.0
период 0.004854 0.0 0.0
периферия 0.004854 0.0 0.0
персональный 0.004854 0.0 0.0
пиар 0.004854 0.0 0.0
планировать 0.002427 1.714798 0.004162
планшет 0.002427 0.0 0.0
платформа 0.004854 0.0 0.0
подвести 0.002427 0.0 0.0
поддержать 0.004854 4.60517 0.022355
поднять 0.002427 0.0 0.0
подробный 0.002427 0.0 0.0
подрыв 0.002427 4.60517 0.011178
подтвердить 0.002427 2.407946 0.005845
поиск 0.004854 0.0 0.0
пока 0.004854 0.0 0.0
полезный 0.002427 0.0 0.0
политика 0.007282 0.0 0.0
полноприводный 0.002427 0.0 0.0
половина 0.002427 4.60517 0.011178
полёт 0.004854 0.0 0.0
помочь 0.002427 3.912023 0.009495
помощь 0.002427 2.120264 0.005146
попробовать 0.004854 0.0 0.0
популярный 0.004854 0.0 0.0
посещать 0.004854 0.0 0.0
последний 0.002427 2.65926 0.006455
потеря 0.002427 2.995732 0.007271
потеть 0.002427 3.506558 0.008511
потребовать 0.002427 3.506558 0.008511
прайс 0.004854 0.0 0.0
предоставить 0.002427 3.506558 0.008511
представить 0.002427 0.0 0.0
предстоять 0.002427 3.506558 0.008511
прибавка 0.004854 0.0 0.0
привести 0.004854 3.506558 0.017022
привлечь 0.002427 3.912023 0.009495
привод 0.002427 0.0 0.0
принтер 0.002427 0.0 0.0
пробизнес 0.004854 0.0 0.0
проведение 0.002427 0.0 0.0
проверить 0.002427 3.912023 0.009495
программа 0.002427 0.0 0.0
продавать 0.004854 0.0 0.0
продажа 0.002427 0.0 0.0
продолжать 0.002427 0.0 0.0
проект 0.012136 0.0 0.0
проектор 0.002427 0.0 0.0
пролить 0.004854 0.0 0.0
процесс 0.002427 0.0 0.0
работа 0.004854 0.0 0.0
развернуть 0.004854 4.60517 0.022355
развёртывание 0.009709 3.218876 0.031251
разделение 0.002427 3.218876 0.007813
разный 0.002427 2.995732 0.007271
разработать 0.004854 2.302585 0.011178
разработка 0.002427 2.207275 0.005357
ракета 0.009709 1.560648 0.015152
раскрыть 0.002427 2.995732 0.007271
расти 0.002427 2.813411 0.006829
расширить 0.002427 3.218876 0.007813
реальный 0.002427 0.0 0.0
регион 0.002427 2.995732 0.007271
результат 0.002427 0.0 0.0
реклама 0.004854 0.0 0.0
решать 0.002427 0.0 0.0
решение 0.004854 1.386294 0.00673
риск 0.002427 1.89712 0.004605
роль 0.004854 1.89712 0.009209
россия 0.002427 0.0 0.0
россиянин 0.002427 0.0 0.0
рубль 0.002427 0.0 0.0
рывок 0.004854 3.218876 0.015626
рынок 0.007282 0.0 0.0
сайт 0.004854 0.0 0.0
самолёт 0.002427 0.0 0.0
самый 0.004854 0.0 0.0
сантиметр 0.002427 0.0 0.0
сбор 0.002427 0.0 0.0
свет 0.004854 0.0 0.0
связь 0.007282 0.0 0.0
сегодня 0.004854 0.0 0.0
секрет 0.004854 3.506558 0.017022
сервер 0.002427 0.0 0.0
сервис 0.002427 0.0 0.0
сертификация 0.002427 0.0 0.0
сеть 0.004854 0.0 0.0
сигнал 0.002427 2.207275 0.005357
система 0.014563 0.653926 0.009523
скоро 0.004854 0.0 0.0
снижать 0.002427 2.302585 0.005589
снова 0.004854 0.0 0.0
советский 0.004854 0.0 0.0
соглашаться 0.002427 0.0 0.0
спасти 0.004854 0.0 0.0
спрос 0.004854 2.525729 0.012261
спутник 0.004854 2.120264 0.010293
спутниковый 0.002427 4.60517 0.011178
среда 0.004854 0.0 0.0
срок 0.002427 2.207275 0.005357
ссылка 0.002427 0.0 0.0
стартовать 0.002427 0.0 0.0
статистика 0.004854 0.0 0.0
стать 0.002427 0.0 0.0
статья 0.002427 0.0 0.0
стоимость 0.004854 0.0 0.0
ступень 0.002427 2.813411 0.006829
сыграть 0.002427 4.60517 0.011178
тайконавт 0.002427 0.0 0.0
такой 0.002427 1.714798 0.004162
тег 0.002427 0.0 0.0
текст 0.004854 0.0 0.0
технический 0.004854 0.0 0.0
технология 0.004854 1.427116 0.006928
тип 0.002427 1.771957 0.004301
топ 0.004854 0.0 0.0
точный 0.004854 2.813411 0.013657
тыс 0.004854 0.0 0.0
убрать 0.002427 0.0 0.0
увеличение 0.002427 3.506558 0.008511
узел 0.002427 4.60517 0.011178
укреплять 0.002427 3.912023 0.009495
уложиться 0.004854 4.60517 0.022355
упасть 0.004854 0.0 0.0
управление 0.002427 1.660731 0.004031
условие 0.002427 1.771957 0.004301
успех 0.004854 2.207275 0.010715
успешный 0.002427 3.912023 0.009495
устройство 0.002427 0.0 0.0
учёный 0.002427 1.89712 0.004605
файл 0.002427 0.0 0.0
флагманский 0.002427 0.0 0.0
фундаментальный 0.002427 0.0 0.0
хит 0.002427 0.0 0.0
человек 0.002427 0.0 0.0
число 0.002427 3.506558 0.008511
шаг 0.002427 2.525729 0.00613
штатный 0.002427 4.60517 0.011178
эксперт 0.002427 2.65926 0.006455
экспорт 0.004854 0.0 0.0
электронный 0.002427 3.912023 0.009495
эмбрион 0.002427 0.0 0.0
энергетический 0.002427 2.995732 0.007271
этап 0.002427 2.207275 0.005357
южный 0.002427 0.0 0.0
