авиалайнер 0.003215 0.0 0.0
австралия 0.003215 0.0 0.0
автоваз 0.006431 0.0 0.0
автомат 0.003215 0.0 0.0
автопроизводитель 0.003215 0.0 0.0
автор 0.009646 0.0 0.0
администрация 0.003215 0.0 0.0
адрес 0.006431 0.0 0.0
альтман 0.003215 3.506558 0.011275
америка 0.003215 0.0 0.0
аналитик 0.003215 0.0 0.0
белок 0.003215 0.0 0.0
биологический 0.006431 0.0 0.0
ближний 0.003215 0.0 0.0
блог 0.003215 0.0 0.0
быстро 0.006431 0.0 0.0
быть 0.003215 0.0 0.0
вес 0.003215 0.0 0.0
вести 0.003215 1.89712 0.0061
весь 0.003215 0.0 0.0
видеокарта 0.003215 0.0 0.0
внедорожник 0.003215 0.0 0.0
внутренний 0.003215 4.60517 0.014808
войти 0.006431 0.0 0.0
восток 0.003215 0.0 0.0
время 0.003215 1.139434 0.003664
входить 0.003215 0.0 0.0
выделить 0.003215 0.0 0.0
выходить 0.003215 0.0 0.0
глава 0.003215 2.65926 0.008551
главный 0.003215 0.0 0.0
глобальный 0.003215 2.65926 0.008551
год 0.006431 0.0 0.0
данные 0.006431 0.0 0.0
двигатель 0.009646 0.0 0.0
дизайн 0.006431 0.0 0.0
директор 0.006431 0.0 0.0
доллар 0.003215 0.0 0.0
дом 0.006431 0.0 0.0
доставить 0.003215 0.0 0.0
достигать 0.003215 0.0 0.0
доступный 0.003215 2.65926 0.008551
завершить 0.003215 0.0 0.0
зависимость 0.006431 2.995732 0.019265
замена 0.003215 2.040221 0.00656
запретить 0.003215 3.506558 0.011275
запустить 0.003215 2.995732 0.009633
защита 0.003215 0.0 0.0
земля 0.006431 0.0 0.0
зонд 0.009646 0.0 0.0
игра 0.003215 0.0 0.0
известно 0.006431 3.218876 0.0207
изображение 0.006431 1.514128 0.009737
илона 0.006431 2.207275 0.014195
инновационный 0.006431 0.0 0.0
инструмент 0.003215 1.89712 0.0061
интегрировать 0.006431 2.813411 0.018093
интеллект 0.003215 1.966113 0.006322
информация 0.003215 0.0 0.0
искусственный 0.003215 2.407946 0.007743
использование 0.003215 0.0 0.0
исследование 0.003215 0.0 0.0
источник 0.006431 0.0 0.0
календарь 0.006431 0.0 0.0
категория 0.003215 0.0 0.0
качество 0.003215 2.407946 0.007743
кг 0.006431 0.0 0.0
километр 0.003215 0.0 0.0
классический 0.003215 0.0 0.0
клиент 0.003215 2.813411 0.009046
клон 0.006431 0.0 0.0
команда 0.003215 2.120264 0.006818
комментирование 0.003215 0.0 0.0
компания 0.003215 0.71335 0.002294
комфортный 0.006431 0.0 0.0
конференция 0.006431 0.0 0.0
конфликт 0.006431 3.506558 0.02255
корея 0.003215 0.0 0.0
корпус 0.003215 0.0 0.0
космос 0.009646 0.0 0.0
который 0.006431 1.386294 0.008915
кроссовер 0.006431 0.0 0.0
кубический 0.003215 0.0 0.0
кук 0.003215 0.0 0.0
летать 0.006431 0.0 0.0
лист 0.003215 0.0 0.0
май 0.009646 0.0 0.0
марк 0.003215 0.0 0.0
маска 0.006431 2.207275 0.014195
материал 0.003215 0.0 0.0
машина 0.003215 0.0 0.0
межпланетный 0.006431 0.0 0.0
менять 0.003215 0.0 0.0
миллион 0.003215 0.0 0.0
мир 0.003215 0.0 0.0
миссия 0.003215 1.89712 0.0061
млн 0.006431 1.108663 0.00713
мобильный 0.003215 0.0 0.0
модель 0.009646 0.867501 0.008368
момент 0.006431 0.0 0.0
монитор 0.003215 0.0 0.0
мотобренд 0.003215 0.0 0.0
мотоцикл 0.003215 0.0 0.0
мочь 0.003215 0.0 0.0
нажать 0.003215 0.0 0.0
название 0.003215 0.0 0.0
назвать 0.003215 0.0 0.0
напряжённость 0.006431 4.60517 0.029615
наслать 0.003215 0.0 0.0
начало 0.003215 1.89712 0.0061
наш 0.006431 0.0 0.0
нашуметь 0.003215 3.218876 0.01035
неделя 0.003215 2.995732 0.009633
новость 0.003215 0.0 0.0
новый 0.009646 0.0 0.0
ноутбук 0.003215 0.0 0.0
нужный 0.003215 0.0 0.0
обвинять 0.003215 4.60517 0.014808
обзор 0.003215 0.0 0.0
обработка 0.003215 0.0 0.0
образец 0.003215 0.0 0.0
обучение 0.003215 3.218876 0.01035
объявить 0.003215 0.0 0.0
одноклассник 0.006431 0.0 0.0
орбита 0.003215 0.0 0.0
основа 0.003215 1.514128 0.004869
отдать 0.003215 0.0 0.0
отечественный 0.003215 0.0 0.0
отказ 0.003215 0.0 0.0
отказаться 0.003215 0.0 0.0
отключить 0.003215 0.0 0.0
открытый 0.003215 2.407946 0.007743
очень 0.006431 0.0 0.0
ошибка 0.003215 0.0 0.0
партнёр 0.003215 2.302585 0.007404
первый 0.003215 2.120264 0.006818
переговоры 0.006431 3.506558 0.02255
передний 0.003215 0.0 0.0
период 0.006431 0.0 0.0
периферия 0.006431 0.0 0.0
персональный 0.006431 0.0 0.0
пиар 0.006431 0.0 0.0
планировать 0.003215 1.714798 0.005514
планшет 0.003215 0.0 0.0
платформа 0.009646 0.0 0.0
подвести 0.003215 0.0 0.0
поднять 0.003215 0.0 0.0
подорвать 0.006431 4.60517 0.029615
подробный 0.003215 0.0 0.0
позволить 0.003215 2.65926 0.008551
поиск 0.006431 0.0 0.0
пока 0.006431 0.0 0.0
полезный 0.003215 0.0 0.0
политика 0.009646 0.0 0.0
полноприводный 0.003215 0.0 0.0
полёт 0.003215 0.0 0.0
помощник 0.003215 4.60517 0.014808
попробовать 0.006431 0.0 0.0
популярный 0.006431 0.0 0.0
попытка 0.003215 4.60517 0.014808
посещать 0.006431 0.0 0.0
потенциальный 0.003215 3.506558 0.011275
прайс 0.006431 0.0 0.0
предоставлять 0.006431 4.60517 0.029615
представить 0.006431 0.0 0.0
прибавка 0.006431 0.0 0.0
привод 0.003215 0.0 0.0
признать 0.003215 3.506558 0.011275
приложение 0.003215 3.912023 0.012579
принтер 0.003215 0.0 0.0
пробизнес 0.006431 0.0 0.0
проведение 0.003215 0.0 0.0
программа 0.003215 0.0 0.0
продавать 0.006431 0.0 0.0
продажа 0.003215 0.0 0.0
продолжать 0.003215 0.0 0.0
проект 0.006431 0.0 0.0
проектор 0.003215 0.0 0.0
пролить 0.006431 0.0 0.0
процесс 0.003215 0.0 0.0
работа 0.003215 0.0 0.0
разместить 0.003215 3.506558 0.011275
размещение 0.003215 4.60517 0.014808
разрабатывать 0.003215 3.218876 0.01035
разработчик 0.003215 2.407946 0.007743
ранее 0.006431 1.771957 0.011395
рассуждение 0.003215 3.506558 0.011275
реальный 0.003215 0.0 0.0
результат 0.003215 0.0 0.0
реклама 0.006431 0.0 0.0
решать 0.003215 0.0 0.0
россия 0.003215 0.0 0.0
россиянин 0.003215 0.0 0.0
рубль 0.003215 0.0 0.0
рынок 0.006431 0.0 0.0
сайт 0.006431 0.0 0.0
самолёт 0.003215 0.0 0.0
самый 0.006431 0.0 0.0
сантиметр 0.003215 0.0 0.0
сбор 0.003215 0.0 0.0
свет 0.006431 0.0 0.0
свой 0.003215 1.832581 0.005893
связь 0.009646 0.0 0.0
сегодня 0.006431 0.0 0.0
секунда 0.003215 2.120264 0.006818
сервер 0.003215 0.0 0.0
сервис 0.003215 0.0 0.0
сертификация 0.003215 0.0 0.0
сеть 0.003215 0.0 0.0
система 0.003215 1.309333 0.00421
скоро 0.006431 0.0 0.0
снизить 0.006431 3.218876 0.0207
снова 0.006431 0.0 0.0
советский 0.006431 0.0 0.0
соглашаться 0.003215 0.0 0.0
сосредоточиться 0.003215 3.218876 0.01035
спасти 0.006431 0.0 0.0
среда 0.006431 0.0 0.0
ссылка 0.003215 0.0 0.0
стартап 0.003215 2.995732 0.009633
стартовать 0.003215 0.0 0.0
статистика 0.006431 0.0 0.0
стать 0.006431 0.0 0.0
статья 0.003215 0.0 0.0
стоимость 0.006431 0.0 0.0
сэм 0.003215 3.506558 0.011275
тайконавт 0.003215 0.0 0.0
тег 0.003215 0.0 0.0
текст 0.006431 0.0 0.0
тестировать 0.009646 2.407946 0.023228
технический 0.006431 0.0 0.0
топ 0.006431 0.0 0.0
точность 0.003215 1.832581 0.005893
тыс 0.006431 0.0 0.0
убрать 0.003215 0.0 0.0
упасть 0.006431 0.0 0.0
усилить 0.006431 3.912023 0.025158
устройство 0.003215 0.0 0.0
учитывать 0.003215 2.995732 0.009633
файл 0.003215 0.0 0.0
флагманский 0.003215 0.0 0.0
фундаментальный 0.003215 0.0 0.0
хит 0.003215 0.0 0.0
хостинг 0.003215 4.60517 0.014808
чат 0.006431 1.049822 0.006751
человек 0.003215 0.0 0.0
шаг 0.006431 2.525729 0.016243
экспорт 0.006431 0.0 0.0
эмбрион 0.003215 0.0 0.0
эталон 0.003215 3.506558 0.011275
южный 0.003215 0.0 0.0
языковой 0.003215 3.506558 0.011275
