авиалайнер 0.002165 0.0 0.0
австралия 0.002165 0.0 0.0
автоваз 0.004329 0.0 0.0
автомат 0.002165 0.0 0.0
автопроизводитель 0.002165 0.0 0.0
автор 0.006494 0.0 0.0
администрация 0.002165 0.0 0.0
адрес 0.004329 0.0 0.0
амбициозный 0.002165 4.60517 0.009968
америка 0.002165 0.0 0.0
аналитик 0.002165 0.0 0.0
белок 0.002165 0.0 0.0
биологический 0.004329 0.0 0.0
ближний 0.002165 0.0 0.0
блог 0.002165 0.0 0.0
богатый 0.002165 3.506558 0.00759
быстро 0.004329 0.0 0.0
быть 0.002165 0.0 0.0
вербааршота 0.002165 4.60517 0.009968
вес 0.002165 0.0 0.0
весь 0.002165 0.0 0.0
взаимодействие 0.004329 3.506558 0.01518
вибрация 0.002165 3.912023 0.008468
видеокарта 0.002165 0.0 0.0
виртуальный 0.002165 4.60517 0.009968
внедорожник 0.002165 0.0 0.0
войти 0.004329 0.0 0.0
восприниматься 0.002165 4.60517 0.009968
восстановить 0.004329 3.506558 0.01518
восстановление 0.004329 3.912023 0.016935
восток 0.002165 0.0 0.0
время 0.002165 1.139434 0.002466
входить 0.002165 0.0 0.0
выделить 0.002165 0.0 0.0
вызывать 0.002165 4.60517 0.009968
выходить 0.002165 0.0 0.0
галактика 0.002165 3.506558 0.00759
главный 0.002165 0.0 0.0
гладкий 0.002165 4.60517 0.009968
год 0.002165 0.0 0.0
гонт 0.004329 4.60517 0.019936
горячо 0.004329 4.60517 0.019936
далёкий 0.004329 4.60517 0.019936
данные 0.004329 0.0 0.0
двигатель 0.006494 0.0 0.0
делать 0.002165 2.65926 0.005756
детализация 0.002165 4.60517 0.009968
дизайн 0.004329 0.0 0.0
директор 0.004329 0.0 0.0
доллар 0.002165 0.0 0.0
дом 0.004329 0.0 0.0
доставить 0.002165 0.0 0.0
достигать 0.002165 0.0 0.0
достигнуть 0.002165 3.506558 0.00759
естественный 0.002165 3.218876 0.006967
завершить 0.002165 0.0 0.0
запечатлеть 0.002165 3.506558 0.00759
заранее 0.004329 4.60517 0.019936
затруднять 0.002165 4.60517 0.009968
защита 0.002165 0.0 0.0
земля 0.004329 0.0 0.0
зонд 0.006494 0.0 0.0
игра 0.004329 0.0 0.0
изыскание 0.002165 4.60517 0.009968
иллюстрация 0.004329 2.120264 0.009179
индивидуально 0.004329 4.60517 0.019936
инженерия 0.004329 4.60517 0.019936
инновационный 0.004329 0.0 0.0
интеграция 0.004329 4.60517 0.019936
интерфейс 0.006494 2.525729 0.016401
интуитивный 0.002165 4.60517 0.009968
информация 0.002165 0.0 0.0
искусственный 0.002165 3.506558 0.00759
использование 0.004329 0.0 0.0
испытуемый 0.002165 4.60517 0.009968
исследование 0.004329 0.0 0.0
исследователь 0.002165 1.832581 0.003967
источник 0.004329 0.0 0.0
каждый 0.002165 2.302585 0.004984
календарь 0.004329 0.0 0.0
категория 0.002165 0.0 0.0
кг 0.004329 0.0 0.0
километр 0.002165 0.0 0.0
китайский 0.002165 2.120264 0.004589
классический 0.002165 0.0 0.0
клон 0.004329 0.0 0.0
ключ 0.006494 0.0 0.0
ключевой 0.002165 1.966113 0.004256
комментирование 0.002165 0.0 0.0
компьютер 0.004329 2.207275 0.009555
комфортный 0.004329 0.0 0.0
контролировать 0.002165 3.218876 0.006967
конференция 0.004329 0.0 0.0
корея 0.002165 0.0 0.0
корпус 0.002165 0.0 0.0
космический 0.004329 2.302585 0.009968
космос 0.006494 0.0 0.0
который 0.008658 0.776529 0.006723
кошка 0.004329 4.60517 0.019936
кроссовер 0.004329 0.0 0.0
кубический 0.002165 0.0 0.0
кук 0.002165 0.0 0.0
летать 0.004329 0.0 0.0
лист 0.002165 0.0 0.0
логичный 0.002165 3.506558 0.00759
май 0.006494 0.0 0.0
марк 0.002165 0.0 0.0
материал 0.002165 0.0 0.0
машина 0.002165 0.0 0.0
мегагруппировка 0.002165 3.506558 0.00759
медицинский 0.002165 4.60517 0.009968
межпланетный 0.004329 0.0 0.0
менять 0.002165 0.0 0.0
метод 0.004329 1.714798 0.007423
миллион 0.002165 0.0 0.0
мир 0.004329 0.0 0.0
мобильный 0.002165 0.0 0.0
мозг 0.006494 2.813411 0.018269
момент 0.004329 0.0 0.0
монитор 0.002165 0.0 0.0
мотобренд 0.002165 0.0 0.0
мотоцикл 0.002165 0.0 0.0
мочь 0.002165 0.0 0.0
мусор 0.004329 2.813411 0.012179
нажать 0.002165 0.0 0.0
название 0.002165 0.0 0.0
назвать 0.002165 0.0 0.0
наполнить 0.002165 4.60517 0.009968
напоминать 0.004329 4.60517 0.019936
наслать 0.002165 0.0 0.0
настраивать 0.004329 3.912023 0.016935
настроить 0.006494 3.912023 0.025403
наш 0.004329 0.0 0.0
нейроинтерфейс 0.004329 4.60517 0.019936
нейропротез 0.008658 4.60517 0.039872
необычный 0.002165 3.218876 0.006967
нечёткий 0.002165 4.60517 0.009968
новость 0.002165 0.0 0.0
новый 0.006494 0.0 0.0
ноутбук 0.002165 0.0 0.0
нужный 0.002165 0.0 0.0
обзор 0.002165 0.0 0.0
обработка 0.002165 0.0 0.0
образ 0.002165 0.0 0.0
образец 0.002165 0.0 0.0
общение 0.002165 3.506558 0.00759
объект 0.008658 2.207275 0.019111
объявить 0.002165 0.0 0.0
одинаково 0.004329 4.60517 0.019936
одноклассник 0.004329 0.0 0.0
оказаться 0.002165 2.813411 0.00609
оно 0.004329 0.0 0.0
описать 0.002165 4.60517 0.009968
определить 0.004329 3.912023 0.016935
орбита 0.002165 0.0 0.0
осязание 0.008658 3.506558 0.03036
отдать 0.002165 0.0 0.0
отечественный 0.002165 0.0 0.0
отказ 0.002165 0.0 0.0
отказаться 0.002165 0.0 0.0
отключить 0.002165 0.0 0.0
открывать 0.002165 2.813411 0.00609
отличие 0.002165 2.207275 0.004778
отметить 0.002165 1.427116 0.003089
очень 0.004329 0.0 0.0
ошибка 0.002165 0.0 0.0
ощутить 0.004329 4.60517 0.019936
ощущение 0.004329 4.60517 0.019936
паралич 0.002165 3.218876 0.006967
параметр 0.002165 2.65926 0.005756
пациент 0.004329 3.912023 0.016935
передавать 0.004329 3.912023 0.016935
передний 0.002165 0.0 0.0
период 0.004329 0.0 0.0
периферия 0.004329 0.0 0.0
персонально 0.004329 3.912023 0.016935
персональный 0.004329 0.0 0.0
пиар 0.004329 0.0 0.0
питтсбург 0.002165 4.60517 0.009968
планшет 0.002165 0.0 0.0
платформа 0.004329 0.0 0.0
повреждение 0.002165 2.813411 0.00609
подвести 0.002165 0.0 0.0
поднять 0.002165 0.0 0.0
подробный 0.002165 0.0 0.0
подход 0.004329 1.89712 0.008213
позволять 0.002165 4.60517 0.009968
поиск 0.004329 0.0 0.0
пока 0.004329 0.0 0.0
покалывание 0.004329 4.60517 0.019936
полезный 0.002165 0.0 0.0
политика 0.006494 0.0 0.0
полноприводный 0.002165 0.0 0.0
полноценный 0.002165 4.60517 0.009968
полотенце 0.006494 4.60517 0.029904
получать 0.002165 3.912023 0.008468
пользователь 0.002165 2.813411 0.00609
полёт 0.002165 0.0 0.0
помочь 0.002165 3.912023 0.008468
попробовать 0.004329 0.0 0.0
популярный 0.004329 0.0 0.0
посещать 0.004329 0.0 0.0
пояснить 0.002165 2.813411 0.00609
прайс 0.004329 0.0 0.0
предложить 0.002165 3.506558 0.00759
предмет 0.002165 3.506558 0.00759
предсказуемый 0.002165 4.60517 0.009968
представить 0.004329 0.0 0.0
предыдущий 0.002165 3.912023 0.008468
прибавка 0.004329 0.0 0.0
приближать 0.002165 3.506558 0.00759
приблизиться 0.002165 3.218876 0.006967
привод 0.002165 0.0 0.0
прикосновение 0.004329 4.60517 0.019936
принтер 0.002165 0.0 0.0
приятный 0.002165 4.60517 0.009968
пробизнес 0.004329 0.0 0.0
проведение 0.002165 0.0 0.0
программа 0.002165 0.0 0.0
продавать 0.004329 0.0 0.0
продажа 0.002165 0.0 0.0
продолжать 0.002165 0.0 0.0
продолжение 0.002165 4.60517 0.009968
проект 0.006494 0.0 0.0
проектировать 0.002165 4.60517 0.009968
проектор 0.002165 0.0 0.0
пролить 0.004329 0.0 0.0
прорыв 0.004329 1.714798 0.007423
пространство 0.002165 3.506558 0.00759
протез 0.004329 4.60517 0.019936
процесс 0.006494 0.0 0.0
путать 0.002165 4.60517 0.009968
путь 0.004329 2.120264 0.009179
пытаться 0.002165 3.912023 0.008468
пять 0.004329 2.995732 0.012969
работа 0.006494 0.0 0.0
различение 0.004329 4.60517 0.019936
разработка 0.002165 2.207275 0.004778
ранее 0.004329 1.771957 0.007671
ранний 0.002165 3.912023 0.008468
реабилитационный 0.002165 4.60517 0.009968
реальный 0.004329 0.0 0.0
редкий 0.002165 2.65926 0.005756
результат 0.006494 0.0 0.0
реклама 0.004329 0.0 0.0
решать 0.002165 0.0 0.0
роберт 0.004329 4.60517 0.019936
роботизированный 0.004329 4.60517 0.019936
россия 0.002165 0.0 0.0
россиянин 0.002165 0.0 0.0
рубль 0.002165 0.0 0.0
рука 0.004329 1.049822 0.004545
рынок 0.004329 0.0 0.0
сайт 0.004329 0.0 0.0
сам 0.002165 0.0 0.0
самолёт 0.002165 0.0 0.0
самый 0.004329 0.0 0.0
сантиметр 0.002165 0.0 0.0
сбор 0.002165 0.0 0.0
сверхновый 0.002165 3.506558 0.00759
свет 0.004329 0.0 0.0
связь 0.006494 0.0 0.0
сегодня 0.004329 0.0 0.0
сервер 0.002165 0.0 0.0
сервис 0.002165 0.0 0.0
сертификация 0.002165 0.0 0.0
сесилия 0.004329 4.60517 0.019936
сеть 0.002165 0.0 0.0
сигнал 0.002165 2.207275 0.004778
скоро 0.004329 0.0 0.0
сложный 0.002165 2.995732 0.006484
случай 0.002165 2.813411 0.00609
случайный 0.002165 4.60517 0.009968
смена 0.002165 2.813411 0.00609
смочь 0.002165 4.60517 0.009968
смысл 0.002165 3.912023 0.008468
снова 0.004329 0.0 0.0
совершенство 0.002165 2.995732 0.006484
советский 0.004329 0.0 0.0
соглашаться 0.002165 0.0 0.0
создание 0.006494 1.89712 0.012319
создать 0.004329 2.813411 0.012179
спасти 0.004329 0.0 0.0
спинной 0.002165 3.218876 0.006967
спираль 0.002165 3.506558 0.00759
способный 0.002165 3.912023 0.008468
среда 0.006494 0.0 0.0
ссылка 0.002165 0.0 0.0
ставить 0.002165 0.0 0.0
становиться 0.002165 3.506558 0.00759
станция 0.002165 2.813411 0.00609
стартовать 0.002165 0.0 0.0
статистика 0.004329 0.0 0.0
стать 0.006494 0.0 0.0
статья 0.002165 0.0 0.0
стимуляция 0.004329 3.912023 0.016935
стоимость 0.004329 0.0 0.0
тайконавт 0.002165 0.0 0.0
тактильный 0.002165 4.60517 0.009968
тег 0.002165 0.0 0.0
текст 0.004329 0.0 0.0
текстура 0.002165 4.60517 0.009968
тело 0.002165 3.506558 0.00759
технический 0.004329 0.0 0.0
топ 0.004329 0.0 0.0
тост 0.004329 2.525729 0.010934
три 0.002165 0.755023 0.001634
тыс 0.004329 0.0 0.0
тёплый 0.002165 4.60517 0.009968
убрать 0.002165 0.0 0.0
угрожать 0.002165 3.506558 0.00759
удаться 0.002165 3.506558 0.00759
университет 0.002165 2.040221 0.004416
уникальный 0.002165 3.912023 0.008468
упасть 0.004329 0.0 0.0
успех 0.002165 2.207275 0.004778
устройство 0.002165 0.0 0.0
утратить 0.002165 4.60517 0.009968
участвовать 0.002165 3.912023 0.008468
участник 0.008658 3.912023 0.03387
учёный 0.002165 1.966113 0.004256
файл 0.002165 0.0 0.0
флагманский 0.002165 0.0 0.0
фундаментальный 0.002165 0.0 0.0
функциональный 0.002165 4.60517 0.009968
хаббл 0.004329 3.506558 0.01518
хит 0.002165 0.0 0.0
холодно 0.004329 4.60517 0.019936
цель 0.004329 2.65926 0.011512
цифровой 0.002165 3.218876 0.006967
частичный 0.002165 4.60517 0.009968
часть 0.006494 2.407946 0.015636
человек 0.004329 0.0 0.0
чувство 0.004329 4.60517 0.019936
чувствоваться 0.004329 4.60517 0.019936
шаг 0.002165 2.525729 0.005467
шелковистый 0.002165 4.60517 0.009968
шерсть 0.006494 4.60517 0.029904
школа 0.002165 4.60517 0.009968
эксперимент 0.002165 1.832581 0.003967
экспорт 0.004329 0.0 0.0
электрический 0.002165 2.995732 0.006484
эмбрион 0.002165 0.0 0.0
южный 0.002165 0.0 0.0
яблоко 0.006494 4.60517 0.029904
