авиалайнер 0.003058 0.0 0.0
австралия 0.003058 0.0 0.0
автоваз 0.006116 0.0 0.0
автомат 0.003058 0.0 0.0
автопроизводитель 0.003058 0.0 0.0
автор 0.009174 0.0 0.0
администрация 0.003058 0.0 0.0
адрес 0.006116 0.0 0.0
аккумулятор 0.003058 3.912023 0.011963
америка 0.003058 0.0 0.0
аналитик 0.003058 0.0 0.0
белок 0.003058 0.0 0.0
беспроводный 0.003058 3.912023 0.011963
биологический 0.006116 0.0 0.0
ближний 0.003058 0.0 0.0
блог 0.003058 0.0 0.0
быстро 0.006116 0.0 0.0
быть 0.003058 0.0 0.0
вес 0.003058 0.0 0.0
весь 0.003058 0.0 0.0
видеокарта 0.003058 0.0 0.0
внедорожник 0.003058 0.0 0.0
войти 0.006116 0.0 0.0
восток 0.003058 0.0 0.0
входить 0.003058 0.0 0.0
выделить 0.003058 0.0 0.0
выполнить 0.003058 2.407946 0.007364
выходить 0.003058 0.0 0.0
германия 0.003058 2.995732 0.009161
главный 0.003058 0.0 0.0
год 0.003058 0.0 0.0
грамм 0.003058 0.0 0.0
данные 0.006116 0.0 0.0
датчик 0.003058 3.912023 0.011963
двигатель 0.009174 0.0 0.0
деградировать 0.003058 3.506558 0.010723
день 0.003058 1.832581 0.005604
диафрагма 0.003058 4.60517 0.014083
дизайн 0.006116 0.0 0.0
директор 0.006116 0.0 0.0
добиться 0.003058 4.60517 0.014083
доллар 0.003058 0.0 0.0
дом 0.006116 0.0 0.0
доставить 0.003058 0.0 0.0
достигать 0.003058 0.0 0.0
доступный 0.003058 2.65926 0.008132
другой 0.003058 1.771957 0.005419
евро 0.006116 2.040221 0.012478
завершить 0.003058 0.0 0.0
зарядка 0.006116 3.912023 0.023927
защита 0.009174 0.0 0.0
защитный 0.003058 4.60517 0.014083
земля 0.006116 0.0 0.0
зонд 0.009174 0.0 0.0
игра 0.003058 0.0 0.0
инновационный 0.006116 0.0 0.0
информация 0.003058 0.0 0.0
использование 0.003058 0.0 0.0
исследование 0.003058 0.0 0.0
источник 0.006116 0.0 0.0
кадровый 0.003058 3.218876 0.009844
календарь 0.006116 0.0 0.0
камера 0.006116 3.912023 0.023927
категория 0.003058 0.0 0.0
качество 0.003058 2.525729 0.007724
кг 0.006116 0.0 0.0
километр 0.003058 0.0 0.0
классический 0.003058 0.0 0.0
клон 0.006116 0.0 0.0
комментирование 0.003058 0.0 0.0
комфортный 0.006116 0.0 0.0
конец 0.003058 1.771957 0.005419
конференция 0.006116 0.0 0.0
корея 0.003058 0.0 0.0
корпус 0.012232 0.0 0.0
космос 0.009174 0.0 0.0
кроссовер 0.006116 0.0 0.0
кубический 0.003058 0.0 0.0
кук 0.003058 0.0 0.0
летать 0.006116 0.0 0.0
лист 0.003058 0.0 0.0
май 0.009174 0.0 0.0
марк 0.003058 0.0 0.0
масса 0.006116 3.506558 0.021447
материал 0.003058 0.0 0.0
машина 0.003058 0.0 0.0
межпланетный 0.006116 0.0 0.0
менять 0.003058 0.0 0.0
миллион 0.003058 0.0 0.0
минимум 0.003058 2.65926 0.008132
мир 0.003058 0.0 0.0
мобильный 0.003058 0.0 0.0
модель 0.003058 0.867501 0.002653
момент 0.006116 0.0 0.0
монитор 0.003058 0.0 0.0
мотобренд 0.003058 0.0 0.0
мотоцикл 0.003058 0.0 0.0
мочь 0.003058 0.0 0.0
мощь 0.006116 1.89712 0.011603
нажать 0.003058 0.0 0.0
название 0.003058 0.0 0.0
назвать 0.003058 0.0 0.0
наслать 0.003058 0.0 0.0
начаться 0.003058 3.506558 0.010723
наш 0.006116 0.0 0.0
немецкий 0.006116 3.912023 0.023927
нецелесообразный 0.003058 3.506558 0.010723
новость 0.003058 0.0 0.0
новый 0.012232 0.0 0.0
ноутбук 0.003058 0.0 0.0
нужный 0.003058 0.0 0.0
обещать 0.003058 4.60517 0.014083
обзор 0.006116 0.0 0.0
оболочка 0.003058 4.60517 0.014083
обработка 0.003058 0.0 0.0
образец 0.003058 0.0 0.0
объявить 0.003058 0.0 0.0
одноклассник 0.006116 0.0 0.0
орбита 0.003058 0.0 0.0
основный 0.003058 3.912023 0.011963
особенность 0.003058 3.218876 0.009844
отдать 0.003058 0.0 0.0
отечественный 0.003058 0.0 0.0
отказ 0.003058 0.0 0.0
отказаться 0.003058 0.0 0.0
отключить 0.003058 0.0 0.0
отложить 0.003058 3.506558 0.010723
отпечаток 0.003058 4.60517 0.014083
очень 0.006116 0.0 0.0
ошибка 0.003058 0.0 0.0
память 0.003058 2.995732 0.009161
передний 0.003058 0.0 0.0
период 0.006116 0.0 0.0
периферия 0.006116 0.0 0.0
персональный 0.006116 0.0 0.0
пиар 0.006116 0.0 0.0
пиксель 0.003058 3.912023 0.011963
планшет 0.003058 0.0 0.0
платформа 0.006116 0.0 0.0
подвести 0.003058 0.0 0.0
поднять 0.003058 0.0 0.0
подождать 0.006116 3.506558 0.021447
подробный 0.003058 0.0 0.0
поиск 0.006116 0.0 0.0
пока 0.006116 0.0 0.0
полезный 0.003058 0.0 0.0
политика 0.009174 0.0 0.0
полноприводный 0.003058 0.0 0.0
получить 0.003058 2.525729 0.007724
полёт 0.003058 0.0 0.0
попробовать 0.006116 0.0 0.0
популярный 0.006116 0.0 0.0
посещать 0.006116 0.0 0.0
поступить 0.003058 3.912023 0.011963
прайс 0.006116 0.0 0.0
представить 0.003058 0.0 0.0
прибавка 0.006116 0.0 0.0
привод 0.003058 0.0 0.0
принтер 0.003058 0.0 0.0
пробизнес 0.006116 0.0 0.0
проведение 0.003058 0.0 0.0
программа 0.003058 0.0 0.0
продавать 0.006116 0.0 0.0
продажа 0.006116 0.0 0.0
продолжать 0.003058 0.0 0.0
проект 0.006116 0.0 0.0
проектор 0.003058 0.0 0.0
производство 0.006116 2.302585 0.014083
пролить 0.006116 0.0 0.0
просить 0.003058 2.65926 0.008132
процесс 0.003058 0.0 0.0
работа 0.003058 0.0 0.0
работать 0.006116 2.65926 0.016265
разрешение 0.009174 3.912023 0.03589
раскрыть 0.006116 2.407946 0.014727
расположиться 0.003058 4.60517 0.014083
реальный 0.003058 0.0 0.0
результат 0.003058 0.0 0.0
реклама 0.006116 0.0 0.0
ресурс 0.006116 2.525729 0.015448
решать 0.003058 0.0 0.0
россия 0.003058 0.0 0.0
россиянин 0.003058 0.0 0.0
рубль 0.003058 0.0 0.0
рынок 0.006116 0.0 0.0
сайт 0.006116 0.0 0.0
самолёт 0.003058 0.0 0.0
самый 0.006116 0.0 0.0
сантиметр 0.003058 0.0 0.0
сбор 0.003058 0.0 0.0
сверхтонкий 0.009174 3.506558 0.03217
сверхширокоугольный 0.003058 4.60517 0.014083
свет 0.006116 0.0 0.0
связь 0.009174 0.0 0.0
сегодня 0.006116 0.0 0.0
сервер 0.003058 0.0 0.0
сервис 0.003058 0.0 0.0
сертификация 0.003058 0.0 0.0
сеть 0.003058 0.0 0.0
сканер 0.006116 4.60517 0.028166
склад 0.006116 2.995732 0.018323
скоро 0.006116 0.0 0.0
смартфон 0.003058 2.302585 0.007042
снова 0.006116 0.0 0.0
советский 0.006116 0.0 0.0
соглашаться 0.003058 0.0 0.0
сократить 0.003058 2.120264 0.006484
сообщить 0.003058 2.525729 0.007724
составить 0.003058 3.506558 0.010723
спасти 0.006116 0.0 0.0
среда 0.006116 0.0 0.0
ссылка 0.003058 0.0 0.0
стабилизация 0.003058 4.60517 0.014083
стартовать 0.003058 0.0 0.0
статистика 0.006116 0.0 0.0
стать 0.003058 0.0 0.0
статья 0.003058 0.0 0.0
стекло 0.009174 3.506558 0.03217
стоимость 0.006116 0.0 0.0
тайконавт 0.003058 0.0 0.0
тег 0.003058 0.0 0.0
текст 0.006116 0.0 0.0
технический 0.006116 0.0 0.0
титан 0.006116 2.995732 0.018323
толщина 0.003058 4.60517 0.014083
топ 0.006116 0.0 0.0
три 0.003058 0.693147 0.00212
тыс 0.006116 0.0 0.0
убрать 0.003058 0.0 0.0
угол 0.003058 3.912023 0.011963
упасть 0.006116 0.0 0.0
устройство 0.003058 0.0 0.0
файл 0.003058 0.0 0.0
флагманский 0.003058 0.0 0.0
фундаментальный 0.003058 0.0 0.0
хит 0.003058 0.0 0.0
цена 0.009174 1.386294 0.012718
частота 0.009174 3.218876 0.029531
человек 0.003058 0.0 0.0
экран 0.003058 2.813411 0.008604
экспорт 0.006116 0.0 0.0
эмбрион 0.003058 0.0 0.0
южный 0.003058 0.0 0.0
ёмкость 0.003058 3.912023 0.011963
