авиалайнер 0.002227 0.0 0.0
австралия 0.002227 0.0 0.0
автоваз 0.004454 0.0 0.0
автомат 0.002227 0.0 0.0
автопроизводитель 0.002227 0.0 0.0
автор 0.006682 0.0 0.0
администрация 0.002227 0.0 0.0
адрес 0.004454 0.0 0.0
америка 0.002227 0.0 0.0
анализ 0.004454 1.966113 0.008758
аналитик 0.002227 0.0 0.0
аппарат 0.004454 1.660731 0.007397
белок 0.002227 0.0 0.0
биологический 0.004454 0.0 0.0
ближний 0.002227 0.0 0.0
блог 0.002227 0.0 0.0
бросить 0.002227 3.218876 0.007169
быстро 0.004454 0.0 0.0
быстрый 0.002227 2.407946 0.005363
быть 0.002227 0.0 0.0
вес 0.002227 0.0 0.0
весь 0.002227 0.0 0.0
видеокарта 0.002227 0.0 0.0
внедорожник 0.002227 0.0 0.0
военный 0.002227 3.506558 0.00781
возвращаться 0.002227 4.60517 0.010257
войти 0.004454 0.0 0.0
волос 0.004454 3.218876 0.014338
восстанавливаться 0.006682 3.218876 0.021507
восстановиться 0.002227 4.60517 0.010257
восток 0.002227 0.0 0.0
впервые 0.004454 2.120264 0.009444
время 0.004454 1.427116 0.006357
входить 0.002227 0.0 0.0
выдающийся 0.002227 4.60517 0.010257
выделить 0.002227 0.0 0.0
вызов 0.004454 3.218876 0.014338
выполнить 0.002227 4.60517 0.010257
высокий 0.002227 2.995732 0.006672
высокоскоростной 0.002227 3.912023 0.008713
выходить 0.002227 0.0 0.0
главный 0.002227 0.0 0.0
год 0.004454 0.0 0.0
дальнейший 0.002227 4.60517 0.010257
данные 0.004454 0.0 0.0
двигатель 0.006682 0.0 0.0
действовать 0.002227 2.525729 0.005625
демонстрировать 0.002227 2.813411 0.006266
диаметр 0.002227 4.60517 0.010257
дизайн 0.004454 0.0 0.0
динамический 0.002227 4.60517 0.010257
директор 0.004454 0.0 0.0
доктор 0.004454 3.506558 0.015619
долговечность 0.004454 4.60517 0.020513
доллар 0.002227 0.0 0.0
дом 0.004454 0.0 0.0
доставить 0.002227 0.0 0.0
достигать 0.002227 0.0 0.0
жидкий 0.002227 3.912023 0.008713
жёсткий 0.002227 4.60517 0.010257
завершить 0.002227 0.0 0.0
залечивать 0.002227 3.506558 0.00781
затем 0.004454 2.813411 0.012532
защита 0.002227 0.0 0.0
защитить 0.004454 3.506558 0.015619
защищать 0.004454 4.60517 0.020513
заявить 0.002227 3.218876 0.007169
земля 0.004454 0.0 0.0
значительный 0.002227 3.912023 0.008713
зонд 0.006682 0.0 0.0
игра 0.002227 0.0 0.0
изменяться 0.002227 4.60517 0.010257
измерить 0.002227 3.218876 0.007169
изначально 0.004454 3.218876 0.014338
изучить 0.004454 3.912023 0.017425
имитировать 0.002227 4.60517 0.010257
инновационный 0.004454 0.0 0.0
интервал 0.002227 4.60517 0.010257
информация 0.002227 0.0 0.0
использование 0.004454 0.0 0.0
использовать 0.002227 2.302585 0.005128
исследование 0.002227 0.0 0.0
исследователь 0.002227 1.832581 0.004081
источник 0.004454 0.0 0.0
календарь 0.004454 0.0 0.0
камера 0.004454 3.912023 0.017425
категория 0.002227 0.0 0.0
кафедра 0.002227 3.912023 0.008713
кг 0.004454 0.0 0.0
километр 0.002227 0.0 0.0
кинетический 0.002227 4.60517 0.010257
китай 0.004454 1.171183 0.005217
классический 0.002227 0.0 0.0
клон 0.004454 0.0 0.0
км 0.004454 1.309333 0.005832
ковалентный 0.002227 4.60517 0.010257
команда 0.004454 2.120264 0.009444
комментирование 0.002227 0.0 0.0
комфортный 0.004454 0.0 0.0
конференция 0.004454 0.0 0.0
конфигурация 0.004454 3.506558 0.015619
корабль 0.002227 2.813411 0.006266
корея 0.002227 0.0 0.0
корпус 0.002227 0.0 0.0
космический 0.011136 1.386294 0.015438
космос 0.008909 0.0 0.0
который 0.006682 0.776529 0.005188
кремниевый 0.002227 4.60517 0.010257
кроссовер 0.004454 0.0 0.0
крошечный 0.002227 4.60517 0.010257
кубический 0.002227 0.0 0.0
кук 0.002227 0.0 0.0
лазерный 0.006682 3.912023 0.026138
летать 0.004454 0.0 0.0
летний 0.002227 3.218876 0.007169
лист 0.002227 0.0 0.0
луна 0.002227 2.995732 0.006672
любой 0.002227 3.912023 0.008713
май 0.006682 0.0 0.0
макроуровень 0.002227 3.912023 0.008713
манёвр 0.002227 2.525729 0.005625
марк 0.002227 0.0 0.0
масштаб 0.002227 1.771957 0.003946
масштабировать 0.004454 3.506558 0.015619
материал 0.008909 0.0 0.0
материаловедение 0.002227 4.60517 0.010257
машина 0.002227 0.0 0.0
мгновенно 0.004454 3.218876 0.014338
межпланетный 0.004454 0.0 0.0
менять 0.002227 0.0 0.0
метод 0.004454 1.714798 0.007638
микрометеороид 0.004454 4.60517 0.020513
микрометр 0.002227 4.60517 0.010257
микроскопический 0.002227 4.60517 0.010257
микрочастица 0.002227 4.60517 0.010257
миллион 0.002227 0.0 0.0
мир 0.004454 0.0 0.0
мобильный 0.002227 0.0 0.0
момент 0.004454 0.0 0.0
монитор 0.002227 0.0 0.0
мотобренд 0.002227 0.0 0.0
мотоцикл 0.002227 0.0 0.0
мочь 0.002227 0.0 0.0
мусор 0.006682 2.813411 0.018798
нагрев 0.002227 3.506558 0.00781
нажать 0.002227 0.0 0.0
название 0.002227 0.0 0.0
назвать 0.002227 0.0 0.0
наносекунда 0.002227 3.912023 0.008713
наноуровень 0.002227 4.60517 0.010257
наслать 0.002227 0.0 0.0
наука 0.004454 1.966113 0.008758
наш 0.004454 0.0 0.0
низкий 0.002227 3.218876 0.007169
новость 0.002227 0.0 0.0
новый 0.006682 0.0 0.0
ноутбук 0.002227 0.0 0.0
нужный 0.002227 0.0 0.0
обзор 0.002227 0.0 0.0
обладать 0.002227 3.506558 0.00781
обломок 0.002227 3.506558 0.00781
обработка 0.002227 0.0 0.0
образец 0.002227 0.0 0.0
образовать 0.002227 4.60517 0.010257
объект 0.004454 2.207275 0.009832
объявить 0.002227 0.0 0.0
одноклассник 0.004454 0.0 0.0
окно 0.002227 3.912023 0.008713
орбита 0.002227 0.0 0.0
оставлять 0.002227 2.813411 0.006266
отверстие 0.006682 4.60517 0.03077
отдать 0.002227 0.0 0.0
отечественный 0.002227 0.0 0.0
отказ 0.002227 0.0 0.0
отказаться 0.002227 0.0 0.0
отключить 0.002227 0.0 0.0
открытие 0.004454 2.525729 0.01125
отметить 0.002227 1.427116 0.003178
охлаждение 0.002227 3.912023 0.008713
очень 0.004454 0.0 0.0
очко 0.002227 2.813411 0.006266
ошибка 0.002227 0.0 0.0
передний 0.002227 0.0 0.0
переходить 0.002227 3.912023 0.008713
период 0.004454 0.0 0.0
периферия 0.004454 0.0 0.0
персональный 0.004454 0.0 0.0
перспективный 0.002227 4.60517 0.010257
пиар 0.004454 0.0 0.0
плавиться 0.004454 4.60517 0.020513
планировать 0.002227 1.714798 0.003819
планшет 0.002227 0.0 0.0
платформа 0.004454 0.0 0.0
поведение 0.006682 3.218876 0.021507
повреждение 0.002227 2.525729 0.005625
поглотить 0.002227 4.60517 0.010257
поглощать 0.006682 3.912023 0.026138
подвести 0.002227 0.0 0.0
поднять 0.002227 0.0 0.0
подробный 0.002227 0.0 0.0
подчеркнуть 0.002227 2.040221 0.004544
поиск 0.004454 0.0 0.0
пока 0.004454 0.0 0.0
показать 0.004454 1.771957 0.007893
полезный 0.002227 0.0 0.0
полимер 0.006682 3.218876 0.021507
политика 0.006682 0.0 0.0
полноприводный 0.002227 0.0 0.0
полёт 0.002227 0.0 0.0
помощь 0.002227 2.120264 0.004722
попадание 0.002227 3.506558 0.00781
попасть 0.002227 3.912023 0.008713
попробовать 0.004454 0.0 0.0
популярный 0.004454 0.0 0.0
посещать 0.004454 0.0 0.0
прайс 0.004454 0.0 0.0
предположить 0.002227 3.912023 0.008713
представить 0.002227 0.0 0.0
представлять 0.002227 2.813411 0.006266
прибавка 0.004454 0.0 0.0
привод 0.002227 0.0 0.0
признавать 0.002227 4.60517 0.010257
принтер 0.002227 0.0 0.0
пробизнес 0.004454 0.0 0.0
проведение 0.002227 0.0 0.0
проверка 0.002227 3.506558 0.00781
программа 0.002227 0.0 0.0
продавать 0.004454 0.0 0.0
продажа 0.002227 0.0 0.0
продолжать 0.002227 0.0 0.0
проект 0.004454 0.0 0.0
проектор 0.002227 0.0 0.0
пролить 0.004454 0.0 0.0
пропускать 0.002227 4.60517 0.010257
протестировать 0.004454 3.912023 0.017425
профессор 0.004454 3.218876 0.014338
процесс 0.006682 0.0 0.0
прочность 0.004454 3.912023 0.017425
пуля 0.002227 0.0 0.0
работа 0.002227 0.0 0.0
разработать 0.002227 2.995732 0.006672
разрываться 0.002227 4.60517 0.010257
рана 0.002227 1.966113 0.004379
расплавиться 0.002227 4.60517 0.010257
расстояние 0.006682 2.813411 0.018798
растягиваться 0.006682 4.60517 0.03077
растянуться 0.002227 4.60517 0.010257
реальный 0.002227 0.0 0.0
результат 0.002227 0.0 0.0
реклама 0.004454 0.0 0.0
решать 0.002227 0.0 0.0
россия 0.002227 0.0 0.0
россиянин 0.002227 0.0 0.0
рубль 0.002227 0.0 0.0
рынок 0.004454 0.0 0.0
сайт 0.004454 0.0 0.0
самозаживляться 0.002227 3.506558 0.00781
самолёт 0.002227 0.0 0.0
самый 0.004454 0.0 0.0
сантиметр 0.002227 0.0 0.0
сбор 0.002227 0.0 0.0
свет 0.004454 0.0 0.0
светлана 0.004454 4.60517 0.020513
свой 0.002227 1.832581 0.004081
свойство 0.002227 4.60517 0.010257
связь 0.008909 0.0 0.0
сегодня 0.004454 0.0 0.0
сервер 0.002227 0.0 0.0
сервис 0.002227 0.0 0.0
сертификация 0.002227 0.0 0.0
серьёзный 0.002227 4.60517 0.010257
сеть 0.002227 0.0 0.0
сильный 0.002227 4.60517 0.010257
скоро 0.004454 0.0 0.0
скорость 0.002227 2.302585 0.005128
слегка 0.004454 4.60517 0.020513
след 0.002227 0.0 0.0
смотреть 0.002227 0.0 0.0
снова 0.004454 0.0 0.0
советский 0.004454 0.0 0.0
соглашаться 0.002227 0.0 0.0
создать 0.002227 2.207275 0.004916
состояние 0.004454 3.506558 0.015619
спасти 0.004454 0.0 0.0
способность 0.004454 3.506558 0.015619
способный 0.002227 2.525729 0.005625
спутник 0.004454 2.120264 0.009444
сравнимый 0.002227 3.506558 0.00781
среда 0.004454 0.0 0.0
ссылка 0.002227 0.0 0.0
стандарт 0.002227 1.832581 0.004081
станция 0.002227 2.407946 0.005363
стартовать 0.002227 0.0 0.0
статистика 0.004454 0.0 0.0
стать 0.002227 0.0 0.0
статья 0.002227 0.0 0.0
стоимость 0.004454 0.0 0.0
столкновение 0.004454 3.218876 0.014338
структура 0.002227 2.813411 0.006266
супергерой 0.004454 3.506558 0.015619
тайконавт 0.002227 0.0 0.0
такой 0.004454 1.89712 0.00845
твёрдый 0.002227 4.60517 0.010257
тег 0.002227 0.0 0.0
текст 0.004454 0.0 0.0
текучесть 0.004454 4.60517 0.020513
текучий 0.002227 4.60517 0.010257
температура 0.002227 3.218876 0.007169
тепловизор 0.002227 3.506558 0.00781
тестирование 0.006682 2.65926 0.017768
технический 0.004454 0.0 0.0
технология 0.004454 1.386294 0.006175
томас 0.004454 4.60517 0.020513
топ 0.004454 0.0 0.0
точность 0.002227 1.832581 0.004081
требовать 0.002227 2.302585 0.005128
тыс 0.004454 0.0 0.0
убрать 0.002227 0.0 0.0
угроза 0.002227 3.912023 0.008713
удар 0.006682 2.813411 0.018798
уклонение 0.002227 3.912023 0.008713
ультраскоростной 0.002227 4.60517 0.010257
университет 0.002227 2.040221 0.004544
уникальный 0.006682 3.218876 0.021507
упасть 0.004454 0.0 0.0
условие 0.002227 1.771957 0.003946
устройство 0.002227 0.0 0.0
учёный 0.004454 1.89712 0.00845
файл 0.002227 0.0 0.0
фиксировать 0.002227 4.60517 0.010257
флагманский 0.002227 0.0 0.0
форма 0.002227 0.0 0.0
формат 0.002227 3.506558 0.00781
фундаментальный 0.002227 0.0 0.0
хит 0.002227 0.0 0.0
цель 0.004454 2.65926 0.011845
частица 0.004454 3.218876 0.014338
человек 0.002227 0.0 0.0
эдвин 0.004454 4.60517 0.020513
экспозиция 0.002227 3.912023 0.008713
экспорт 0.004454 0.0 0.0
экстремальный 0.002227 3.912023 0.008713
эластичность 0.004454 4.60517 0.020513
эластичный 0.002227 4.60517 0.010257
эмбрион 0.002227 0.0 0.0
энергия 0.002227 2.995732 0.006672
южный 0.002227 0.0 0.0
