авиалайнер 0.003185 0.0 0.0
австралия 0.003185 0.0 0.0
автоваз 0.006369 0.0 0.0
автомат 0.003185 0.0 0.0
автопроизводитель 0.003185 0.0 0.0
автор 0.009554 0.0 0.0
администрация 0.003185 0.0 0.0
адрес 0.006369 0.0 0.0
америка 0.003185 0.0 0.0
аналитик 0.003185 0.0 0.0
белок 0.003185 0.0 0.0
бестселлер 0.003185 3.218876 0.010251
биологический 0.006369 0.0 0.0
ближний 0.003185 0.0 0.0
блог 0.003185 0.0 0.0
быстро 0.006369 0.0 0.0
быть 0.003185 0.0 0.0
веб 0.006369 4.60517 0.029332
вес 0.003185 0.0 0.0
весь 0.003185 0.0 0.0
видеокарта 0.003185 0.0 0.0
внедорожник 0.003185 0.0 0.0
войти 0.006369 0.0 0.0
вопрос 0.003185 1.660731 0.005289
восстановить 0.006369 3.506558 0.022335
восстановление 0.003185 3.506558 0.011167
восток 0.003185 0.0 0.0
входить 0.003185 0.0 0.0
выделить 0.003185 0.0 0.0
выходить 0.003185 0.0 0.0
гарантия 0.003185 3.506558 0.011167
главный 0.003185 0.0 0.0
год 0.006369 0.0 0.0
данные 0.006369 0.0 0.0
двигатель 0.009554 0.0 0.0
дизайн 0.006369 0.0 0.0
директор 0.006369 0.0 0.0
доллар 0.003185 0.0 0.0
дом 0.006369 0.0 0.0
доставить 0.003185 0.0 0.0
достигать 0.003185 0.0 0.0
доступ 0.003185 1.347074 0.00429
другой 0.003185 2.65926 0.008469
заболевание 0.003185 4.60517 0.014666
завершить 0.003185 0.0 0.0
заниматься 0.003185 4.60517 0.014666
защита 0.003185 0.0 0.0
заявить 0.003185 3.218876 0.010251
здравоохранение 0.003185 4.60517 0.014666
земля 0.006369 0.0 0.0
зонд 0.009554 0.0 0.0
игра 0.003185 0.0 0.0
илона 0.006369 2.207275 0.014059
инновационный 0.009554 0.0 0.0
инсульт 0.003185 3.506558 0.011167
информация 0.003185 0.0 0.0
использование 0.003185 0.0 0.0
исследование 0.003185 0.0 0.0
источник 0.006369 0.0 0.0
календарь 0.006369 0.0 0.0
категория 0.003185 0.0 0.0
кг 0.006369 0.0 0.0
километр 0.003185 0.0 0.0
китай 0.003185 1.07881 0.003436
классический 0.003185 0.0 0.0
клон 0.006369 0.0 0.0
комментирование 0.003185 0.0 0.0
коммуникация 0.006369 3.912023 0.024917
компания 0.006369 0.820981 0.005229
комфортный 0.006369 0.0 0.0
контроль 0.003185 2.65926 0.008469
конференция 0.006369 0.0 0.0
корея 0.003185 0.0 0.0
корпус 0.003185 0.0 0.0
космос 0.009554 0.0 0.0
который 0.006369 0.798508 0.005086
кроссовер 0.006369 0.0 0.0
кубический 0.003185 0.0 0.0
кук 0.003185 0.0 0.0
лекарство 0.003185 4.60517 0.014666
летать 0.006369 0.0 0.0
лист 0.003185 0.0 0.0
май 0.009554 0.0 0.0
марк 0.003185 0.0 0.0
маска 0.006369 2.207275 0.014059
материал 0.003185 0.0 0.0
машина 0.003185 0.0 0.0
медицинский 0.003185 4.60517 0.014666
межпланетный 0.006369 0.0 0.0
менять 0.003185 0.0 0.0
миллион 0.003185 0.0 0.0
мир 0.003185 0.0 0.0
мобильный 0.003185 0.0 0.0
мозг 0.003185 2.813411 0.00896
момент 0.006369 0.0 0.0
монитор 0.003185 0.0 0.0
мотобренд 0.003185 0.0 0.0
мотоцикл 0.003185 0.0 0.0
мочь 0.003185 0.0 0.0
нажать 0.003185 0.0 0.0
название 0.003185 0.0 0.0
назвать 0.003185 0.0 0.0
направить 0.003185 3.912023 0.012459
нарушение 0.003185 4.60517 0.014666
наслать 0.003185 0.0 0.0
наш 0.006369 0.0 0.0
неврологический 0.003185 4.60517 0.014666
новость 0.003185 0.0 0.0
новый 0.009554 0.0 0.0
ноутбук 0.003185 0.0 0.0
нужный 0.003185 0.0 0.0
обзор 0.006369 0.0 0.0
обработка 0.003185 0.0 0.0
образец 0.003185 0.0 0.0
объявить 0.003185 0.0 0.0
одноклассник 0.006369 0.0 0.0
орбита 0.003185 0.0 0.0
оставить 0.003185 0.0 0.0
отдать 0.003185 0.0 0.0
отечественный 0.003185 0.0 0.0
отказ 0.003185 0.0 0.0
отказаться 0.003185 0.0 0.0
отключить 0.003185 0.0 0.0
официально 0.006369 1.966113 0.012523
оценка 0.003185 2.995732 0.009541
очень 0.006369 0.0 0.0
ошибка 0.003185 0.0 0.0
паралич 0.003185 3.218876 0.010251
пациент 0.003185 3.912023 0.012459
передний 0.003185 0.0 0.0
период 0.006369 0.0 0.0
периферия 0.006369 0.0 0.0
персональный 0.006369 0.0 0.0
пиар 0.006369 0.0 0.0
планшет 0.003185 0.0 0.0
платформа 0.009554 0.0 0.0
повреждение 0.003185 2.813411 0.00896
подвести 0.003185 0.0 0.0
поднять 0.003185 0.0 0.0
подробный 0.003185 0.0 0.0
поиск 0.006369 0.0 0.0
пока 0.006369 0.0 0.0
полезный 0.003185 0.0 0.0
политика 0.009554 0.0 0.0
полноприводный 0.003185 0.0 0.0
получить 0.009554 1.427116 0.013635
полёт 0.003185 0.0 0.0
помогать 0.003185 4.60517 0.014666
помочь 0.003185 2.995732 0.009541
попробовать 0.006369 0.0 0.0
популярный 0.006369 0.0 0.0
посещать 0.006369 0.0 0.0
поставщик 0.003185 3.912023 0.012459
появиться 0.003185 2.813411 0.00896
прайс 0.006369 0.0 0.0
предназначить 0.003185 4.60517 0.014666
предоставление 0.006369 4.60517 0.029332
представить 0.003185 0.0 0.0
прибавка 0.006369 0.0 0.0
привод 0.003185 0.0 0.0
принтер 0.003185 0.0 0.0
пробизнес 0.006369 0.0 0.0
проведение 0.003185 0.0 0.0
программа 0.009554 0.0 0.0
продавать 0.006369 0.0 0.0
продажа 0.003185 0.0 0.0
продолжать 0.003185 0.0 0.0
продукт 0.003185 3.506558 0.011167
проект 0.006369 0.0 0.0
проектор 0.003185 0.0 0.0
прожига 0.003185 3.218876 0.010251
пролить 0.006369 0.0 0.0
процесс 0.003185 0.0 0.0
работа 0.003185 0.0 0.0
разработка 0.003185 2.207275 0.00703
распродавать 0.003185 3.506558 0.011167
реальный 0.003185 0.0 0.0
революционный 0.003185 3.506558 0.011167
регулятор 0.003185 4.60517 0.014666
результат 0.003185 0.0 0.0
реклама 0.006369 0.0 0.0
речь 0.003185 2.525729 0.008044
решать 0.003185 0.0 0.0
россия 0.003185 0.0 0.0
россиянин 0.003185 0.0 0.0
рубль 0.003185 0.0 0.0
рынок 0.006369 0.0 0.0
сайт 0.006369 0.0 0.0
самолёт 0.003185 0.0 0.0
самый 0.006369 0.0 0.0
сантиметр 0.003185 0.0 0.0
сбор 0.003185 0.0 0.0
свет 0.006369 0.0 0.0
связь 0.009554 0.0 0.0
сегодня 0.006369 0.0 0.0
сервер 0.003185 0.0 0.0
сервис 0.003185 0.0 0.0
сертификация 0.003185 0.0 0.0
серьёзный 0.003185 4.60517 0.014666
сеть 0.003185 0.0 0.0
скидка 0.003185 2.65926 0.008469
склероз 0.003185 4.60517 0.014666
скоро 0.006369 0.0 0.0
снова 0.006369 0.0 0.0
советский 0.006369 0.0 0.0
соглашаться 0.003185 0.0 0.0
создание 0.003185 2.525729 0.008044
сообщить 0.003185 3.506558 0.011167
спасти 0.006369 0.0 0.0
спинной 0.003185 3.218876 0.010251
среда 0.006369 0.0 0.0
ссылка 0.003185 0.0 0.0
стартовать 0.003185 0.0 0.0
статистика 0.006369 0.0 0.0
статус 0.006369 2.995732 0.019081
стать 0.003185 0.0 0.0
статья 0.003185 0.0 0.0
стоимость 0.006369 0.0 0.0
страдать 0.003185 4.60517 0.014666
счёт 0.003185 2.65926 0.008469
тайконавт 0.003185 0.0 0.0
тег 0.003185 0.0 0.0
текст 0.006369 0.0 0.0
тест 0.006369 1.171183 0.00746
технический 0.006369 0.0 0.0
топ 0.006369 0.0 0.0
тыс 0.006369 0.0 0.0
убрать 0.003185 0.0 0.0
упасть 0.006369 0.0 0.0
управление 0.003185 1.660731 0.005289
ускорение 0.003185 3.506558 0.011167
услуга 0.003185 3.912023 0.012459
установить 0.003185 2.525729 0.008044
устройство 0.015924 0.0 0.0
файл 0.003185 0.0 0.0
флагманский 0.003185 0.0 0.0
фундаментальный 0.003185 0.0 0.0
хит 0.003185 0.0 0.0
человек 0.009554 0.0 0.0
чип 0.009554 1.966113 0.018785
экспорт 0.006369 0.0 0.0
эмбрион 0.003185 0.0 0.0
южный 0.003185 0.0 0.0
