авиалайнер 0.002857 0.0 0.0
австралия 0.002857 0.0 0.0
автоваз 0.005714 0.0 0.0
автомат 0.002857 0.0 0.0
автомобиль 0.002857 1.560648 0.004459
автопроизводитель 0.002857 0.0 0.0
автор 0.008571 0.0 0.0
администрация 0.002857 0.0 0.0
адрес 0.005714 0.0 0.0
акцент 0.002857 2.995732 0.008559
алюминиевый 0.002857 3.506558 0.010019
америка 0.002857 0.0 0.0
аналитик 0.002857 0.0 0.0
базовый 0.002857 3.218876 0.009197
батарея 0.002857 3.218876 0.009197
белок 0.002857 0.0 0.0
белый 0.008571 3.912023 0.033532
беспроводный 0.002857 4.60517 0.013158
биологический 0.005714 0.0 0.0
бить 0.002857 2.302585 0.006579
ближний 0.002857 0.0 0.0
близкий 0.002857 2.813411 0.008038
блог 0.002857 0.0 0.0
быстро 0.005714 0.0 0.0
быть 0.002857 0.0 0.0
вес 0.002857 0.0 0.0
весь 0.002857 0.0 0.0
видеокарта 0.002857 0.0 0.0
включать 0.002857 2.525729 0.007216
внедорожник 0.002857 0.0 0.0
войти 0.005714 0.0 0.0
восток 0.002857 0.0 0.0
входить 0.002857 0.0 0.0
вчера 0.005714 4.60517 0.026315
выбор 0.005714 2.995732 0.017118
выдавать 0.002857 3.912023 0.011177
выделить 0.002857 0.0 0.0
выделяться 0.002857 3.912023 0.011177
выходить 0.002857 0.0 0.0
гибридный 0.005714 2.407946 0.01376
главный 0.002857 0.0 0.0
глянцевый 0.002857 4.60517 0.013158
год 0.002857 0.0 0.0
данные 0.005714 0.0 0.0
дверной 0.002857 4.60517 0.013158
двигатель 0.008571 0.0 0.0
дизайн 0.005714 0.0 0.0
дилер 0.002857 3.218876 0.009197
директор 0.005714 0.0 0.0
диск 0.002857 2.813411 0.008038
диффузор 0.005714 4.60517 0.026315
доллар 0.002857 0.0 0.0
дом 0.005714 0.0 0.0
доставить 0.002857 0.0 0.0
достигать 0.002857 0.0 0.0
доступный 0.002857 2.407946 0.00688
дюймовый 0.005714 3.218876 0.018394
завершить 0.002857 0.0 0.0
зарядный 0.002857 4.60517 0.013158
защита 0.002857 0.0 0.0
земля 0.005714 0.0 0.0
зонд 0.008571 0.0 0.0
игра 0.002857 0.0 0.0
иметь 0.002857 2.525729 0.007216
инновационный 0.005714 0.0 0.0
информационно 0.005714 3.912023 0.022354
информация 0.002857 0.0 0.0
ионный 0.002857 0.0 0.0
использование 0.002857 0.0 0.0
исследование 0.002857 0.0 0.0
источник 0.005714 0.0 0.0
календарь 0.005714 0.0 0.0
категория 0.002857 0.0 0.0
кг 0.005714 0.0 0.0
километр 0.002857 0.0 0.0
классический 0.002857 0.0 0.0
клон 0.005714 0.0 0.0
км 0.005714 1.309333 0.007482
колесо 0.005714 3.912023 0.022354
комментирование 0.002857 0.0 0.0
комфортный 0.005714 0.0 0.0
контрастный 0.002857 4.60517 0.013158
конференция 0.005714 0.0 0.0
корея 0.002857 0.0 0.0
корпус 0.002857 0.0 0.0
космос 0.008571 0.0 0.0
который 0.002857 0.891598 0.002547
кроссовер 0.005714 0.0 0.0
кубический 0.002857 0.0 0.0
кузов 0.002857 3.506558 0.010019
кук 0.002857 0.0 0.0
летать 0.005714 0.0 0.0
лето 0.002857 3.218876 0.009197
лист 0.002857 0.0 0.0
литровый 0.005714 3.506558 0.020037
май 0.008571 0.0 0.0
марк 0.002857 0.0 0.0
материал 0.002857 0.0 0.0
машина 0.011429 0.0 0.0
межпланетный 0.005714 0.0 0.0
менять 0.002857 0.0 0.0
миллион 0.002857 0.0 0.0
мир 0.002857 0.0 0.0
мобильный 0.002857 0.0 0.0
модель 0.005714 1.469676 0.008398
момент 0.005714 0.0 0.0
монитор 0.002857 0.0 0.0
мотобренд 0.002857 0.0 0.0
мотоцикл 0.002857 0.0 0.0
мочь 0.002857 0.0 0.0
мощный 0.008571 2.995732 0.025678
нажать 0.002857 0.0 0.0
название 0.002857 0.0 0.0
назвать 0.002857 0.0 0.0
наслать 0.002857 0.0 0.0
настроить 0.002857 3.912023 0.011177
наш 0.005714 0.0 0.0
новость 0.002857 0.0 0.0
новый 0.011429 0.0 0.0
ноутбук 0.002857 0.0 0.0
нужный 0.002857 0.0 0.0
обзор 0.002857 0.0 0.0
оборудовать 0.002857 2.407946 0.00688
обработка 0.002857 0.0 0.0
образец 0.002857 0.0 0.0
объявить 0.005714 0.0 0.0
одноклассник 0.005714 0.0 0.0
орбита 0.002857 0.0 0.0
оснащение 0.005714 2.995732 0.017118
отдать 0.002857 0.0 0.0
отечественный 0.002857 0.0 0.0
отказ 0.002857 0.0 0.0
отказаться 0.002857 0.0 0.0
отключить 0.002857 0.0 0.0
очень 0.005714 0.0 0.0
ошибка 0.002857 0.0 0.0
панель 0.005714 2.995732 0.017118
передний 0.002857 0.0 0.0
переключатель 0.002857 4.60517 0.013158
период 0.005714 0.0 0.0
периферия 0.005714 0.0 0.0
персональный 0.005714 0.0 0.0
пиар 0.005714 0.0 0.0
планшет 0.002857 0.0 0.0
платформа 0.005714 0.0 0.0
подвеска 0.005714 4.60517 0.026315
подвести 0.002857 0.0 0.0
поднять 0.002857 0.0 0.0
подробный 0.002857 0.0 0.0
поиск 0.005714 0.0 0.0
пока 0.005714 0.0 0.0
полезный 0.002857 0.0 0.0
политика 0.008571 0.0 0.0
полнокровный 0.002857 3.506558 0.010019
полноприводный 0.002857 0.0 0.0
полный 0.005714 2.207275 0.012613
получить 0.002857 2.040221 0.005829
полёт 0.002857 0.0 0.0
попробовать 0.005714 0.0 0.0
популярный 0.005714 0.0 0.0
посещать 0.005714 0.0 0.0
поступить 0.002857 4.60517 0.013158
появиться 0.002857 2.813411 0.008038
прайс 0.005714 0.0 0.0
предлагать 0.002857 2.120264 0.006058
представить 0.005714 0.0 0.0
прибавка 0.005714 0.0 0.0
приборный 0.002857 4.60517 0.013158
привод 0.005714 0.0 0.0
принтер 0.002857 0.0 0.0
пробизнес 0.005714 0.0 0.0
проведение 0.002857 0.0 0.0
программа 0.002857 0.0 0.0
продавать 0.005714 0.0 0.0
продажа 0.005714 0.0 0.0
продолжать 0.002857 0.0 0.0
проект 0.005714 0.0 0.0
проектор 0.002857 0.0 0.0
производитель 0.005714 1.966113 0.011235
пролить 0.005714 0.0 0.0
процесс 0.002857 0.0 0.0
работа 0.002857 0.0 0.0
радиатор 0.002857 3.506558 0.010019
радовать 0.005714 4.60517 0.026315
развлекательный 0.002857 3.912023 0.011177
расход 0.005714 2.207275 0.012613
расходовать 0.002857 3.506558 0.010019
реальный 0.002857 0.0 0.0
результат 0.002857 0.0 0.0
рейтинг 0.002857 2.995732 0.008559
реклама 0.005714 0.0 0.0
рекорд 0.002857 2.120264 0.006058
рекордный 0.005714 3.506558 0.020037
решать 0.002857 0.0 0.0
решётка 0.002857 4.60517 0.013158
россия 0.002857 0.0 0.0
россиянин 0.002857 0.0 0.0
рост 0.005714 0.755023 0.004314
рубль 0.002857 0.0 0.0
рулевой 0.002857 3.912023 0.011177
ручка 0.002857 3.912023 0.011177
рынок 0.005714 0.0 0.0
сайт 0.005714 0.0 0.0
салон 0.005714 3.218876 0.018394
самолёт 0.002857 0.0 0.0
самый 0.011429 0.0 0.0
сантиметр 0.002857 0.0 0.0
сбор 0.002857 0.0 0.0
свежий 0.002857 3.218876 0.009197
свет 0.005714 0.0 0.0
связь 0.008571 0.0 0.0
сегодня 0.005714 0.0 0.0
сервер 0.002857 0.0 0.0
сервис 0.002857 0.0 0.0
сертификация 0.002857 0.0 0.0
сеть 0.002857 0.0 0.0
сидение 0.002857 3.912023 0.011177
силовой 0.002857 3.218876 0.009197
система 0.008571 1.347074 0.011546
скоро 0.005714 0.0 0.0
смартфон 0.002857 2.302585 0.006579
снова 0.005714 0.0 0.0
советский 0.005714 0.0 0.0
соглашаться 0.002857 0.0 0.0
сообщать 0.002857 4.60517 0.013158
составлять 0.002857 2.407946 0.00688
сохранять 0.002857 2.995732 0.008559
спасти 0.005714 0.0 0.0
спойлер 0.005714 4.60517 0.026315
спортивно 0.005714 4.60517 0.026315
спортивный 0.002857 4.60517 0.013158
среда 0.005714 0.0 0.0
ссылка 0.002857 0.0 0.0
стабилизатор 0.002857 4.60517 0.013158
старт 0.002857 0.0 0.0
стартовать 0.002857 0.0 0.0
статистика 0.005714 0.0 0.0
стать 0.002857 0.0 0.0
статья 0.002857 0.0 0.0
стоимость 0.005714 0.0 0.0
субфлагманский 0.002857 3.506558 0.010019
тайконавт 0.002857 0.0 0.0
тег 0.002857 0.0 0.0
текст 0.005714 0.0 0.0
технический 0.005714 0.0 0.0
топ 0.005714 0.0 0.0
тыс 0.005714 0.0 0.0
тёмный 0.002857 4.60517 0.013158
убрать 0.002857 0.0 0.0
упасть 0.005714 0.0 0.0
установить 0.002857 2.407946 0.00688
установка 0.002857 2.813411 0.008038
устойчивость 0.002857 2.995732 0.008559
устройство 0.008571 0.0 0.0
файл 0.002857 0.0 0.0
флагманский 0.002857 0.0 0.0
фундаментальный 0.002857 0.0 0.0
хит 0.002857 0.0 0.0
цвет 0.002857 2.302585 0.006579
цикл 0.002857 0.0 0.0
цифровой 0.002857 2.995732 0.008559
человек 0.002857 0.0 0.0
чёрный 0.008571 3.912023 0.033532
экономичность 0.005714 3.912023 0.022354
экспорт 0.005714 0.0 0.0
электромотор 0.005714 3.912023 0.022354
элемент 0.002857 2.813411 0.008038
эмблема 0.002857 4.60517 0.013158
эмбрион 0.002857 0.0 0.0
южный 0.002857 0.0 0.0
