авиалайнер 0.002083 0.0 0.0
австралия 0.002083 0.0 0.0
автоваз 0.004167 0.0 0.0
автомат 0.002083 0.0 0.0
автомобиль 0.004167 1.272966 0.005304
автопроизводитель 0.002083 0.0 0.0
автор 0.00625 0.0 0.0
адаптировать 0.002083 2.995732 0.006241
администрация 0.002083 0.0 0.0
адрес 0.004167 0.0 0.0
азот 0.002083 4.60517 0.009594
америка 0.002083 0.0 0.0
аналитик 0.002083 0.0 0.0
аналог 0.002083 2.525729 0.005262
атомный 0.004167 3.912023 0.0163
белок 0.002083 0.0 0.0
беспилотник 0.002083 3.506558 0.007305
беспилотный 0.004167 3.506558 0.014611
библиотека 0.002083 3.506558 0.007305
биологический 0.004167 0.0 0.0
ближний 0.002083 0.0 0.0
блог 0.002083 0.0 0.0
бросить 0.002083 3.218876 0.006706
быстро 0.004167 0.0 0.0
быть 0.002083 0.0 0.0
важный 0.002083 4.60517 0.009594
вес 0.00625 0.0 0.0
весь 0.004167 0.0 0.0
видение 0.004167 3.912023 0.0163
видеокарта 0.002083 0.0 0.0
внедорожник 0.002083 0.0 0.0
водитель 0.002083 1.609438 0.003353
военный 0.002083 3.506558 0.007305
возможный 0.002083 4.60517 0.009594
войти 0.004167 0.0 0.0
восток 0.002083 0.0 0.0
врач 0.002083 4.60517 0.009594
входить 0.002083 0.0 0.0
выделить 0.002083 0.0 0.0
вызов 0.004167 3.218876 0.013412
выходить 0.002083 0.0 0.0
генератор 0.002083 3.218876 0.006706
главный 0.002083 0.0 0.0
год 0.004167 0.0 0.0
граница 0.002083 3.912023 0.00815
громоздкий 0.002083 4.60517 0.009594
данные 0.004167 0.0 0.0
двигатель 0.00625 0.0 0.0
действовать 0.002083 2.525729 0.005262
детектор 0.00625 3.506558 0.021916
диапазон 0.002083 2.813411 0.005861
дизайн 0.004167 0.0 0.0
директор 0.004167 0.0 0.0
добавить 0.002083 3.218876 0.006706
дождь 0.002083 3.912023 0.00815
долго 0.004167 2.120264 0.008834
доллар 0.002083 0.0 0.0
дом 0.004167 0.0 0.0
доставить 0.002083 0.0 0.0
достаточно 0.004167 2.525729 0.010524
достигать 0.002083 0.0 0.0
другой 0.004167 1.771957 0.007383
жидкий 0.002083 3.506558 0.007305
завершить 0.002083 0.0 0.0
задача 0.00625 1.609438 0.010059
залечивать 0.002083 3.506558 0.007305
защита 0.002083 0.0 0.0
земля 0.004167 0.0 0.0
зонд 0.00625 0.0 0.0
игра 0.002083 0.0 0.0
изменить 0.00625 2.995732 0.018723
изображение 0.004167 1.514128 0.006309
инженер 0.002083 2.207275 0.004598
инновационный 0.004167 0.0 0.0
институт 0.002083 2.65926 0.00554
интегрировать 0.004167 2.813411 0.011723
информация 0.002083 0.0 0.0
инфракрасный 0.004167 4.60517 0.019188
использование 0.002083 0.0 0.0
использовать 0.004167 2.040221 0.008501
исследование 0.00625 0.0 0.0
исследователь 0.002083 1.832581 0.003818
источник 0.00625 0.0 0.0
кадмий 0.002083 4.60517 0.009594
каждый 0.004167 2.525729 0.010524
календарь 0.004167 0.0 0.0
категория 0.002083 0.0 0.0
качество 0.004167 3.506558 0.014611
кг 0.004167 0.0 0.0
киберпреступник 0.002083 3.506558 0.007305
килограмм 0.002083 4.60517 0.009594
километр 0.002083 0.0 0.0
классический 0.002083 0.0 0.0
клон 0.004167 0.0 0.0
код 0.002083 2.207275 0.004598
колебание 0.002083 3.506558 0.007305
команда 0.00625 2.040221 0.012751
комментирование 0.002083 0.0 0.0
коммерциализация 0.002083 3.912023 0.00815
компактный 0.004167 3.506558 0.014611
компьютер 0.002083 2.207275 0.004598
комфортный 0.004167 0.0 0.0
конференция 0.004167 0.0 0.0
корея 0.002083 0.0 0.0
корпус 0.00625 0.0 0.0
космический 0.002083 1.771957 0.003692
космос 0.00625 0.0 0.0
который 0.00625 0.891598 0.005572
критично 0.004167 3.506558 0.014611
кроссовер 0.004167 0.0 0.0
кубический 0.002083 0.0 0.0
кук 0.002083 0.0 0.0
легко 0.004167 3.506558 0.014611
летать 0.004167 0.0 0.0
летний 0.002083 3.218876 0.006706
лист 0.002083 0.0 0.0
магний 0.002083 4.60517 0.009594
май 0.00625 0.0 0.0
марк 0.002083 0.0 0.0
маска 0.002083 2.120264 0.004417
массивный 0.002083 3.506558 0.007305
масштабировать 0.004167 3.506558 0.014611
материал 0.0125 0.0 0.0
машина 0.002083 0.0 0.0
мгновенно 0.004167 3.218876 0.013412
межпланетный 0.004167 0.0 0.0
менять 0.002083 0.0 0.0
метод 0.004167 1.714798 0.007145
механический 0.002083 4.60517 0.009594
микротрещина 0.002083 4.60517 0.009594
миллион 0.002083 0.0 0.0
минимальный 0.002083 3.506558 0.007305
минимизировать 0.004167 3.506558 0.014611
мир 0.002083 0.0 0.0
мобильный 0.002083 0.0 0.0
момент 0.004167 0.0 0.0
монитор 0.002083 0.0 0.0
мотобренд 0.002083 0.0 0.0
мотоцикл 0.002083 0.0 0.0
мочь 0.002083 0.0 0.0
мусор 0.002083 2.813411 0.005861
навигация 0.002083 3.218876 0.006706
нажать 0.002083 0.0 0.0
название 0.002083 0.0 0.0
назвать 0.002083 0.0 0.0
наноматериал 0.002083 4.60517 0.009594
нанометр 0.002083 4.60517 0.009594
наноплёнка 0.002083 4.60517 0.009594
напряжение 0.002083 3.912023 0.00815
наслать 0.002083 0.0 0.0
наш 0.004167 0.0 0.0
небольшой 0.002083 3.912023 0.00815
неохлаждаемый 0.002083 4.60517 0.009594
несколько 0.00625 2.407946 0.01505
несуществующий 0.002083 3.506558 0.007305
новость 0.002083 0.0 0.0
новый 0.008333 0.0 0.0
носить 0.002083 3.506558 0.007305
ноутбук 0.002083 0.0 0.0
нужно 0.004167 2.65926 0.01108
нужный 0.002083 0.0 0.0
обзор 0.002083 0.0 0.0
обнаружение 0.002083 2.995732 0.006241
обнаружить 0.002083 2.525729 0.005262
обработка 0.002083 0.0 0.0
образец 0.002083 0.0 0.0
объект 0.002083 2.207275 0.004598
объявить 0.002083 0.0 0.0
обычный 0.002083 3.506558 0.007305
одноклассник 0.004167 0.0 0.0
ожидаться 0.002083 2.813411 0.005861
оптик 0.002083 3.506558 0.007305
орбита 0.002083 0.0 0.0
ослабление 0.004167 4.60517 0.019188
ослаблять 0.002083 4.60517 0.009594
основа 0.002083 1.514128 0.003154
оставаться 0.002083 3.912023 0.00815
отдать 0.002083 0.0 0.0
отделить 0.004167 4.60517 0.019188
отделять 0.004167 4.60517 0.019188
отечественный 0.002083 0.0 0.0
отказ 0.002083 0.0 0.0
отказаться 0.00625 0.0 0.0
отключить 0.002083 0.0 0.0
открывать 0.004167 2.525729 0.010524
отметить 0.002083 2.65926 0.00554
отслаиваться 0.002083 4.60517 0.009594
охлаждать 0.002083 4.60517 0.009594
охлаждение 0.002083 3.506558 0.007305
очень 0.004167 0.0 0.0
очко 0.002083 2.813411 0.005861
ошибка 0.002083 0.0 0.0
первый 0.002083 1.347074 0.002806
передний 0.002083 0.0 0.0
период 0.004167 0.0 0.0
периферия 0.004167 0.0 0.0
персональный 0.004167 0.0 0.0
пиар 0.004167 0.0 0.0
пироэлектрический 0.002083 4.60517 0.009594
питание 0.002083 4.60517 0.009594
планшет 0.002083 0.0 0.0
платформа 0.004167 0.0 0.0
плёнка 0.008333 4.60517 0.038376
повреждение 0.002083 2.525729 0.005262
подвести 0.002083 0.0 0.0
подложка 0.002083 4.60517 0.009594
поднять 0.002083 0.0 0.0
подробный 0.002083 0.0 0.0
подход 0.004167 1.89712 0.007905
позволить 0.002083 3.506558 0.007305
позволять 0.002083 1.832581 0.003818
поиск 0.004167 0.0 0.0
пока 0.004167 0.0 0.0
полезный 0.002083 0.0 0.0
полимер 0.004167 3.218876 0.013412
политика 0.00625 0.0 0.0
полноприводный 0.002083 0.0 0.0
полупроводник 0.002083 4.60517 0.009594
полёт 0.002083 0.0 0.0
помощь 0.002083 2.120264 0.004417
попробовать 0.004167 0.0 0.0
популярный 0.004167 0.0 0.0
посещать 0.004167 0.0 0.0
появиться 0.002083 3.506558 0.007305
пояснить 0.002083 2.813411 0.005861
прайс 0.004167 0.0 0.0
превзойти 0.002083 3.506558 0.007305
предположить 0.002083 3.912023 0.00815
представить 0.004167 0.0 0.0
предстоять 0.002083 3.506558 0.007305
прибавка 0.004167 0.0 0.0
привести 0.004167 3.506558 0.014611
привод 0.002083 0.0 0.0
применение 0.004167 3.912023 0.0163
принтер 0.002083 0.0 0.0
пробизнес 0.004167 0.0 0.0
проведение 0.002083 0.0 0.0
провести 0.002083 2.525729 0.005262
программа 0.002083 0.0 0.0
продавать 0.004167 0.0 0.0
продажа 0.002083 0.0 0.0
продемонстрировать 0.002083 2.813411 0.005861
продолжать 0.002083 0.0 0.0
проект 0.004167 0.0 0.0
проектор 0.002083 0.0 0.0
производство 0.002083 2.207275 0.004598
произойти 0.002083 3.912023 0.00815
пролить 0.004167 0.0 0.0
прорыв 0.004167 1.714798 0.007145
прототип 0.002083 2.65926 0.00554
процесс 0.002083 0.0 0.0
работа 0.002083 0.0 0.0
размер 0.002083 2.302585 0.004797
разработать 0.002083 3.218876 0.006706
разработка 0.004167 3.218876 0.013412
рана 0.002083 1.966113 0.004096
реагировать 0.002083 3.506558 0.007305
реальный 0.002083 0.0 0.0
результат 0.002083 0.0 0.0
реклама 0.004167 0.0 0.0
решать 0.002083 0.0 0.0
решить 0.004167 3.912023 0.0163
робототехника 0.004167 3.218876 0.013412
россия 0.002083 0.0 0.0
россиянин 0.002083 0.0 0.0
рубль 0.002083 0.0 0.0
руководство 0.002083 2.813411 0.005861
рынок 0.004167 0.0 0.0
сайт 0.004167 0.0 0.0
самозаживляться 0.002083 3.506558 0.007305
самолёт 0.002083 0.0 0.0
самый 0.004167 0.0 0.0
сантиметр 0.002083 0.0 0.0
сбор 0.002083 0.0 0.0
свет 0.004167 0.0 0.0
свинец 0.00625 4.60517 0.028782
свой 0.002083 1.832581 0.003818
связь 0.008333 0.0 0.0
сегодня 0.004167 0.0 0.0
секунда 0.002083 2.995732 0.006241
сенсор 0.00625 3.912023 0.02445
сервер 0.002083 0.0 0.0
сервис 0.002083 0.0 0.0
сертификация 0.002083 0.0 0.0
сеть 0.002083 0.0 0.0
сигнал 0.002083 2.207275 0.004598
система 0.002083 0.941609 0.001962
скоро 0.004167 0.0 0.0
слово 0.002083 2.302585 0.004797
сложный 0.002083 2.813411 0.005861
слой 0.002083 3.506558 0.007305
смочь 0.002083 2.65926 0.00554
снижать 0.002083 2.302585 0.004797
снова 0.004167 0.0 0.0
собрать 0.002083 3.912023 0.00815
советский 0.004167 0.0 0.0
современный 0.002083 2.207275 0.004598
соглашаться 0.002083 0.0 0.0
создание 0.002083 1.89712 0.003952
создать 0.008333 1.771957 0.014766
состав 0.002083 1.469676 0.003062
сохранить 0.002083 2.65926 0.00554
спасти 0.004167 0.0 0.0
спутник 0.002083 2.120264 0.004417
среда 0.004167 0.0 0.0
ссылаться 0.002083 3.506558 0.007305
ссылка 0.002083 0.0 0.0
стандарт 0.002083 1.832581 0.003818
стартовать 0.002083 0.0 0.0
статистика 0.004167 0.0 0.0
стать 0.002083 0.0 0.0
статья 0.002083 0.0 0.0
стоимость 0.004167 0.0 0.0
страдать 0.002083 4.60517 0.009594
структура 0.002083 2.207275 0.004598
супергерой 0.004167 3.506558 0.014611
схема 0.002083 4.60517 0.009594
тайконавт 0.002083 0.0 0.0
такой 0.002083 1.514128 0.003154
тег 0.002083 0.0 0.0
текст 0.004167 0.0 0.0
теллурид 0.002083 4.60517 0.009594
температура 0.00625 2.525729 0.015786
тепловизор 0.004167 3.506558 0.014611
тест 0.002083 1.171183 0.00244
технический 0.004167 0.0 0.0
технологический 0.002083 3.912023 0.00815
технология 0.00625 1.427116 0.008919
течение 0.004167 2.813411 0.011723
титанат 0.004167 4.60517 0.019188
толщина 0.002083 3.912023 0.00815
топ 0.004167 0.0 0.0
традиционный 0.002083 2.995732 0.006241
требовать 0.002083 3.506558 0.007305
требоваться 0.002083 3.506558 0.007305
туман 0.002083 3.912023 0.00815
турмалин 0.004167 4.60517 0.019188
тыс 0.004167 0.0 0.0
убрать 0.002083 0.0 0.0
удаться 0.002083 3.506558 0.007305
улучшать 0.002083 4.60517 0.009594
улучшить 0.002083 3.218876 0.006706
ультратонкий 0.002083 4.60517 0.009594
упасть 0.004167 0.0 0.0
условие 0.002083 1.771957 0.003692
успех 0.004167 2.207275 0.009197
устройство 0.004167 0.0 0.0
учёный 0.002083 1.966113 0.004096
файл 0.002083 0.0 0.0
флагманский 0.002083 0.0 0.0
форма 0.002083 0.0 0.0
формат 0.002083 3.506558 0.007305
фундаментальный 0.002083 0.0 0.0
хит 0.002083 0.0 0.0
ход 0.002083 0.0 0.0
часто 0.004167 1.714798 0.007145
человек 0.002083 0.0 0.0
чжан 0.004167 4.60517 0.019188
чувствительность 0.004167 4.60517 0.019188
шум 0.004167 2.525729 0.010524
эксперимент 0.002083 1.832581 0.003818
экспорт 0.004167 0.0 0.0
электроника 0.002083 3.912023 0.00815
эмбрион 0.002083 0.0 0.0
южный 0.002083 0.0 0.0
