авиалайнер 0.002227 0.0 0.0
австралия 0.002227 0.0 0.0
автоваз 0.004454 0.0 0.0
автомат 0.002227 0.0 0.0
автопроизводитель 0.002227 0.0 0.0
автор 0.008909 0.0 0.0
администрация 0.002227 0.0 0.0
адрес 0.004454 0.0 0.0
америка 0.002227 0.0 0.0
американский 0.004454 2.813411 0.012532
аналитик 0.002227 0.0 0.0
архитектура 0.004454 3.218876 0.014338
астронавт 0.002227 2.525729 0.005625
белок 0.002227 0.0 0.0
биологический 0.006682 0.0 0.0
биосфера 0.004454 3.506558 0.015619
ближний 0.002227 0.0 0.0
блог 0.002227 0.0 0.0
быстро 0.004454 0.0 0.0
быть 0.002227 0.0 0.0
важный 0.002227 2.995732 0.006672
вес 0.002227 0.0 0.0
весь 0.002227 0.0 0.0
видеокарта 0.002227 0.0 0.0
внедорожник 0.002227 0.0 0.0
внимание 0.004454 2.65926 0.011845
вода 0.002227 0.0 0.0
возможный 0.002227 3.218876 0.007169
войти 0.004454 0.0 0.0
вопрос 0.002227 1.660731 0.003699
восток 0.002227 0.0 0.0
время 0.004454 1.427116 0.006357
входить 0.002227 0.0 0.0
выбрать 0.002227 3.506558 0.00781
выделить 0.004454 0.0 0.0
выжить 0.004454 4.60517 0.020513
выход 0.002227 0.0 0.0
выходить 0.002227 0.0 0.0
герметичный 0.002227 4.60517 0.010257
гипотетический 0.002227 4.60517 0.010257
главный 0.002227 0.0 0.0
год 0.006682 0.0 0.0
гонка 0.002227 2.407946 0.005363
данные 0.004454 0.0 0.0
двигатель 0.006682 0.0 0.0
двое 0.004454 2.813411 0.012532
дизайн 0.004454 0.0 0.0
директор 0.004454 0.0 0.0
договор 0.002227 3.912023 0.008713
должный 0.002227 2.813411 0.006266
доллар 0.002227 0.0 0.0
дом 0.004454 0.0 0.0
допустимый 0.002227 4.60517 0.010257
доставить 0.002227 0.0 0.0
достигать 0.002227 0.0 0.0
дыхание 0.004454 4.60517 0.020513
ещё 0.004454 1.89712 0.00845
жизнеобеспечение 0.002227 3.912023 0.008713
жить 0.002227 2.65926 0.005923
завершить 0.002227 0.0 0.0
загадка 0.004454 3.506558 0.015619
загрязнение 0.006682 4.60517 0.03077
задача 0.002227 2.040221 0.004544
занести 0.002227 4.60517 0.010257
заставлять 0.002227 2.813411 0.006266
защита 0.011136 0.0 0.0
защитить 0.004454 3.506558 0.015619
звезда 0.002227 2.813411 0.006266
звёздный 0.002227 3.506558 0.00781
земля 0.006682 0.0 0.0
земной 0.002227 2.302585 0.005128
зона 0.002227 2.525729 0.005625
зонд 0.006682 0.0 0.0
игра 0.002227 0.0 0.0
идти 0.002227 2.995732 0.006672
изоляция 0.002227 4.60517 0.010257
изучение 0.002227 2.995732 0.006672
иллюстрация 0.004454 2.120264 0.009444
инновационный 0.004454 0.0 0.0
инопланетный 0.002227 4.60517 0.010257
информация 0.002227 0.0 0.0
использование 0.006682 0.0 0.0
использовать 0.002227 2.040221 0.004544
исследование 0.006682 0.0 0.0
исследователь 0.002227 1.832581 0.004081
исследовательский 0.004454 3.506558 0.015619
источник 0.006682 0.0 0.0
итог 0.002227 2.813411 0.006266
каждый 0.004454 2.525729 0.01125
календарь 0.004454 0.0 0.0
категория 0.002227 0.0 0.0
кг 0.004454 0.0 0.0
километр 0.002227 0.0 0.0
китайский 0.004454 2.813411 0.012532
классический 0.002227 0.0 0.0
клон 0.004454 0.0 0.0
ключевой 0.004454 1.89712 0.00845
кнр 0.004454 3.218876 0.014338
кожный 0.002227 4.60517 0.010257
комитет 0.002227 3.912023 0.008713
комментирование 0.002227 0.0 0.0
комплекс 0.004454 2.65926 0.011845
комфортный 0.004454 0.0 0.0
конец 0.004454 2.525729 0.01125
конференция 0.004454 0.0 0.0
корея 0.002227 0.0 0.0
корпус 0.002227 0.0 0.0
космос 0.008909 0.0 0.0
который 0.002227 0.891598 0.001986
кроссовер 0.004454 0.0 0.0
кубический 0.002227 0.0 0.0
кук 0.002227 0.0 0.0
летать 0.004454 0.0 0.0
лист 0.002227 0.0 0.0
май 0.006682 0.0 0.0
марк 0.002227 0.0 0.0
марс 0.006682 2.525729 0.016876
марсианский 0.002227 3.506558 0.00781
масса 0.002227 2.813411 0.006266
масштаб 0.002227 1.771957 0.003946
материал 0.002227 0.0 0.0
машина 0.002227 0.0 0.0
международный 0.004454 3.912023 0.017425
межпланетный 0.004454 0.0 0.0
менее 0.004454 2.207275 0.009832
менять 0.002227 0.0 0.0
место 0.002227 1.514128 0.003372
метод 0.002227 1.714798 0.003819
методология 0.002227 4.60517 0.010257
микроб 0.002227 3.506558 0.00781
микробиологический 0.002227 4.60517 0.010257
микроорганизм 0.002227 4.60517 0.010257
миллион 0.002227 0.0 0.0
минимальный 0.002227 3.506558 0.00781
минимизировать 0.004454 3.506558 0.015619
мир 0.002227 0.0 0.0
миссия 0.008909 1.347074 0.012001
млечный 0.004454 3.218876 0.014338
мобильный 0.002227 0.0 0.0
модуль 0.002227 2.65926 0.005923
момент 0.004454 0.0 0.0
монитор 0.002227 0.0 0.0
мотобренд 0.002227 0.0 0.0
мотоцикл 0.002227 0.0 0.0
мочь 0.004454 0.0 0.0
нажать 0.002227 0.0 0.0
название 0.002227 0.0 0.0
назвать 0.002227 0.0 0.0
наличие 0.002227 4.60517 0.010257
нарушить 0.002227 3.912023 0.008713
наслать 0.002227 0.0 0.0
наш 0.004454 0.0 0.0
невозможно 0.004454 3.912023 0.017425
недостаточно 0.004454 3.506558 0.015619
неизбежно 0.004454 4.60517 0.020513
новость 0.002227 0.0 0.0
новый 0.006682 0.0 0.0
ноутбук 0.002227 0.0 0.0
нужный 0.002227 0.0 0.0
обеспечить 0.004454 3.218876 0.014338
обзор 0.002227 0.0 0.0
обнаружить 0.002227 2.525729 0.005625
обновить 0.002227 3.506558 0.00781
оборудование 0.004454 3.506558 0.015619
обработка 0.002227 0.0 0.0
образец 0.004454 0.0 0.0
образный 0.004454 3.506558 0.015619
обратный 0.002227 4.60517 0.010257
общий 0.002227 3.506558 0.00781
объявить 0.002227 0.0 0.0
обязать 0.002227 4.60517 0.010257
одноклассник 0.004454 0.0 0.0
опережать 0.002227 3.506558 0.00781
орбита 0.004454 0.0 0.0
оставаться 0.004454 1.714798 0.007638
отдать 0.002227 0.0 0.0
отечественный 0.002227 0.0 0.0
отказ 0.002227 0.0 0.0
отказаться 0.002227 0.0 0.0
отключить 0.002227 0.0 0.0
отход 0.002227 3.506558 0.00781
отчёт 0.002227 3.218876 0.007169
оценка 0.002227 2.995732 0.006672
очень 0.004454 0.0 0.0
ошибка 0.002227 0.0 0.0
партнёр 0.002227 2.302585 0.005128
первый 0.002227 2.120264 0.004722
передний 0.002227 0.0 0.0
пересмотреть 0.004454 2.813411 0.012532
период 0.004454 0.0 0.0
периферия 0.004454 0.0 0.0
персональный 0.004454 0.0 0.0
пиар 0.004454 0.0 0.0
пилотировать 0.006682 3.506558 0.023429
план 0.004454 0.0 0.0
планета 0.002227 2.120264 0.004722
планетарный 0.004454 4.60517 0.020513
планшет 0.002227 0.0 0.0
платформа 0.004454 0.0 0.0
подвести 0.002227 0.0 0.0
поднять 0.002227 0.0 0.0
подробный 0.002227 0.0 0.0
подчёркивать 0.002227 2.995732 0.006672
поиск 0.006682 0.0 0.0
пока 0.004454 0.0 0.0
полезный 0.002227 0.0 0.0
политика 0.006682 0.0 0.0
полноприводный 0.002227 0.0 0.0
полёт 0.002227 0.0 0.0
помочь 0.002227 2.813411 0.006266
понять 0.004454 3.506558 0.015619
попробовать 0.004454 0.0 0.0
популярный 0.004454 0.0 0.0
посадочный 0.002227 3.506558 0.00781
посещать 0.004454 0.0 0.0
потенциальный 0.004454 3.218876 0.014338
почему 0.004454 3.506558 0.015619
пояснить 0.002227 2.040221 0.004544
правило 0.002227 0.0 0.0
прайс 0.004454 0.0 0.0
пребывание 0.002227 3.912023 0.008713
предварительный 0.002227 4.60517 0.010257
преддверие 0.002227 4.60517 0.010257
предел 0.002227 1.609438 0.003584
предложить 0.002227 4.60517 0.010257
предотвращение 0.002227 4.60517 0.010257
представить 0.002227 0.0 0.0
прибавка 0.004454 0.0 0.0
привод 0.002227 0.0 0.0
принтер 0.002227 0.0 0.0
принцип 0.002227 2.995732 0.006672
присутствие 0.002227 4.60517 0.010257
пробизнес 0.004454 0.0 0.0
проведение 0.002227 0.0 0.0
провести 0.002227 3.912023 0.008713
программа 0.002227 0.0 0.0
продавать 0.004454 0.0 0.0
продажа 0.002227 0.0 0.0
продолжать 0.002227 0.0 0.0
проект 0.004454 0.0 0.0
проектор 0.002227 0.0 0.0
происходить 0.002227 2.995732 0.006672
пролить 0.004454 0.0 0.0
прорыв 0.004454 1.714798 0.007638
протокол 0.002227 3.912023 0.008713
процесс 0.002227 0.0 0.0
путь 0.004454 2.120264 0.009444
работа 0.004454 0.0 0.0
разведка 0.002227 4.60517 0.010257
разделяться 0.002227 4.60517 0.010257
разработка 0.004454 3.218876 0.014338
район 0.002227 3.506558 0.00781
рамка 0.004454 2.302585 0.010257
рассчитать 0.002227 4.60517 0.010257
реальный 0.002227 0.0 0.0
результат 0.002227 0.0 0.0
реклама 0.004454 0.0 0.0
речь 0.004454 3.506558 0.015619
решать 0.002227 0.0 0.0
решение 0.002227 1.514128 0.003372
риск 0.004454 1.89712 0.00845
робот 0.002227 1.966113 0.004379
ровер 0.002227 1.832581 0.004081
россия 0.002227 0.0 0.0
россиянин 0.002227 0.0 0.0
рубль 0.002227 0.0 0.0
рынок 0.004454 0.0 0.0
сайт 0.004454 0.0 0.0
самолёт 0.002227 0.0 0.0
самый 0.004454 0.0 0.0
сантиметр 0.002227 0.0 0.0
сбор 0.002227 0.0 0.0
свет 0.004454 0.0 0.0
связь 0.006682 0.0 0.0
сегодня 0.004454 0.0 0.0
семья 0.002227 2.995732 0.006672
сервер 0.002227 0.0 0.0
сервис 0.002227 0.0 0.0
серия 0.002227 3.912023 0.008713
сертификация 0.002227 0.0 0.0
сеть 0.002227 0.0 0.0
система 0.002227 0.941609 0.002097
скоро 0.004454 0.0 0.0
слабый 0.002227 3.506558 0.00781
снизить 0.004454 3.218876 0.014338
снова 0.004454 0.0 0.0
советский 0.004454 0.0 0.0
совместно 0.004454 3.218876 0.014338
соглашаться 0.002227 0.0 0.0
содержать 0.002227 3.912023 0.008713
сотрудничество 0.004454 2.65926 0.011845
спасти 0.004454 0.0 0.0
среда 0.004454 0.0 0.0
ссылка 0.002227 0.0 0.0
стандарт 0.002227 1.832581 0.004081
стартовать 0.002227 0.0 0.0
статистика 0.004454 0.0 0.0
стать 0.004454 0.0 0.0
статья 0.002227 0.0 0.0
стоимость 0.004454 0.0 0.0
строгий 0.002227 3.912023 0.008713
строить 0.002227 2.813411 0.006266
схема 0.002227 4.60517 0.010257
сценарий 0.002227 3.506558 0.00781
тайконавт 0.002227 0.0 0.0
тег 0.002227 0.0 0.0
текст 0.004454 0.0 0.0
термоядерный 0.004454 3.218876 0.014338
технический 0.004454 0.0 0.0
тонна 0.002227 3.506558 0.00781
топ 0.004454 0.0 0.0
требовать 0.002227 2.302585 0.005128
тыс 0.004454 0.0 0.0
тысяча 0.002227 3.912023 0.008713
убрать 0.002227 0.0 0.0
угроза 0.004454 2.207275 0.009832
удаться 0.002227 3.506558 0.00781
уделяться 0.002227 4.60517 0.010257
упасть 0.004454 0.0 0.0
уровень 0.004454 3.506558 0.015619
усиливать 0.002227 3.912023 0.008713
усовершенствовать 0.002227 3.912023 0.008713
устройство 0.002227 0.0 0.0
утвердить 0.002227 4.60517 0.010257
учёный 0.004454 1.272966 0.00567
файл 0.002227 0.0 0.0
фактор 0.002227 3.218876 0.007169
фильтрация 0.002227 4.60517 0.010257
финальный 0.004454 3.912023 0.017425
флагманский 0.002227 0.0 0.0
фундаментальный 0.002227 0.0 0.0
хаотично 0.004454 3.506558 0.015619
хит 0.002227 0.0 0.0
человек 0.008909 0.0 0.0
четыре 0.002227 2.207275 0.004916
экипаж 0.004454 3.218876 0.014338
экосистема 0.002227 3.218876 0.007169
эксперт 0.002227 2.65926 0.005923
экспорт 0.004454 0.0 0.0
эмбрион 0.002227 0.0 0.0
южный 0.002227 0.0 0.0
ясно 0.004454 3.506558 0.015619
