авиалайнер 0.003448 0.0 0.0
австралия 0.003448 0.0 0.0
автоваз 0.006897 0.0 0.0
автомат 0.003448 0.0 0.0
автопроизводитель 0.003448 0.0 0.0
автор 0.010345 0.0 0.0
администрация 0.003448 0.0 0.0
адрес 0.006897 0.0 0.0
америка 0.003448 0.0 0.0
аналитик 0.003448 0.0 0.0
безопасность 0.003448 1.714798 0.005913
белок 0.003448 0.0 0.0
биологический 0.006897 0.0 0.0
ближний 0.003448 0.0 0.0
блог 0.003448 0.0 0.0
быстро 0.006897 0.0 0.0
быть 0.003448 0.0 0.0
версия 0.003448 2.65926 0.00917
вес 0.003448 0.0 0.0
весь 0.003448 0.0 0.0
видеокарта 0.003448 0.0 0.0
внедорожник 0.003448 0.0 0.0
войти 0.006897 0.0 0.0
восток 0.003448 0.0 0.0
входить 0.003448 0.0 0.0
выглядеть 0.003448 4.60517 0.01588
выделить 0.003448 0.0 0.0
выходить 0.003448 0.0 0.0
главный 0.003448 0.0 0.0
год 0.003448 0.0 0.0
данные 0.006897 0.0 0.0
два 0.003448 0.0 0.0
двигатель 0.010345 0.0 0.0
дизайн 0.006897 0.0 0.0
дилер 0.003448 3.218876 0.0111
директор 0.006897 0.0 0.0
доллар 0.003448 0.0 0.0
дом 0.006897 0.0 0.0
доставить 0.003448 0.0 0.0
достигать 0.003448 0.0 0.0
завершить 0.003448 0.0 0.0
завершиться 0.003448 3.912023 0.01349
запустить 0.003448 1.966113 0.00678
защита 0.003448 0.0 0.0
земля 0.006897 0.0 0.0
зонд 0.010345 0.0 0.0
игра 0.003448 0.0 0.0
инновационный 0.006897 0.0 0.0
информация 0.003448 0.0 0.0
исключить 0.003448 3.912023 0.01349
исполнение 0.006897 3.912023 0.026979
использование 0.003448 0.0 0.0
исследование 0.003448 0.0 0.0
источник 0.006897 0.0 0.0
календарь 0.006897 0.0 0.0
категория 0.003448 0.0 0.0
кг 0.006897 0.0 0.0
километр 0.003448 0.0 0.0
клапанный 0.006897 4.60517 0.03176
классический 0.003448 0.0 0.0
климатический 0.003448 4.60517 0.01588
клон 0.006897 0.0 0.0
комментирование 0.003448 0.0 0.0
комплекс 0.006897 2.65926 0.01834
комплектация 0.003448 2.995732 0.01033
комфортный 0.006897 0.0 0.0
контроль 0.006897 2.813411 0.019403
конференция 0.006897 0.0 0.0
корея 0.003448 0.0 0.0
корпус 0.003448 0.0 0.0
космос 0.010345 0.0 0.0
кросс 0.006897 0.0 0.0
кроссовер 0.006897 0.0 0.0
круиз 0.006897 3.912023 0.026979
кубический 0.003448 0.0 0.0
кук 0.003448 0.0 0.0
летать 0.006897 0.0 0.0
лист 0.006897 0.0 0.0
лифтбэк 0.006897 4.60517 0.03176
май 0.010345 0.0 0.0
максимальный 0.003448 3.506558 0.012092
марк 0.003448 0.0 0.0
материал 0.003448 0.0 0.0
машина 0.010345 0.0 0.0
медиасистема 0.010345 3.506558 0.036275
межпланетный 0.006897 0.0 0.0
менять 0.003448 0.0 0.0
миллион 0.003448 0.0 0.0
мир 0.003448 0.0 0.0
млн 0.006897 1.108663 0.007646
мобильный 0.003448 0.0 0.0
момент 0.006897 0.0 0.0
монитор 0.003448 0.0 0.0
мотобренд 0.003448 0.0 0.0
мотор 0.006897 2.207275 0.015223
мотоцикл 0.003448 0.0 0.0
мочь 0.003448 0.0 0.0
нажать 0.003448 0.0 0.0
назад 0.006897 2.65926 0.01834
название 0.003448 0.0 0.0
назвать 0.003448 0.0 0.0
наслать 0.003448 0.0 0.0
наш 0.006897 0.0 0.0
неделя 0.003448 2.995732 0.01033
новость 0.003448 0.0 0.0
новый 0.013793 0.0 0.0
ноутбук 0.003448 0.0 0.0
нужный 0.003448 0.0 0.0
обзор 0.003448 0.0 0.0
обновить 0.003448 4.60517 0.01588
обработка 0.003448 0.0 0.0
образец 0.003448 0.0 0.0
объявить 0.003448 0.0 0.0
ограничитель 0.003448 4.60517 0.01588
одноклассник 0.006897 0.0 0.0
опубликовать 0.003448 2.525729 0.008709
орбита 0.003448 0.0 0.0
оснащение 0.003448 2.813411 0.009701
отдать 0.003448 0.0 0.0
отечественный 0.003448 0.0 0.0
отказ 0.003448 0.0 0.0
отказаться 0.003448 0.0 0.0
отключить 0.003448 0.0 0.0
официальный 0.003448 3.506558 0.012092
охранный 0.006897 4.60517 0.03176
очень 0.006897 0.0 0.0
ошибка 0.003448 0.0 0.0
передний 0.003448 0.0 0.0
период 0.006897 0.0 0.0
периферия 0.006897 0.0 0.0
персональный 0.006897 0.0 0.0
пиар 0.006897 0.0 0.0
планшет 0.003448 0.0 0.0
платформа 0.006897 0.0 0.0
повыситься 0.003448 4.60517 0.01588
подвести 0.003448 0.0 0.0
поднять 0.003448 0.0 0.0
подробный 0.003448 0.0 0.0
поиск 0.006897 0.0 0.0
пока 0.006897 0.0 0.0
полгода 0.006897 3.218876 0.022199
полезный 0.003448 0.0 0.0
политика 0.010345 0.0 0.0
полноприводный 0.003448 0.0 0.0
полёт 0.003448 0.0 0.0
попробовать 0.006897 0.0 0.0
популярный 0.006897 0.0 0.0
посещать 0.006897 0.0 0.0
появиться 0.003448 2.813411 0.009701
прайс 0.006897 0.0 0.0
превысить 0.003448 2.65926 0.00917
представить 0.003448 0.0 0.0
прибавка 0.006897 0.0 0.0
привод 0.003448 0.0 0.0
принтер 0.003448 0.0 0.0
пробизнес 0.006897 0.0 0.0
проведение 0.003448 0.0 0.0
программа 0.003448 0.0 0.0
продавать 0.006897 0.0 0.0
продажа 0.003448 0.0 0.0
продолжать 0.003448 0.0 0.0
проект 0.006897 0.0 0.0
проектор 0.003448 0.0 0.0
производство 0.006897 2.302585 0.01588
пролить 0.006897 0.0 0.0
противотуманный 0.003448 4.60517 0.01588
процесс 0.003448 0.0 0.0
работа 0.003448 0.0 0.0
распродать 0.003448 4.60517 0.01588
реальный 0.003448 0.0 0.0
режим 0.003448 2.407946 0.008303
результат 0.003448 0.0 0.0
реклама 0.006897 0.0 0.0
решать 0.003448 0.0 0.0
россия 0.010345 0.0 0.0
россиянин 0.003448 0.0 0.0
рубль 0.003448 0.0 0.0
рынок 0.006897 0.0 0.0
сайт 0.006897 0.0 0.0
самолёт 0.003448 0.0 0.0
самый 0.006897 0.0 0.0
сантиметр 0.003448 0.0 0.0
сбор 0.003448 0.0 0.0
свет 0.006897 0.0 0.0
связь 0.010345 0.0 0.0
сегодня 0.006897 0.0 0.0
сервер 0.003448 0.0 0.0
сервис 0.003448 0.0 0.0
сертификация 0.003448 0.0 0.0
сеть 0.003448 0.0 0.0
сигнализация 0.003448 4.60517 0.01588
скоро 0.006897 0.0 0.0
снова 0.006897 0.0 0.0
советский 0.006897 0.0 0.0
соглашаться 0.003448 0.0 0.0
спасти 0.006897 0.0 0.0
среда 0.006897 0.0 0.0
ссылка 0.003448 0.0 0.0
стартовать 0.003448 0.0 0.0
старый 0.003448 3.218876 0.0111
статистика 0.006897 0.0 0.0
стать 0.003448 0.0 0.0
статья 0.003448 0.0 0.0
стоимость 0.006897 0.0 0.0
судить 0.003448 3.218876 0.0111
тайконавт 0.003448 0.0 0.0
такой 0.003448 1.714798 0.005913
тег 0.003448 0.0 0.0
текст 0.006897 0.0 0.0
технический 0.006897 0.0 0.0
топ 0.006897 0.0 0.0
тыс 0.006897 0.0 0.0
убрать 0.003448 0.0 0.0
универсал 0.006897 2.207275 0.015223
упасть 0.006897 0.0 0.0
установка 0.006897 3.218876 0.022199
устройство 0.003448 0.0 0.0
файл 0.003448 0.0 0.0
фара 0.003448 3.912023 0.01349
флагманский 0.003448 0.0 0.0
фундаментальный 0.003448 0.0 0.0
хит 0.003448 0.0 0.0
цена 0.006897 1.386294 0.009561
человек 0.003448 0.0 0.0
экспорт 0.006897 0.0 0.0
эмбрион 0.003448 0.0 0.0
южный 0.003448 0.0 0.0
