аварийный 0.002146 3.506558 0.007525
авария 0.002146 2.407946 0.005167
авиалайнер 0.002146 0.0 0.0
австралия 0.002146 0.0 0.0
автоваз 0.004292 0.0 0.0
автомат 0.002146 0.0 0.0
автомобиль 0.002146 1.714798 0.00368
автономный 0.002146 2.813411 0.006037
автопроизводитель 0.002146 0.0 0.0
автор 0.006438 0.0 0.0
адаптироваться 0.002146 3.506558 0.007525
администрация 0.002146 0.0 0.0
адрес 0.004292 0.0 0.0
активность 0.004292 3.506558 0.01505
акустический 0.006438 4.60517 0.029647
америка 0.002146 0.0 0.0
анализатор 0.004292 3.912023 0.01679
аналитик 0.002146 0.0 0.0
аудиозапись 0.004292 4.60517 0.019765
бедствие 0.002146 4.60517 0.009882
безопасный 0.002146 3.218876 0.006907
белок 0.002146 0.0 0.0
биоакустический 0.002146 4.60517 0.009882
биологический 0.004292 0.0 0.0
ближний 0.002146 0.0 0.0
блог 0.002146 0.0 0.0
большинство 0.004292 3.218876 0.013815
брюшко 0.002146 4.60517 0.009882
будущее 0.002146 2.207275 0.004737
быстро 0.004292 0.0 0.0
быть 0.002146 0.0 0.0
важно 0.004292 2.120264 0.0091
вес 0.002146 0.0 0.0
весь 0.002146 0.0 0.0
вживить 0.002146 4.60517 0.009882
вибрация 0.002146 3.912023 0.008395
вид 0.002146 0.0 0.0
видеокарта 0.002146 0.0 0.0
вмешательство 0.004292 4.60517 0.019765
внедорожник 0.002146 0.0 0.0
внутренний 0.002146 4.60517 0.009882
войти 0.004292 0.0 0.0
вопрос 0.002146 1.660731 0.003564
воспроизводить 0.006438 4.60517 0.029647
восток 0.002146 0.0 0.0
входить 0.002146 0.0 0.0
выделить 0.002146 0.0 0.0
высота 0.002146 3.218876 0.006907
выходить 0.002146 0.0 0.0
выявить 0.002146 3.912023 0.008395
ганглиевый 0.002146 4.60517 0.009882
главный 0.002146 0.0 0.0
год 0.004292 0.0 0.0
голосовой 0.002146 4.60517 0.009882
группа 0.004292 3.506558 0.01505
данные 0.004292 0.0 0.0
двигатель 0.006438 0.0 0.0
движение 0.004292 2.995732 0.012857
демонстрировать 0.002146 3.912023 0.008395
диапазон 0.004292 2.813411 0.012075
дизайн 0.004292 0.0 0.0
динамик 0.002146 2.995732 0.006429
директор 0.004292 0.0 0.0
длительность 0.002146 3.912023 0.008395
долговечность 0.002146 3.912023 0.008395
доллар 0.002146 0.0 0.0
дом 0.004292 0.0 0.0
доставить 0.002146 0.0 0.0
достигать 0.002146 0.0 0.0
достигнуть 0.002146 3.506558 0.007525
естественный 0.006438 4.60517 0.029647
завал 0.002146 3.912023 0.008395
завершить 0.002146 0.0 0.0
зависеть 0.002146 3.218876 0.006907
зависимость 0.004292 2.995732 0.012857
защита 0.002146 0.0 0.0
звук 0.006438 2.207275 0.01421
земля 0.004292 0.0 0.0
зона 0.002146 2.995732 0.006429
зонд 0.006438 0.0 0.0
игра 0.002146 0.0 0.0
имитировать 0.002146 4.60517 0.009882
импульс 0.004292 2.65926 0.011413
инновационный 0.004292 0.0 0.0
инструмент 0.004292 1.89712 0.008142
интернет 0.002146 2.65926 0.005707
интерфейс 0.002146 2.525729 0.00542
информация 0.002146 0.0 0.0
исполнение 0.002146 3.912023 0.008395
исполнять 0.004292 3.506558 0.01505
использование 0.002146 0.0 0.0
использовать 0.002146 2.040221 0.004378
исследование 0.002146 0.0 0.0
исследователь 0.002146 1.832581 0.003933
источник 0.006438 0.0 0.0
календарь 0.004292 0.0 0.0
калибровка 0.002146 4.60517 0.009882
канон 0.002146 4.60517 0.009882
категория 0.002146 0.0 0.0
квантовый 0.002146 2.813411 0.006037
кг 0.004292 0.0 0.0
киборг 0.004292 4.60517 0.019765
километр 0.002146 0.0 0.0
классика 0.002146 3.506558 0.007525
классический 0.002146 0.0 0.0
клон 0.004292 0.0 0.0
ключевой 0.002146 1.966113 0.004219
количество 0.004292 3.218876 0.013815
команда 0.002146 2.040221 0.004378
комментирование 0.002146 0.0 0.0
композиция 0.002146 4.60517 0.009882
комфортный 0.004292 0.0 0.0
контролировать 0.004292 3.506558 0.01505
контролироваться 0.002146 4.60517 0.009882
конференция 0.004292 0.0 0.0
концепция 0.002146 4.60517 0.009882
корея 0.002146 0.0 0.0
корпус 0.002146 0.0 0.0
космос 0.006438 0.0 0.0
крепиться 0.002146 4.60517 0.009882
кроссовер 0.004292 0.0 0.0
крупный 0.002146 3.218876 0.006907
крыло 0.002146 2.995732 0.006429
кубический 0.002146 0.0 0.0
кук 0.002146 0.0 0.0
кутикула 0.002146 4.60517 0.009882
летать 0.004292 0.0 0.0
лист 0.002146 0.0 0.0
май 0.006438 0.0 0.0
марк 0.002146 0.0 0.0
масштабирование 0.002146 3.912023 0.008395
материал 0.002146 0.0 0.0
машина 0.002146 0.0 0.0
межпланетный 0.004292 0.0 0.0
мембрана 0.004292 4.60517 0.019765
менять 0.002146 0.0 0.0
метод 0.004292 1.714798 0.00736
микрофон 0.002146 4.60517 0.009882
миллион 0.002146 0.0 0.0
минимальный 0.002146 3.506558 0.007525
мир 0.002146 0.0 0.0
мобильный 0.002146 0.0 0.0
момент 0.004292 0.0 0.0
монитор 0.002146 0.0 0.0
мотобренд 0.002146 0.0 0.0
мотоцикл 0.002146 0.0 0.0
мочь 0.002146 0.0 0.0
музыкальный 0.002146 4.60517 0.009882
мышца 0.002146 4.60517 0.009882
навигация 0.002146 2.995732 0.006429
нажать 0.002146 0.0 0.0
название 0.002146 0.0 0.0
назвать 0.002146 0.0 0.0
напряжение 0.006438 4.60517 0.029647
насекомое 0.004292 4.60517 0.019765
наслать 0.002146 0.0 0.0
научить 0.002146 2.995732 0.006429
начать 0.002146 3.506558 0.007525
наш 0.004292 0.0 0.0
необычный 0.004292 4.60517 0.019765
нервный 0.002146 4.60517 0.009882
новость 0.002146 0.0 0.0
новый 0.006438 0.0 0.0
нога 0.002146 0.0 0.0
нота 0.002146 3.506558 0.007525
ноутбук 0.002146 0.0 0.0
нужный 0.002146 0.0 0.0
ныне 0.004292 2.995732 0.012857
обездвиживание 0.002146 4.60517 0.009882
обзор 0.002146 0.0 0.0
обработка 0.002146 0.0 0.0
образец 0.002146 0.0 0.0
объявить 0.004292 0.0 0.0
одноклассник 0.004292 0.0 0.0
октав 0.002146 4.60517 0.009882
оповещение 0.002146 4.60517 0.009882
опубликовать 0.002146 4.60517 0.009882
орбита 0.002146 0.0 0.0
орган 0.002146 2.407946 0.005167
основа 0.002146 1.514128 0.003249
особь 0.002146 4.60517 0.009882
отдать 0.002146 0.0 0.0
отечественный 0.002146 0.0 0.0
отказ 0.002146 0.0 0.0
отказаться 0.002146 0.0 0.0
отклик 0.004292 4.60517 0.019765
отключить 0.002146 0.0 0.0
отличие 0.004292 2.207275 0.009473
отслеживать 0.002146 4.60517 0.009882
охватывать 0.002146 4.60517 0.009882
очень 0.004292 0.0 0.0
ошибка 0.002146 0.0 0.0
параметр 0.002146 2.65926 0.005707
партнёрство 0.002146 3.218876 0.006907
паттерн 0.002146 4.60517 0.009882
пахельбель 0.002146 4.60517 0.009882
передавать 0.002146 3.506558 0.007525
передний 0.002146 0.0 0.0
перемещение 0.002146 3.912023 0.008395
перенести 0.002146 4.60517 0.009882
период 0.004292 0.0 0.0
периферия 0.004292 0.0 0.0
персональный 0.004292 0.0 0.0
пиар 0.004292 0.0 0.0
планшет 0.002146 0.0 0.0
платформа 0.006438 0.0 0.0
повреждение 0.002146 2.407946 0.005167
подвести 0.002146 0.0 0.0
поднять 0.002146 0.0 0.0
подробный 0.002146 0.0 0.0
позволить 0.004292 2.813411 0.012075
поиск 0.004292 0.0 0.0
пока 0.004292 0.0 0.0
полезный 0.002146 0.0 0.0
политика 0.006438 0.0 0.0
полноприводный 0.002146 0.0 0.0
полёт 0.002146 0.0 0.0
помощь 0.002146 2.120264 0.00455
попробовать 0.004292 0.0 0.0
популярный 0.004292 0.0 0.0
посещать 0.004292 0.0 0.0
последовательность 0.004292 4.60517 0.019765
прайс 0.004292 0.0 0.0
превышать 0.002146 4.60517 0.009882
представить 0.004292 0.0 0.0
предстоять 0.002146 3.506558 0.007525
преимущество 0.002146 3.506558 0.007525
преобразование 0.002146 3.912023 0.008395
препринт 0.002146 4.60517 0.009882
прибавка 0.004292 0.0 0.0
привод 0.002146 0.0 0.0
принтер 0.002146 0.0 0.0
пробизнес 0.004292 0.0 0.0
проведение 0.002146 0.0 0.0
проволока 0.002146 4.60517 0.009882
программа 0.002146 0.0 0.0
программировать 0.002146 4.60517 0.009882
продавать 0.004292 0.0 0.0
продажа 0.002146 0.0 0.0
продолжать 0.004292 0.0 0.0
проект 0.004292 0.0 0.0
проектор 0.002146 0.0 0.0
пролить 0.004292 0.0 0.0
проложить 0.002146 3.506558 0.007525
прорыв 0.004292 1.714798 0.00736
процесс 0.002146 0.0 0.0
путь 0.004292 2.120264 0.0091
пытаться 0.002146 3.912023 0.008395
работа 0.006438 0.0 0.0
развитие 0.002146 2.407946 0.005167
размер 0.002146 2.302585 0.004941
расположить 0.002146 3.912023 0.008395
рассказывать 0.002146 3.912023 0.008395
реагировать 0.002146 4.60517 0.009882
реальный 0.002146 0.0 0.0
результат 0.002146 0.0 0.0
реклама 0.004292 0.0 0.0
решать 0.002146 0.0 0.0
решить 0.004292 3.912023 0.01679
ритмический 0.002146 4.60517 0.009882
россия 0.002146 0.0 0.0
россиянин 0.002146 0.0 0.0
рубль 0.002146 0.0 0.0
рынок 0.004292 0.0 0.0
сайт 0.004292 0.0 0.0
самец 0.002146 4.60517 0.009882
самовосстанавливаться 0.004292 3.506558 0.01505
самолёт 0.002146 0.0 0.0
самый 0.004292 0.0 0.0
сантиметр 0.004292 0.0 0.0
сбор 0.002146 0.0 0.0
сбросить 0.004292 4.60517 0.019765
свет 0.004292 0.0 0.0
связать 0.002146 3.912023 0.008395
связь 0.006438 0.0 0.0
сегодня 0.004292 0.0 0.0
сервер 0.002146 0.0 0.0
сервис 0.002146 0.0 0.0
сертификация 0.002146 0.0 0.0
сеть 0.002146 0.0 0.0
сигнал 0.002146 2.207275 0.004737
сила 0.006438 2.040221 0.013134
сингапур 0.004292 3.912023 0.01679
синтез 0.004292 2.407946 0.010335
синхронно 0.004292 3.912023 0.01679
система 0.004292 0.653926 0.002807
скоро 0.004292 0.0 0.0
сложный 0.002146 2.995732 0.006429
смотреть 0.002146 0.0 0.0
снова 0.004292 0.0 0.0
соавтор 0.004292 3.912023 0.01679
советский 0.004292 0.0 0.0
соглашаться 0.002146 0.0 0.0
создание 0.002146 2.525729 0.00542
состояние 0.004292 3.506558 0.01505
состоять 0.002146 4.60517 0.009882
сотрудник 0.004292 3.218876 0.013815
сохранять 0.002146 3.912023 0.008395
спасти 0.004292 0.0 0.0
способный 0.002146 3.506558 0.007525
среда 0.004292 0.0 0.0
ссылка 0.002146 0.0 0.0
стандартный 0.002146 3.912023 0.008395
стартовать 0.002146 0.0 0.0
статистика 0.004292 0.0 0.0
стать 0.004292 0.0 0.0
статья 0.002146 0.0 0.0
стимуляция 0.002146 3.912023 0.008395
стихийный 0.002146 4.60517 0.009882
стоимость 0.004292 0.0 0.0
стратегический 0.002146 3.506558 0.007525
структура 0.002146 2.207275 0.004737
тайконавт 0.002146 0.0 0.0
таракан 0.002146 4.60517 0.009882
тег 0.002146 0.0 0.0
текст 0.004292 0.0 0.0
температура 0.002146 3.218876 0.006907
тестировать 0.002146 2.407946 0.005167
технический 0.004292 0.0 0.0
технологический 0.002146 3.912023 0.008395
ток 0.002146 0.0 0.0
толщина 0.002146 3.912023 0.008395
топ 0.004292 0.0 0.0
точность 0.004292 1.771957 0.007605
традиция 0.002146 4.60517 0.009882
требовать 0.002146 2.525729 0.00542
три 0.002146 0.693147 0.001487
тыс 0.004292 0.0 0.0
убрать 0.002146 0.0 0.0
улететь 0.004292 4.60517 0.019765
университет 0.002146 2.040221 0.004378
упасть 0.004292 0.0 0.0
управление 0.008584 1.660731 0.014255
упростить 0.002146 4.60517 0.009882
усилитель 0.002146 3.912023 0.008395
условие 0.002146 1.771957 0.003802
устойчивый 0.002146 3.506558 0.007525
устройство 0.006438 0.0 0.0
учёный 0.002146 1.966113 0.004219
файл 0.002146 0.0 0.0
фиксировать 0.002146 3.912023 0.008395
флагманский 0.002146 0.0 0.0
фокус 0.004292 2.525729 0.01084
фундаментальный 0.002146 0.0 0.0
хирургический 0.002146 4.60517 0.009882
хит 0.002146 0.0 0.0
хор 0.002146 2.995732 0.006429
цепь 0.002146 4.60517 0.009882
цикада 0.004292 3.506558 0.01505
час 0.002146 0.0 0.0
частичный 0.002146 4.60517 0.009882
человек 0.002146 0.0 0.0
чёткий 0.002146 4.60517 0.009882
эксперимент 0.002146 1.832581 0.003933
экспорт 0.004292 0.0 0.0
электрический 0.002146 2.813411 0.006037
электрод 0.006438 3.912023 0.025185
электроника 0.002146 3.912023 0.008395
электронный 0.002146 3.506558 0.007525
эмбрион 0.002146 0.0 0.0
энергия 0.002146 2.120264 0.00455
эффективность 0.002146 2.120264 0.00455
южный 0.002146 0.0 0.0
японский 0.002146 3.506558 0.007525
