авиалайнер 0.002358 0.0 0.0
австралия 0.002358 0.0 0.0
автоваз 0.004717 0.0 0.0
автомат 0.002358 0.0 0.0
автопроизводитель 0.002358 0.0 0.0
автор 0.007075 0.0 0.0
администрация 0.002358 0.0 0.0
адрес 0.004717 0.0 0.0
акция 0.002358 2.65926 0.006272
алгоритм 0.007075 2.65926 0.018816
америка 0.002358 0.0 0.0
аналитик 0.002358 0.0 0.0
белок 0.002358 0.0 0.0
биологический 0.004717 0.0 0.0
ближний 0.002358 0.0 0.0
близкий 0.002358 4.60517 0.010861
блог 0.002358 0.0 0.0
быстро 0.004717 0.0 0.0
быстрый 0.002358 4.60517 0.010861
быть 0.002358 0.0 0.0
важный 0.002358 2.813411 0.006635
вес 0.002358 0.0 0.0
весь 0.002358 0.0 0.0
взаимодействие 0.002358 3.506558 0.00827
вид 0.004717 0.0 0.0
видеокарта 0.002358 0.0 0.0
включать 0.002358 4.60517 0.010861
внедорожник 0.002358 0.0 0.0
внедрить 0.002358 4.60517 0.010861
войти 0.004717 0.0 0.0
восток 0.002358 0.0 0.0
входить 0.002358 0.0 0.0
выбор 0.002358 2.995732 0.007065
выборка 0.002358 4.60517 0.010861
выделить 0.002358 0.0 0.0
выйти 0.004717 3.218876 0.015183
выходить 0.002358 0.0 0.0
вычисление 0.002358 3.218876 0.007592
гибридный 0.004717 3.218876 0.015183
главный 0.002358 0.0 0.0
говорить 0.002358 3.218876 0.007592
год 0.002358 0.0 0.0
готовый 0.002358 1.237874 0.00292
гуманоидный 0.002358 3.506558 0.00827
даниэль 0.002358 4.60517 0.010861
данные 0.004717 0.0 0.0
двигатель 0.007075 0.0 0.0
дизайн 0.004717 0.0 0.0
директор 0.004717 0.0 0.0
доказательство 0.004717 4.60517 0.021723
доллар 0.002358 0.0 0.0
дом 0.004717 0.0 0.0
доставить 0.002358 0.0 0.0
доставка 0.002358 3.506558 0.00827
достаточно 0.004717 2.525729 0.011914
достигать 0.002358 0.0 0.0
завершить 0.002358 0.0 0.0
задача 0.007075 1.609438 0.011388
защита 0.002358 0.0 0.0
земля 0.004717 0.0 0.0
зона 0.002358 2.525729 0.005957
зонд 0.007075 0.0 0.0
игра 0.002358 0.0 0.0
идеал 0.002358 2.813411 0.006635
идеально 0.004717 3.218876 0.015183
изображение 0.004717 1.514128 0.007142
изоэнергетический 0.002358 4.60517 0.010861
инвестиционный 0.002358 4.60517 0.010861
индекс 0.004717 4.60517 0.021723
инновационный 0.004717 0.0 0.0
институт 0.002358 2.65926 0.006272
информационный 0.002358 4.60517 0.010861
информация 0.002358 0.0 0.0
искать 0.002358 3.218876 0.007592
использование 0.002358 0.0 0.0
использовать 0.004717 1.966113 0.009274
исследование 0.004717 0.0 0.0
исследователь 0.002358 1.832581 0.004322
исследовать 0.004717 3.218876 0.015183
источник 0.004717 0.0 0.0
кадровый 0.004717 3.506558 0.01654
календарь 0.004717 0.0 0.0
калифорния 0.002358 2.525729 0.005957
категория 0.002358 0.0 0.0
квантовый 0.016509 2.813411 0.046448
кг 0.004717 0.0 0.0
километр 0.002358 0.0 0.0
классический 0.009434 0.0 0.0
кластерный 0.002358 4.60517 0.010861
клон 0.004717 0.0 0.0
код 0.004717 2.207275 0.010412
команда 0.004717 2.120264 0.010001
комментирование 0.002358 0.0 0.0
компьютер 0.009434 2.207275 0.020823
комфортный 0.004717 0.0 0.0
конференция 0.004717 0.0 0.0
корея 0.002358 0.0 0.0
корпус 0.002358 0.0 0.0
космос 0.007075 0.0 0.0
который 0.007075 0.776529 0.005494
кризис 0.004717 3.218876 0.015183
кроссовер 0.004717 0.0 0.0
кубит 0.004717 4.60517 0.021723
кубический 0.002358 0.0 0.0
кук 0.002358 0.0 0.0
летать 0.004717 0.0 0.0
лидар 0.007075 3.912023 0.027679
лист 0.002358 0.0 0.0
логистика 0.002358 3.506558 0.00827
логический 0.002358 0.0 0.0
май 0.007075 0.0 0.0
марк 0.002358 0.0 0.0
маршрут 0.002358 3.506558 0.00827
масштабировать 0.002358 3.218876 0.007592
материал 0.002358 0.0 0.0
машина 0.002358 0.0 0.0
межпланетный 0.004717 0.0 0.0
менее 0.004717 2.207275 0.010412
менять 0.002358 0.0 0.0
метод 0.007075 1.714798 0.012133
миллион 0.002358 0.0 0.0
мир 0.004717 0.0 0.0
многомерный 0.002358 4.60517 0.010861
мобильный 0.002358 0.0 0.0
моделирование 0.004717 3.218876 0.015183
модель 0.002358 1.427116 0.003366
момент 0.004717 0.0 0.0
монитор 0.002358 0.0 0.0
мотобренд 0.002358 0.0 0.0
мотоцикл 0.002358 0.0 0.0
мочь 0.002358 0.0 0.0
нажать 0.002358 0.0 0.0
название 0.002358 0.0 0.0
назвать 0.002358 0.0 0.0
наслать 0.002358 0.0 0.0
наука 0.009434 1.89712 0.017897
начинать 0.002358 4.60517 0.010861
наш 0.004717 0.0 0.0
недоступный 0.002358 4.60517 0.010861
низкоэнергетический 0.002358 4.60517 0.010861
новость 0.002358 0.0 0.0
новый 0.007075 0.0 0.0
ноутбук 0.002358 0.0 0.0
нужный 0.002358 0.0 0.0
обеспечить 0.002358 2.995732 0.007065
обещать 0.002358 4.60517 0.010861
обзор 0.002358 0.0 0.0
область 0.002358 4.60517 0.010861
обойти 0.004717 3.912023 0.018453
оборудование 0.004717 3.506558 0.01654
обработка 0.002358 0.0 0.0
образец 0.002358 0.0 0.0
объявить 0.002358 0.0 0.0
объяснять 0.002358 2.995732 0.007065
одноклассник 0.004717 0.0 0.0
опасный 0.002358 3.218876 0.007592
оптимальный 0.002358 4.60517 0.010861
оптимизация 0.002358 2.525729 0.005957
оптимизировать 0.004717 3.218876 0.015183
орбита 0.002358 0.0 0.0
оставаться 0.002358 3.506558 0.00827
отдать 0.002358 0.0 0.0
отечественный 0.002358 0.0 0.0
отжиг 0.004717 4.60517 0.021723
отказ 0.002358 0.0 0.0
отказаться 0.002358 0.0 0.0
отключить 0.002358 0.0 0.0
отличие 0.004717 2.207275 0.010412
очень 0.004717 0.0 0.0
ошибка 0.004717 0.0 0.0
параллельный 0.002358 4.60517 0.010861
первый 0.004717 2.65926 0.012544
передний 0.002358 0.0 0.0
перемещение 0.002358 4.60517 0.010861
период 0.004717 0.0 0.0
периферия 0.004717 0.0 0.0
персональный 0.004717 0.0 0.0
пиар 0.004717 0.0 0.0
планировать 0.004717 1.469676 0.006932
планшет 0.002358 0.0 0.0
платформа 0.004717 0.0 0.0
подавление 0.002358 4.60517 0.010861
подвести 0.002358 0.0 0.0
поднять 0.002358 0.0 0.0
подробный 0.002358 0.0 0.0
подход 0.004717 1.89712 0.008949
подходить 0.002358 3.912023 0.009226
подчёркивать 0.002358 3.912023 0.009226
позволить 0.002358 3.506558 0.00827
поиск 0.007075 0.0 0.0
пока 0.004717 0.0 0.0
показать 0.002358 1.771957 0.004179
полезный 0.002358 0.0 0.0
политика 0.007075 0.0 0.0
полноприводный 0.002358 0.0 0.0
полёт 0.002358 0.0 0.0
попробовать 0.004717 0.0 0.0
популярный 0.004717 0.0 0.0
портфель 0.004717 4.60517 0.021723
посещать 0.004717 0.0 0.0
потенциал 0.004717 2.525729 0.011914
прайс 0.004717 0.0 0.0
практический 0.002358 3.912023 0.009226
превзойти 0.007075 3.218876 0.022775
превосходить 0.002358 3.912023 0.009226
представить 0.004717 0.0 0.0
преимущество 0.004717 3.506558 0.01654
прибавка 0.004717 0.0 0.0
привод 0.002358 0.0 0.0
принтер 0.002358 0.0 0.0
принцип 0.002358 2.995732 0.007065
пробизнес 0.004717 0.0 0.0
проблема 0.002358 2.995732 0.007065
проведение 0.002358 0.0 0.0
проводиться 0.002358 3.506558 0.00827
программа 0.002358 0.0 0.0
продавать 0.004717 0.0 0.0
продажа 0.002358 0.0 0.0
продемонстрировать 0.002358 2.813411 0.006635
продолжать 0.002358 0.0 0.0
проект 0.004717 0.0 0.0
проектор 0.002358 0.0 0.0
пролить 0.004717 0.0 0.0
прорыв 0.004717 1.714798 0.008089
профессор 0.002358 3.218876 0.007592
процесс 0.002358 0.0 0.0
процессор 0.007075 2.207275 0.015618
работа 0.002358 0.0 0.0
разрыв 0.002358 3.218876 0.007592
раскрывать 0.004717 4.60517 0.021723
расширить 0.004717 3.506558 0.01654
реальный 0.002358 0.0 0.0
революция 0.002358 3.912023 0.009226
результат 0.004717 0.0 0.0
реклама 0.004717 0.0 0.0
решать 0.007075 0.0 0.0
решение 0.007075 1.386294 0.009809
робот 0.007075 1.966113 0.013911
россия 0.002358 0.0 0.0
россиянин 0.002358 0.0 0.0
рубль 0.002358 0.0 0.0
руководство 0.002358 2.813411 0.006635
рынок 0.004717 0.0 0.0
рыночный 0.004717 4.60517 0.021723
сайт 0.004717 0.0 0.0
самолёт 0.002358 0.0 0.0
самый 0.009434 0.0 0.0
сантиметр 0.002358 0.0 0.0
сбор 0.002358 0.0 0.0
свет 0.004717 0.0 0.0
связь 0.007075 0.0 0.0
сгенерировать 0.002358 2.65926 0.006272
сегодня 0.004717 0.0 0.0
сектор 0.002358 3.912023 0.009226
сервер 0.002358 0.0 0.0
сервис 0.002358 0.0 0.0
сертификация 0.002358 0.0 0.0
сеть 0.002358 0.0 0.0
система 0.002358 1.514128 0.003571
скоро 0.004717 0.0 0.0
сложный 0.004717 2.302585 0.010861
случай 0.004717 2.995732 0.014131
снижать 0.002358 2.302585 0.005431
снова 0.004717 0.0 0.0
советский 0.004717 0.0 0.0
соглашаться 0.002358 0.0 0.0
создать 0.007075 2.813411 0.019906
соответствовать 0.002358 3.506558 0.00827
состояние 0.004717 2.65926 0.012544
спасать 0.004717 3.506558 0.01654
спасти 0.004717 0.0 0.0
спин 0.002358 2.813411 0.006635
среда 0.004717 0.0 0.0
ссылка 0.002358 0.0 0.0
стартовать 0.002358 0.0 0.0
статистика 0.004717 0.0 0.0
стать 0.002358 0.0 0.0
статья 0.002358 0.0 0.0
стекло 0.002358 2.995732 0.007065
стоимость 0.004717 0.0 0.0
суперкомпьютер 0.007075 3.218876 0.022775
тайконавт 0.002358 0.0 0.0
тег 0.002358 0.0 0.0
текст 0.004717 0.0 0.0
темперирование 0.004717 4.60517 0.021723
технический 0.004717 0.0 0.0
топ 0.004717 0.0 0.0
точный 0.002358 2.995732 0.007065
традиционный 0.002358 4.60517 0.010861
тушить 0.004717 3.506558 0.01654
тыс 0.004717 0.0 0.0
убрать 0.002358 0.0 0.0
улучшить 0.004717 3.506558 0.01654
университет 0.002358 2.040221 0.004812
упасть 0.004717 0.0 0.0
усиление 0.002358 3.912023 0.009226
ускорение 0.004717 3.912023 0.018453
установить 0.002358 3.912023 0.009226
устойчивый 0.002358 3.912023 0.009226
устройство 0.002358 0.0 0.0
учёный 0.002358 1.89712 0.004474
файл 0.002358 0.0 0.0
физика 0.002358 3.506558 0.00827
финансовый 0.002358 3.218876 0.007592
флагманский 0.002358 0.0 0.0
фокусироваться 0.002358 3.506558 0.00827
фундаментальный 0.002358 0.0 0.0
хит 0.002358 0.0 0.0
хороший 0.002358 3.912023 0.009226
человек 0.004717 0.0 0.0
штраф 0.002358 4.60517 0.010861
шум 0.004717 2.525729 0.011914
эксперимент 0.004717 1.832581 0.008644
экспорт 0.004717 0.0 0.0
эмбрион 0.002358 0.0 0.0
энергетический 0.002358 3.218876 0.007592
эффективность 0.004717 2.120264 0.010001
эффективный 0.004717 4.60517 0.021723
южный 0.002358 0.0 0.0
