авиалайнер 0.002237 0.0 0.0
австралия 0.002237 0.0 0.0
автоваз 0.004474 0.0 0.0
автомат 0.002237 0.0 0.0
автопроизводитель 0.002237 0.0 0.0
автор 0.006711 0.0 0.0
агентство 0.002237 2.995732 0.006702
администрация 0.002237 0.0 0.0
адрес 0.004474 0.0 0.0
америка 0.002237 0.0 0.0
аналитик 0.002237 0.0 0.0
армия 0.002237 4.60517 0.010302
астронавт 0.006711 2.525729 0.016951
астронавтка 0.004474 4.60517 0.020605
астронавткать 0.002237 3.506558 0.007845
батарея 0.002237 3.218876 0.007201
безопасность 0.002237 1.714798 0.003836
белок 0.002237 0.0 0.0
биологический 0.004474 0.0 0.0
ближний 0.002237 0.0 0.0
блог 0.002237 0.0 0.0
борт 0.002237 3.506558 0.007845
будущее 0.002237 2.207275 0.004938
быстро 0.004474 0.0 0.0
быть 0.002237 0.0 0.0
бюджет 0.004474 2.65926 0.011898
вес 0.002237 0.0 0.0
весь 0.002237 0.0 0.0
видеокарта 0.002237 0.0 0.0
внедорожник 0.002237 0.0 0.0
вовремя 0.004474 4.60517 0.020605
войти 0.004474 0.0 0.0
восток 0.002237 0.0 0.0
время 0.002237 1.139434 0.002549
входить 0.002237 0.0 0.0
выделить 0.002237 0.0 0.0
выход 0.008949 0.0 0.0
выходить 0.002237 0.0 0.0
главный 0.002237 0.0 0.0
год 0.006711 0.0 0.0
готовый 0.002237 2.525729 0.00565
данные 0.004474 0.0 0.0
двигатель 0.006711 0.0 0.0
деньга 0.002237 3.506558 0.007845
десятилетие 0.002237 4.60517 0.010302
джессика 0.002237 4.60517 0.010302
дизайн 0.004474 0.0 0.0
директор 0.004474 0.0 0.0
длиться 0.002237 4.60517 0.010302
долгожданный 0.002237 4.60517 0.010302
доллар 0.002237 0.0 0.0
дом 0.004474 0.0 0.0
доставить 0.002237 0.0 0.0
доставка 0.004474 3.218876 0.014402
достигать 0.002237 0.0 0.0
едва 0.004474 2.407946 0.010774
единственный 0.002237 4.60517 0.010302
женский 0.006711 4.60517 0.030907
женщина 0.002237 3.912023 0.008752
жилет 0.002237 4.60517 0.010302
завершение 0.002237 3.506558 0.007845
завершить 0.002237 0.0 0.0
завершиться 0.002237 3.912023 0.008752
задача 0.002237 2.813411 0.006294
закрепить 0.004474 4.60517 0.020605
замена 0.006711 2.995732 0.020106
занять 0.002237 3.218876 0.007201
заняться 0.002237 3.506558 0.007845
запланировать 0.002237 3.912023 0.008752
запросить 0.002237 4.60517 0.010302
защита 0.002237 0.0 0.0
защитный 0.002237 4.60517 0.010302
земля 0.004474 0.0 0.0
зонд 0.006711 0.0 0.0
игра 0.002237 0.0 0.0
идентифицировать 0.002237 3.912023 0.008752
изготовить 0.002237 4.60517 0.010302
илона 0.004474 2.207275 0.009876
инновационный 0.004474 0.0 0.0
информация 0.002237 0.0 0.0
инцидент 0.004474 2.995732 0.013404
исключить 0.002237 3.912023 0.008752
использование 0.002237 0.0 0.0
исследование 0.002237 0.0 0.0
исторический 0.004474 4.60517 0.020605
источник 0.004474 0.0 0.0
июнь 0.002237 2.995732 0.006702
каждый 0.004474 2.525729 0.011301
календарь 0.004474 0.0 0.0
категория 0.002237 0.0 0.0
кг 0.004474 0.0 0.0
километр 0.002237 0.0 0.0
классический 0.002237 0.0 0.0
клон 0.004474 0.0 0.0
ключевой 0.002237 1.966113 0.004398
комментирование 0.002237 0.0 0.0
компания 0.006711 0.71335 0.004788
комфортный 0.004474 0.0 0.0
конструкция 0.002237 2.995732 0.006702
конференция 0.004474 0.0 0.0
корея 0.002237 0.0 0.0
корпус 0.002237 0.0 0.0
космический 0.002237 1.714798 0.003836
космос 0.006711 0.0 0.0
который 0.004474 1.386294 0.006203
кристина 0.002237 3.912023 0.008752
кронштейн 0.004474 4.60517 0.020605
кроссовер 0.004474 0.0 0.0
кубический 0.002237 0.0 0.0
кук 0.002237 0.0 0.0
летать 0.004474 0.0 0.0
лист 0.002237 0.0 0.0
лёд 0.002237 3.506558 0.007845
май 0.006711 0.0 0.0
маленький 0.002237 2.407946 0.005387
марк 0.002237 0.0 0.0
марс 0.004474 2.525729 0.011301
март 0.002237 1.714798 0.003836
маска 0.004474 2.207275 0.009876
массив 0.002237 2.995732 0.006702
материал 0.006711 0.0 0.0
машина 0.002237 0.0 0.0
межпланетный 0.004474 0.0 0.0
мейра 0.002237 4.60517 0.010302
менять 0.002237 0.0 0.0
место 0.004474 1.832581 0.008199
миллион 0.002237 0.0 0.0
мир 0.002237 0.0 0.0
миссия 0.008949 1.309333 0.011717
многие 0.004474 4.60517 0.020605
мобильный 0.002237 0.0 0.0
модульный 0.002237 4.60517 0.010302
момент 0.004474 0.0 0.0
монитор 0.002237 0.0 0.0
мотобренд 0.002237 0.0 0.0
мотоцикл 0.002237 0.0 0.0
мочь 0.002237 0.0 0.0
нажать 0.002237 0.0 0.0
назад 0.004474 2.65926 0.011898
название 0.002237 0.0 0.0
назвать 0.002237 0.0 0.0
наслать 0.002237 0.0 0.0
начало 0.002237 1.89712 0.004244
наш 0.004474 0.0 0.0
недавно 0.004474 2.813411 0.012588
неожиданность 0.002237 4.60517 0.010302
несоответствие 0.002237 4.60517 0.010302
неудобный 0.002237 4.60517 0.010302
ник 0.004474 0.0 0.0
нить 0.004474 1.514128 0.006775
новость 0.002237 0.0 0.0
новый 0.008949 0.0 0.0
ноутбук 0.002237 0.0 0.0
нужный 0.002237 0.0 0.0
нынешний 0.002237 4.60517 0.010302
обзор 0.002237 0.0 0.0
обнаружить 0.002237 2.995732 0.006702
обойтись 0.002237 4.60517 0.010302
оборудование 0.002237 2.65926 0.005949
обработка 0.002237 0.0 0.0
образец 0.004474 0.0 0.0
объявить 0.002237 0.0 0.0
одноклассник 0.004474 0.0 0.0
октябрь 0.002237 3.912023 0.008752
орбита 0.002237 0.0 0.0
ориентация 0.002237 3.912023 0.008752
осознать 0.002237 4.60517 0.010302
оставаться 0.002237 1.966113 0.004398
оставлять 0.002237 2.120264 0.004743
отдать 0.002237 0.0 0.0
отечественный 0.002237 0.0 0.0
отказ 0.002237 0.0 0.0
отказаться 0.002237 0.0 0.0
отключить 0.002237 0.0 0.0
отражать 0.002237 4.60517 0.010302
отслоение 0.004474 3.912023 0.017503
оценка 0.002237 2.995732 0.006702
очень 0.004474 0.0 0.0
ошибка 0.002237 0.0 0.0
палец 0.004474 4.60517 0.020605
панель 0.002237 2.813411 0.006294
первый 0.006711 2.207275 0.014814
передний 0.002237 0.0 0.0
период 0.004474 0.0 0.0
периферия 0.004474 0.0 0.0
персональный 0.004474 0.0 0.0
перчатка 0.006711 3.506558 0.023534
пиар 0.004474 0.0 0.0
план 0.002237 0.0 0.0
планировать 0.002237 1.714798 0.003836
планшет 0.002237 0.0 0.0
платформа 0.004474 0.0 0.0
победить 0.002237 4.60517 0.010302
повреждение 0.002237 2.407946 0.005387
подвести 0.002237 0.0 0.0
подготовка 0.002237 2.995732 0.006702
поднять 0.002237 0.0 0.0
подробный 0.002237 0.0 0.0
подтвердить 0.002237 2.407946 0.005387
подходить 0.004474 3.506558 0.015689
пожарный 0.002237 4.60517 0.010302
поиск 0.004474 0.0 0.0
пока 0.004474 0.0 0.0
покрыться 0.002237 4.60517 0.010302
полезный 0.002237 0.0 0.0
политика 0.006711 0.0 0.0
полноприводный 0.002237 0.0 0.0
полностью 0.004474 2.207275 0.009876
половина 0.002237 4.60517 0.010302
полёт 0.002237 0.0 0.0
попробовать 0.004474 0.0 0.0
популярный 0.004474 0.0 0.0
попытка 0.002237 3.218876 0.007201
посещать 0.004474 0.0 0.0
пояснить 0.002237 2.813411 0.006294
прайс 0.004474 0.0 0.0
представить 0.002237 0.0 0.0
прибавка 0.004474 0.0 0.0
привод 0.002237 0.0 0.0
принтер 0.002237 0.0 0.0
пробизнес 0.004474 0.0 0.0
проблема 0.006711 2.995732 0.020106
проведение 0.002237 0.0 0.0
проверка 0.002237 3.912023 0.008752
программа 0.002237 0.0 0.0
продавать 0.004474 0.0 0.0
продажа 0.002237 0.0 0.0
продлить 0.002237 3.506558 0.007845
продолжать 0.002237 0.0 0.0
продолжить 0.002237 3.912023 0.008752
продольный 0.004474 4.60517 0.020605
проект 0.004474 0.0 0.0
проектор 0.002237 0.0 0.0
пролить 0.004474 0.0 0.0
протечка 0.002237 4.60517 0.010302
профессионализм 0.004474 4.60517 0.020605
процесс 0.002237 0.0 0.0
пятый 0.002237 4.60517 0.010302
работа 0.002237 0.0 0.0
размер 0.006711 2.302585 0.015454
разработать 0.002237 2.995732 0.006702
разработка 0.002237 2.407946 0.005387
разрез 0.004474 3.912023 0.017503
рамка 0.002237 2.302585 0.005151
расходиться 0.002237 4.60517 0.010302
реальный 0.002237 0.0 0.0
результат 0.002237 0.0 0.0
реклама 0.004474 0.0 0.0
решать 0.002237 0.0 0.0
риск 0.002237 1.89712 0.004244
россия 0.002237 0.0 0.0
россиянин 0.002237 0.0 0.0
рост 0.002237 0.755023 0.001689
рубль 0.002237 0.0 0.0
рынок 0.004474 0.0 0.0
сайт 0.004474 0.0 0.0
самолёт 0.002237 0.0 0.0
самый 0.004474 0.0 0.0
сантиметр 0.002237 0.0 0.0
сбор 0.002237 0.0 0.0
свет 0.004474 0.0 0.0
свой 0.002237 2.995732 0.006702
связь 0.006711 0.0 0.0
сгибание 0.002237 4.60517 0.010302
сдвигаться 0.002237 4.60517 0.010302
сегодня 0.004474 0.0 0.0
сервер 0.002237 0.0 0.0
сервис 0.002237 0.0 0.0
сертификация 0.002237 0.0 0.0
сеть 0.002237 0.0 0.0
системный 0.002237 4.60517 0.010302
сканирование 0.004474 4.60517 0.020605
скафандр 0.004474 4.60517 0.020605
скоро 0.004474 0.0 0.0
слой 0.002237 2.995732 0.006702
служба 0.002237 3.506558 0.007845
снаряжение 0.004474 4.60517 0.020605
снова 0.004474 0.0 0.0
событие 0.004474 3.912023 0.017503
совершить 0.002237 4.60517 0.010302
советский 0.004474 0.0 0.0
соглашаться 0.002237 0.0 0.0
сократить 0.004474 2.65926 0.011898
солнечный 0.002237 3.912023 0.008752
сопровождаться 0.002237 4.60517 0.010302
сорвать 0.002237 3.218876 0.007201
состояться 0.002237 4.60517 0.010302
спасти 0.004474 0.0 0.0
специалист 0.002237 2.813411 0.006294
среда 0.004474 0.0 0.0
средний 0.004474 4.60517 0.020605
срок 0.002237 2.207275 0.004938
ссылка 0.002237 0.0 0.0
сталкиваться 0.002237 4.60517 0.010302
стартовать 0.002237 0.0 0.0
статистика 0.004474 0.0 0.0
стать 0.006711 0.0 0.0
статья 0.002237 0.0 0.0
стоимость 0.004474 0.0 0.0
существенно 0.004474 3.506558 0.015689
тайконавт 0.002237 0.0 0.0
тег 0.002237 0.0 0.0
текст 0.004474 0.0 0.0
технический 0.004474 0.0 0.0
топ 0.004474 0.0 0.0
трейся 0.002237 4.60517 0.010302
тыс 0.004474 0.0 0.0
убрать 0.002237 0.0 0.0
увеличить 0.002237 2.65926 0.005949
угроза 0.004474 2.407946 0.010774
указательный 0.002237 4.60517 0.010302
упасть 0.004474 0.0 0.0
управление 0.002237 1.660731 0.003715
условие 0.002237 1.771957 0.003964
успех 0.004474 2.207275 0.009876
установка 0.002237 2.65926 0.005949
устройство 0.002237 0.0 0.0
участие 0.002237 3.506558 0.007845
файл 0.002237 0.0 0.0
фактор 0.002237 3.218876 0.007201
флагманский 0.002237 0.0 0.0
фундаментальный 0.002237 0.0 0.0
хит 0.002237 0.0 0.0
хьюстон 0.002237 4.60517 0.010302
цена 0.002237 1.469676 0.003288
центр 0.002237 1.714798 0.003836
час 0.006711 0.0 0.0
человек 0.004474 0.0 0.0
шесть 0.004474 2.995732 0.013404
шлем 0.002237 4.60517 0.010302
эйерс 0.004474 4.60517 0.020605
экипаж 0.006711 3.218876 0.021603
эксперт 0.002237 2.65926 0.005949
эксплуатация 0.004474 4.60517 0.020605
экспорт 0.004474 0.0 0.0
эмбрион 0.002237 0.0 0.0
энергия 0.002237 2.120264 0.004743
энергогенерация 0.002237 4.60517 0.010302
южный 0.002237 0.0 0.0
