авиалайнер 0.002309 0.0 0.0
австралия 0.002309 0.0 0.0
автоваз 0.004619 0.0 0.0
автомат 0.002309 0.0 0.0
автопроизводитель 0.002309 0.0 0.0
автор 0.006928 0.0 0.0
администрация 0.002309 0.0 0.0
адрес 0.004619 0.0 0.0
америка 0.002309 0.0 0.0
аналитик 0.002309 0.0 0.0
белок 0.002309 0.0 0.0
биологический 0.004619 0.0 0.0
ближний 0.002309 0.0 0.0
блог 0.002309 0.0 0.0
быстро 0.004619 0.0 0.0
быть 0.002309 0.0 0.0
вероятность 0.004619 3.506558 0.016197
вес 0.002309 0.0 0.0
весь 0.002309 0.0 0.0
взаимодействие 0.004619 2.813411 0.012995
взаимодействовать 0.002309 3.912023 0.009035
видеокарта 0.002309 0.0 0.0
вместе 0.004619 2.65926 0.012283
внедорожник 0.002309 0.0 0.0
водород 0.004619 2.813411 0.012995
возможность 0.004619 1.966113 0.009081
войти 0.004619 0.0 0.0
вопрос 0.004619 1.660731 0.007671
восток 0.002309 0.0 0.0
впервые 0.004619 2.120264 0.009793
второй 0.002309 2.302585 0.005318
входить 0.002309 0.0 0.0
выбросить 0.002309 4.60517 0.010635
выделить 0.002309 0.0 0.0
вызывать 0.002309 4.60517 0.010635
высокий 0.002309 3.912023 0.009035
высокоточный 0.002309 3.912023 0.009035
выходить 0.002309 0.0 0.0
главный 0.002309 0.0 0.0
год 0.002309 0.0 0.0
граница 0.002309 3.912023 0.009035
гуманоидный 0.002309 3.506558 0.008098
гутенберг 0.002309 4.60517 0.010635
данные 0.004619 0.0 0.0
двигатель 0.006928 0.0 0.0
день 0.004619 2.207275 0.010195
дизайн 0.004619 0.0 0.0
директор 0.004619 0.0 0.0
длина 0.002309 4.60517 0.010635
добыча 0.002309 3.506558 0.008098
доллар 0.002309 0.0 0.0
дом 0.004619 0.0 0.0
доставить 0.002309 0.0 0.0
достигать 0.002309 0.0 0.0
другой 0.004619 1.771957 0.008185
завершить 0.002309 0.0 0.0
заставлять 0.002309 2.813411 0.006497
защита 0.002309 0.0 0.0
звездообразование 0.002309 3.912023 0.009035
земля 0.004619 0.0 0.0
значение 0.004619 3.912023 0.018069
зонд 0.006928 0.0 0.0
игра 0.002309 0.0 0.0
играть 0.002309 3.912023 0.009035
изображение 0.004619 1.514128 0.006994
изотоп 0.004619 4.60517 0.021271
изучение 0.006928 2.995732 0.020756
иметь 0.002309 2.525729 0.005833
инновационный 0.004619 0.0 0.0
институт 0.002309 2.65926 0.006141
информация 0.002309 0.0 0.0
использование 0.004619 0.0 0.0
использовать 0.004619 2.120264 0.009793
исследование 0.004619 0.0 0.0
источник 0.004619 0.0 0.0
йозеф 0.004619 4.60517 0.021271
кадровый 0.004619 3.506558 0.016197
календарь 0.004619 0.0 0.0
категория 0.002309 0.0 0.0
качество 0.002309 3.218876 0.007434
кг 0.004619 0.0 0.0
километр 0.002309 0.0 0.0
китай 0.002309 1.108663 0.00256
классический 0.002309 0.0 0.0
клон 0.004619 0.0 0.0
команда 0.004619 2.120264 0.009793
комментирование 0.002309 0.0 0.0
комфортный 0.004619 0.0 0.0
конец 0.004619 2.525729 0.011666
конференция 0.004619 0.0 0.0
корея 0.002309 0.0 0.0
корпус 0.002309 0.0 0.0
космос 0.006928 0.0 0.0
который 0.002309 0.776529 0.001793
крайне 0.004619 3.218876 0.014868
кризис 0.004619 3.218876 0.014868
кроссовер 0.004619 0.0 0.0
кубический 0.002309 0.0 0.0
кук 0.002309 0.0 0.0
летать 0.004619 0.0 0.0
лист 0.002309 0.0 0.0
литиевый 0.002309 4.60517 0.010635
литий 0.004619 3.506558 0.016197
лихорадка 0.002309 3.506558 0.008098
логистика 0.002309 3.506558 0.008098
магнитный 0.002309 3.506558 0.008098
май 0.006928 0.0 0.0
майнц 0.002309 4.60517 0.010635
марк 0.002309 0.0 0.0
материал 0.002309 0.0 0.0
машина 0.002309 0.0 0.0
международный 0.002309 3.506558 0.008098
межпланетный 0.004619 0.0 0.0
менять 0.002309 0.0 0.0
метод 0.004619 1.714798 0.007921
методика 0.006928 4.60517 0.031906
миллион 0.002309 0.0 0.0
мир 0.004619 0.0 0.0
мишень 0.004619 4.60517 0.021271
мобильный 0.002309 0.0 0.0
модель 0.002309 0.867501 0.002003
момент 0.004619 0.0 0.0
монитор 0.002309 0.0 0.0
мотобренд 0.002309 0.0 0.0
мотоцикл 0.002309 0.0 0.0
мочь 0.002309 0.0 0.0
мощность 0.002309 1.560648 0.003604
нажать 0.002309 0.0 0.0
название 0.002309 0.0 0.0
назвать 0.002309 0.0 0.0
направляться 0.002309 4.60517 0.010635
наслать 0.002309 0.0 0.0
наука 0.004619 1.966113 0.009081
находиться 0.002309 3.506558 0.008098
наш 0.004619 0.0 0.0
неделя 0.002309 4.60517 0.010635
нейтрон 0.006928 2.995732 0.020756
нейтронный 0.004619 3.912023 0.018069
низкий 0.004619 3.912023 0.018069
новость 0.002309 0.0 0.0
новый 0.009238 0.0 0.0
ноутбук 0.002309 0.0 0.0
нужный 0.002309 0.0 0.0
обзор 0.002309 0.0 0.0
обнаружение 0.002309 2.995732 0.006919
обработка 0.002309 0.0 0.0
образец 0.002309 0.0 0.0
объявить 0.002309 0.0 0.0
одновременно 0.004619 3.506558 0.016197
одноклассник 0.004619 0.0 0.0
оказаться 0.002309 2.813411 0.006497
окупаться 0.002309 3.506558 0.008098
орбита 0.002309 0.0 0.0
ответить 0.004619 4.60517 0.021271
отдать 0.002309 0.0 0.0
отечественный 0.002309 0.0 0.0
отказ 0.002309 0.0 0.0
отказаться 0.002309 0.0 0.0
отключить 0.002309 0.0 0.0
открыть 0.002309 4.60517 0.010635
отметить 0.002309 1.427116 0.003296
очень 0.004619 0.0 0.0
ошибка 0.002309 0.0 0.0
первый 0.002309 1.89712 0.004381
передавать 0.002309 3.506558 0.008098
передний 0.002309 0.0 0.0
пересмотреть 0.004619 2.813411 0.012995
период 0.004619 0.0 0.0
периферия 0.004619 0.0 0.0
персональный 0.004619 0.0 0.0
пиар 0.004619 0.0 0.0
пион 0.004619 4.60517 0.021271
планировать 0.002309 1.714798 0.00396
планшет 0.002309 0.0 0.0
платформа 0.004619 0.0 0.0
подвести 0.002309 0.0 0.0
подготовить 0.002309 4.60517 0.010635
поднять 0.002309 0.0 0.0
подробный 0.002309 0.0 0.0
подтвердить 0.004619 4.60517 0.021271
подчёркивать 0.002309 3.912023 0.009035
позволить 0.002309 3.912023 0.009035
поиск 0.004619 0.0 0.0
пока 0.004619 0.0 0.0
показать 0.002309 2.302585 0.005318
полезный 0.002309 0.0 0.0
политика 0.006928 0.0 0.0
полноприводный 0.002309 0.0 0.0
получить 0.002309 2.813411 0.006497
полёт 0.002309 0.0 0.0
помогать 0.002309 3.506558 0.008098
понимание 0.004619 3.912023 0.018069
попробовать 0.004619 0.0 0.0
популярный 0.004619 0.0 0.0
посещать 0.004619 0.0 0.0
потребовать 0.002309 3.506558 0.008098
прайс 0.004619 0.0 0.0
превысить 0.002309 2.65926 0.006141
предсказывать 0.002309 4.60517 0.010635
представить 0.002309 0.0 0.0
преодоление 0.002309 3.912023 0.009035
препятствие 0.002309 3.912023 0.009035
прибавка 0.004619 0.0 0.0
привод 0.002309 0.0 0.0
принтер 0.002309 0.0 0.0
пробизнес 0.004619 0.0 0.0
проведение 0.002309 0.0 0.0
провести 0.002309 0.0 0.0
прогноз 0.002309 3.506558 0.008098
программа 0.002309 0.0 0.0
продавать 0.004619 0.0 0.0
продажа 0.002309 0.0 0.0
продолжать 0.002309 0.0 0.0
проект 0.004619 0.0 0.0
проектор 0.002309 0.0 0.0
пролить 0.004619 0.0 0.0
противоречивый 0.002309 4.60517 0.010635
протон 0.013857 4.60517 0.063813
профессор 0.004619 3.218876 0.014868
процесс 0.006928 0.0 0.0
пучок 0.006928 4.60517 0.031906
пять 0.002309 2.813411 0.006497
работа 0.006928 0.0 0.0
разработать 0.002309 2.525729 0.005833
распад 0.004619 3.912023 0.018069
реальный 0.002309 0.0 0.0
регистрировать 0.002309 3.506558 0.008098
регистрироваться 0.002309 3.912023 0.009035
редкий 0.002309 3.506558 0.008098
результат 0.002309 0.0 0.0
реклама 0.004619 0.0 0.0
решать 0.006928 0.0 0.0
робот 0.002309 1.966113 0.004541
роль 0.004619 1.89712 0.008763
россия 0.002309 0.0 0.0
россиянин 0.002309 0.0 0.0
рубль 0.002309 0.0 0.0
руководство 0.002309 2.813411 0.006497
рынок 0.004619 0.0 0.0
сайт 0.004619 0.0 0.0
самолёт 0.002309 0.0 0.0
самый 0.004619 0.0 0.0
сантиметр 0.002309 0.0 0.0
сбор 0.002309 0.0 0.0
свет 0.004619 0.0 0.0
связь 0.006928 0.0 0.0
сгенерировать 0.002309 2.65926 0.006141
сегодня 0.004619 0.0 0.0
сервер 0.002309 0.0 0.0
сервис 0.002309 0.0 0.0
сертификация 0.002309 0.0 0.0
серьёзный 0.002309 4.60517 0.010635
сеть 0.002309 0.0 0.0
сигнал 0.002309 2.207275 0.005098
сильный 0.002309 4.60517 0.010635
скоро 0.004619 0.0 0.0
снова 0.004619 0.0 0.0
советский 0.004619 0.0 0.0
соглашаться 0.002309 0.0 0.0
создание 0.004619 2.525729 0.011666
соотношение 0.002309 3.506558 0.008098
состояние 0.002309 2.65926 0.006141
состоять 0.002309 4.60517 0.010635
сотрудничество 0.002309 2.525729 0.005833
спасти 0.004619 0.0 0.0
спектрометр 0.004619 4.60517 0.021271
специально 0.004619 3.506558 0.016197
среда 0.004619 0.0 0.0
ссылка 0.002309 0.0 0.0
стабильность 0.002309 2.525729 0.005833
стартовать 0.002309 0.0 0.0
статистика 0.004619 0.0 0.0
стать 0.002309 0.0 0.0
статья 0.002309 0.0 0.0
стоимость 0.004619 0.0 0.0
тайконавт 0.002309 0.0 0.0
такой 0.004619 1.171183 0.00541
тег 0.002309 0.0 0.0
текст 0.004619 0.0 0.0
теоретический 0.002309 4.60517 0.010635
теория 0.002309 3.912023 0.009035
технический 0.004619 0.0 0.0
толщина 0.002309 4.60517 0.010635
топ 0.004619 0.0 0.0
точность 0.006928 1.771957 0.012277
тыс 0.004619 0.0 0.0
убрать 0.002309 0.0 0.0
увеличить 0.002309 3.506558 0.008098
удерживать 0.004619 4.60517 0.021271
удивительно 0.004619 4.60517 0.021271
удлинённый 0.002309 4.60517 0.010635
указывать 0.002309 3.506558 0.008098
улучшить 0.002309 2.995732 0.006919
университет 0.004619 2.040221 0.009424
уникальный 0.002309 3.506558 0.008098
упасть 0.004619 0.0 0.0
уровень 0.004619 3.506558 0.016197
ускоритель 0.002309 2.813411 0.006497
устройство 0.002309 0.0 0.0
учёный 0.006928 1.89712 0.013144
файл 0.002309 0.0 0.0
физика 0.002309 3.506558 0.008098
флагманский 0.002309 0.0 0.0
формировать 0.002309 4.60517 0.010635
фундаментальный 0.006928 0.0 0.0
химически 0.004619 4.60517 0.021271
хит 0.002309 0.0 0.0
частица 0.002309 2.525729 0.005833
часто 0.004619 1.714798 0.007921
человек 0.002309 0.0 0.0
четыре 0.004619 2.813411 0.012995
шум 0.002309 2.525729 0.005833
экзотический 0.002309 4.60517 0.010635
эксперимент 0.006928 1.832581 0.012697
экспорт 0.004619 0.0 0.0
электрон 0.004619 2.813411 0.012995
электронный 0.006928 4.60517 0.031906
эмбрион 0.002309 0.0 0.0
энергия 0.009238 2.813411 0.02599
этап 0.002309 2.207275 0.005098
этот 0.002309 1.07881 0.002491
южный 0.002309 0.0 0.0
ядерный 0.002309 2.65926 0.006141
ядро 0.016166 2.120264 0.034277
япония 0.002309 4.60517 0.010635
