авария 0.007126 2.525729 0.017998
авиалайнер 0.002375 0.0 0.0
авиация 0.002375 2.813411 0.006683
австралия 0.002375 0.0 0.0
автоваз 0.004751 0.0 0.0
автомат 0.002375 0.0 0.0
автопроизводитель 0.002375 0.0 0.0
автор 0.007126 0.0 0.0
администрация 0.002375 0.0 0.0
адрес 0.004751 0.0 0.0
акцент 0.002375 2.995732 0.007116
амбициозный 0.002375 3.912023 0.009292
америка 0.002375 0.0 0.0
американский 0.002375 2.525729 0.005999
анализ 0.002375 1.966113 0.00467
аналитик 0.002375 0.0 0.0
антарктида 0.002375 4.60517 0.010939
апрель 0.002375 1.832581 0.004353
база 0.002375 2.813411 0.006683
безопасность 0.002375 1.714798 0.004073
белок 0.002375 0.0 0.0
биологический 0.004751 0.0 0.0
ближний 0.002375 0.0 0.0
близкий 0.002375 3.912023 0.009292
блог 0.002375 0.0 0.0
быстро 0.004751 0.0 0.0
быть 0.002375 0.0 0.0
верхний 0.002375 4.60517 0.010939
вес 0.002375 0.0 0.0
весь 0.002375 0.0 0.0
вид 0.004751 0.0 0.0
видеокарта 0.002375 0.0 0.0
внедорожник 0.002375 0.0 0.0
возвращение 0.002375 3.912023 0.009292
возглавить 0.002375 4.60517 0.010939
возобновление 0.004751 4.60517 0.021877
войти 0.004751 0.0 0.0
вопрос 0.004751 1.660731 0.007889
восток 0.002375 0.0 0.0
временной 0.002375 3.912023 0.009292
время 0.004751 1.427116 0.00678
входить 0.002375 0.0 0.0
вывести 0.004751 3.506558 0.016658
вывод 0.002375 2.65926 0.006317
выделить 0.002375 0.0 0.0
выполнение 0.004751 3.912023 0.018584
высота 0.002375 4.60517 0.010939
выходить 0.002375 0.0 0.0
выявление 0.004751 3.912023 0.018584
главный 0.002375 0.0 0.0
глубокий 0.002375 3.912023 0.009292
год 0.002375 0.0 0.0
гражданский 0.002375 4.60517 0.010939
данные 0.004751 0.0 0.0
двигатель 0.009501 0.0 0.0
дебют 0.002375 3.912023 0.009292
дизайн 0.004751 0.0 0.0
директор 0.004751 0.0 0.0
доверие 0.004751 4.60517 0.021877
должный 0.002375 3.218876 0.007646
доллар 0.002375 0.0 0.0
дом 0.004751 0.0 0.0
доставить 0.002375 0.0 0.0
достигать 0.002375 0.0 0.0
достигнуть 0.002375 3.912023 0.009292
доступ 0.002375 1.347074 0.0032
завершить 0.002375 0.0 0.0
завершиться 0.002375 3.506558 0.008329
закончиться 0.002375 3.912023 0.009292
замедлить 0.004751 4.60517 0.021877
заморозить 0.002375 3.218876 0.007646
запуск 0.011876 1.272966 0.015118
защита 0.002375 0.0 0.0
заявление 0.002375 3.218876 0.007646
заявлять 0.002375 4.60517 0.010939
земля 0.004751 0.0 0.0
зона 0.002375 2.525729 0.005999
зонд 0.007126 0.0 0.0
игра 0.002375 0.0 0.0
инновационный 0.004751 0.0 0.0
информация 0.002375 0.0 0.0
инцидент 0.007126 2.995732 0.021347
использование 0.002375 0.0 0.0
исправление 0.002375 4.60517 0.010939
исследование 0.002375 0.0 0.0
источник 0.004751 0.0 0.0
итоговый 0.004751 4.60517 0.021877
каждый 0.004751 2.525729 0.011999
календарь 0.004751 0.0 0.0
калифорния 0.002375 2.525729 0.005999
карта 0.002375 0.0 0.0
категория 0.002375 0.0 0.0
кг 0.004751 0.0 0.0
километр 0.002375 0.0 0.0
классический 0.002375 0.0 0.0
клон 0.004751 0.0 0.0
км 0.004751 1.309333 0.00622
комментирование 0.002375 0.0 0.0
компания 0.007126 0.71335 0.005083
комфортный 0.004751 0.0 0.0
конструкция 0.002375 2.995732 0.007116
контракт 0.002375 3.506558 0.008329
контролировать 0.004751 3.506558 0.016658
конференция 0.004751 0.0 0.0
корея 0.002375 0.0 0.0
корпус 0.002375 0.0 0.0
космический 0.009501 1.560648 0.014828
космос 0.007126 0.0 0.0
который 0.004751 1.386294 0.006586
кроссовер 0.004751 0.0 0.0
кубический 0.002375 0.0 0.0
кук 0.002375 0.0 0.0
летать 0.004751 0.0 0.0
лист 0.002375 0.0 0.0
лицензия 0.002375 3.506558 0.008329
лишиться 0.002375 4.60517 0.010939
май 0.007126 0.0 0.0
марк 0.002375 0.0 0.0
материал 0.002375 0.0 0.0
машина 0.002375 0.0 0.0
межпланетный 0.004751 0.0 0.0
менять 0.002375 0.0 0.0
мера 0.002375 0.0 0.0
миллион 0.002375 0.0 0.0
мир 0.002375 0.0 0.0
миссия 0.007126 1.386294 0.009879
мобильный 0.002375 0.0 0.0
момент 0.004751 0.0 0.0
монитор 0.002375 0.0 0.0
мотобренд 0.002375 0.0 0.0
мотоцикл 0.002375 0.0 0.0
мочь 0.002375 0.0 0.0
набрать 0.004751 4.60517 0.021877
нагрузка 0.002375 2.65926 0.006317
надёжность 0.004751 2.813411 0.013365
нажать 0.002375 0.0 0.0
название 0.002375 0.0 0.0
назвать 0.002375 0.0 0.0
наслать 0.002375 0.0 0.0
наш 0.004751 0.0 0.0
невозврат 0.002375 4.60517 0.010939
неделя 0.002375 3.506558 0.008329
недостаток 0.002375 4.60517 0.010939
неопределённый 0.002375 4.60517 0.010939
неудача 0.002375 4.60517 0.010939
неудачный 0.002375 4.60517 0.010939
низкий 0.002375 2.995732 0.007116
новость 0.002375 0.0 0.0
новый 0.007126 0.0 0.0
носитель 0.007126 2.813411 0.020048
ноутбук 0.002375 0.0 0.0
нужный 0.002375 0.0 0.0
обзор 0.002375 0.0 0.0
обработка 0.002375 0.0 0.0
образец 0.002375 0.0 0.0
общественный 0.002375 4.60517 0.010939
объявить 0.002375 0.0 0.0
ограничение 0.002375 2.525729 0.005999
одноклассник 0.004751 0.0 0.0
одобрение 0.002375 3.912023 0.009292
ожидаться 0.002375 2.813411 0.006683
океан 0.004751 3.912023 0.018584
околоземный 0.002375 3.506558 0.008329
орбита 0.004751 0.0 0.0
орбитальный 0.002375 4.60517 0.010939
оснастить 0.002375 4.60517 0.010939
оставаться 0.002375 2.65926 0.006317
остаток 0.002375 3.912023 0.009292
отдать 0.002375 0.0 0.0
отечественный 0.002375 0.0 0.0
отказ 0.002375 0.0 0.0
отказаться 0.002375 0.0 0.0
отключить 0.002375 0.0 0.0
отчёт 0.004751 3.218876 0.015292
очень 0.004751 0.0 0.0
ошибка 0.002375 0.0 0.0
падение 0.002375 3.912023 0.009292
передний 0.002375 0.0 0.0
период 0.004751 0.0 0.0
периферия 0.004751 0.0 0.0
персональный 0.004751 0.0 0.0
пиар 0.004751 0.0 0.0
план 0.002375 0.0 0.0
планшет 0.002375 0.0 0.0
платформа 0.007126 0.0 0.0
повторяться 0.002375 3.912023 0.009292
подвести 0.002375 0.0 0.0
поднять 0.002375 0.0 0.0
подробный 0.002375 0.0 0.0
подтверждение 0.002375 3.912023 0.009292
подчеркнуть 0.002375 4.60517 0.010939
позволять 0.002375 1.832581 0.004353
поиск 0.004751 0.0 0.0
пока 0.004751 0.0 0.0
полезный 0.004751 0.0 0.0
политика 0.007126 0.0 0.0
полноприводный 0.002375 0.0 0.0
полностью 0.004751 2.207275 0.010486
полёт 0.007126 0.0 0.0
попробовать 0.004751 0.0 0.0
популярный 0.004751 0.0 0.0
посещать 0.004751 0.0 0.0
поставка 0.002375 3.218876 0.007646
потеря 0.002375 3.506558 0.008329
потребовать 0.002375 3.506558 0.008329
правительство 0.004751 3.506558 0.016658
прайс 0.004751 0.0 0.0
предварительный 0.002375 3.912023 0.009292
предоставить 0.002375 3.912023 0.009292
представить 0.002375 0.0 0.0
прекращение 0.004751 4.60517 0.021877
прибавка 0.004751 0.0 0.0
привести 0.002375 2.995732 0.007116
привод 0.002375 0.0 0.0
признать 0.002375 4.60517 0.010939
принтер 0.002375 0.0 0.0
приостановить 0.002375 4.60517 0.010939
приостановка 0.004751 4.60517 0.021877
приступить 0.002375 3.218876 0.007646
пробизнес 0.004751 0.0 0.0
провалить 0.002375 3.506558 0.008329
проведение 0.002375 0.0 0.0
провести 0.004751 4.60517 0.021877
программа 0.002375 0.0 0.0
продавать 0.004751 0.0 0.0
продажа 0.002375 0.0 0.0
продолжать 0.002375 0.0 0.0
проект 0.004751 0.0 0.0
проектор 0.002375 0.0 0.0
прозрачный 0.002375 4.60517 0.010939
произойти 0.002375 3.912023 0.009292
пролить 0.004751 0.0 0.0
прототип 0.004751 2.65926 0.012633
процесс 0.002375 0.0 0.0
работа 0.002375 0.0 0.0
разбор 0.004751 4.60517 0.021877
разделение 0.002375 3.218876 0.007646
ракетостроение 0.004751 4.60517 0.021877
рамка 0.002375 2.302585 0.005469
ранее 0.004751 1.771957 0.008418
расследование 0.007126 4.60517 0.032816
расширение 0.002375 2.813411 0.006683
реальный 0.002375 0.0 0.0
резкий 0.002375 4.60517 0.010939
результат 0.002375 0.0 0.0
реклама 0.004751 0.0 0.0
решать 0.002375 0.0 0.0
риск 0.002375 1.89712 0.004506
россия 0.002375 0.0 0.0
россиянин 0.002375 0.0 0.0
рубль 0.002375 0.0 0.0
рынок 0.004751 0.0 0.0
сайт 0.004751 0.0 0.0
самолёт 0.002375 0.0 0.0
самый 0.004751 0.0 0.0
сантиметр 0.002375 0.0 0.0
сбор 0.002375 0.0 0.0
свет 0.004751 0.0 0.0
связь 0.007126 0.0 0.0
северный 0.002375 4.60517 0.010939
сегодня 0.004751 0.0 0.0
сентябрь 0.002375 3.912023 0.009292
сервер 0.002375 0.0 0.0
сервис 0.002375 0.0 0.0
сертификация 0.002375 0.0 0.0
сеть 0.002375 0.0 0.0
сила 0.002375 0.967584 0.002298
системный 0.002375 4.60517 0.010939
ситуация 0.004751 3.218876 0.015292
скоро 0.004751 0.0 0.0
скорость 0.004751 2.302585 0.010939
случиться 0.002375 4.60517 0.010939
смочь 0.002375 3.912023 0.009292
смягчение 0.002375 3.506558 0.008329
снова 0.004751 0.0 0.0
собираться 0.002375 3.506558 0.008329
советский 0.004751 0.0 0.0
соглашаться 0.002375 0.0 0.0
создание 0.002375 1.89712 0.004506
сотрудничество 0.004751 2.65926 0.012633
спасти 0.004751 0.0 0.0
способный 0.002375 2.525729 0.005999
спутниковый 0.002375 4.60517 0.010939
среда 0.004751 0.0 0.0
срок 0.002375 2.207275 0.005243
ссылка 0.002375 0.0 0.0
ставить 0.002375 2.302585 0.005469
стартовать 0.002375 0.0 0.0
статистика 0.004751 0.0 0.0
стать 0.007126 0.0 0.0
статья 0.002375 0.0 0.0
стоимость 0.004751 0.0 0.0
ступень 0.007126 2.813411 0.020048
тайконавт 0.002375 0.0 0.0
тег 0.002375 0.0 0.0
текст 0.004751 0.0 0.0
текущий 0.002375 3.218876 0.007646
телескоп 0.004751 2.813411 0.013365
технический 0.007126 0.0 0.0
течение 0.004751 2.813411 0.013365
тихий 0.004751 3.912023 0.018584
топ 0.004751 0.0 0.0
точка 0.002375 4.60517 0.010939
требование 0.002375 3.912023 0.009292
требовать 0.002375 2.302585 0.005469
тщательный 0.004751 4.60517 0.021877
тыс 0.004751 0.0 0.0
тяга 0.002375 3.912023 0.009292
убрать 0.002375 0.0 0.0
удешевление 0.002375 4.60517 0.010939
ужесточить 0.004751 3.506558 0.016658
укрепить 0.004751 3.912023 0.018584
упасть 0.007126 0.0 0.0
управление 0.004751 1.660731 0.007889
ускоритель 0.002375 2.995732 0.007116
усовершенствовать 0.004751 4.60517 0.021877
успешный 0.002375 3.912023 0.009292
устранение 0.002375 3.912023 0.009292
устройство 0.002375 0.0 0.0
утвердить 0.002375 4.60517 0.010939
уточнить 0.002375 4.60517 0.010939
файл 0.002375 0.0 0.0
федеральный 0.002375 3.912023 0.009292
флагманский 0.002375 0.0 0.0
фундаментальный 0.002375 0.0 0.0
хит 0.002375 0.0 0.0
хотеть 0.002375 2.813411 0.006683
человек 0.002375 0.0 0.0
экспорт 0.004751 0.0 0.0
эмбрион 0.002375 0.0 0.0
этап 0.004751 2.207275 0.010486
эффективный 0.002375 3.912023 0.009292
южный 0.002375 0.0 0.0
