авиалайнер 0.003106 0.0 0.0
австралия 0.003106 0.0 0.0
автоваз 0.006211 0.0 0.0
автомат 0.003106 0.0 0.0
автомобиль 0.003106 1.560648 0.004847
автопроизводитель 0.006211 0.0 0.0
автор 0.009317 0.0 0.0
администрация 0.003106 0.0 0.0
адрес 0.006211 0.0 0.0
активный 0.003106 3.506558 0.01089
акцент 0.006211 2.995732 0.018607
америка 0.003106 0.0 0.0
аналитик 0.003106 0.0 0.0
апрель 0.003106 1.832581 0.005691
белок 0.003106 0.0 0.0
биологический 0.006211 0.0 0.0
ближний 0.003106 0.0 0.0
блог 0.003106 0.0 0.0
боковой 0.003106 4.60517 0.014302
бренд 0.006211 0.0 0.0
быстро 0.006211 0.0 0.0
быть 0.003106 0.0 0.0
вес 0.003106 0.0 0.0
весь 0.003106 0.0 0.0
взлом 0.003106 3.218876 0.009997
видеокарта 0.003106 0.0 0.0
внедорожник 0.003106 0.0 0.0
внедрение 0.006211 2.813411 0.017475
войти 0.006211 0.0 0.0
восток 0.003106 0.0 0.0
вредоносный 0.003106 3.218876 0.009997
входить 0.003106 0.0 0.0
выделить 0.003106 0.0 0.0
выпускать 0.003106 4.60517 0.014302
выходить 0.003106 0.0 0.0
генеративный 0.006211 3.218876 0.019993
гибрид 0.003106 1.89712 0.005892
главный 0.003106 0.0 0.0
год 0.003106 0.0 0.0
дания 0.003106 1.560648 0.004847
данные 0.006211 0.0 0.0
двигатель 0.012422 0.0 0.0
двухлетний 0.003106 3.506558 0.01089
день 0.009317 1.832581 0.017074
дизайн 0.006211 0.0 0.0
директор 0.006211 0.0 0.0
доллар 0.003106 0.0 0.0
дом 0.006211 0.0 0.0
доставить 0.003106 0.0 0.0
достигать 0.003106 0.0 0.0
другой 0.003106 1.771957 0.005503
единица 0.003106 2.995732 0.009304
завершить 0.003106 0.0 0.0
задний 0.003106 3.506558 0.01089
заказ 0.006211 2.525729 0.015688
занятость 0.006211 3.506558 0.02178
запас 0.009317 2.120264 0.019754
запуск 0.003106 1.272966 0.003953
защита 0.003106 0.0 0.0
земля 0.006211 0.0 0.0
зонд 0.009317 0.0 0.0
игра 0.003106 0.0 0.0
инновационный 0.006211 0.0 0.0
информация 0.003106 0.0 0.0
использование 0.003106 0.0 0.0
использовать 0.003106 2.120264 0.006585
исследование 0.009317 0.0 0.0
источник 0.006211 0.0 0.0
календарь 0.006211 0.0 0.0
категория 0.003106 0.0 0.0
кг 0.006211 0.0 0.0
километр 0.003106 0.0 0.0
классический 0.003106 0.0 0.0
клон 0.006211 0.0 0.0
км 0.006211 1.309333 0.008133
код 0.003106 2.207275 0.006855
количество 0.006211 3.218876 0.019993
комментирование 0.003106 0.0 0.0
комфортный 0.006211 0.0 0.0
конференция 0.006211 0.0 0.0
корея 0.003106 0.0 0.0
короткофокусный 0.003106 4.60517 0.014302
корпус 0.003106 0.0 0.0
космос 0.009317 0.0 0.0
кроссовер 0.006211 0.0 0.0
кубический 0.003106 0.0 0.0
кук 0.003106 0.0 0.0
лазерный 0.006211 3.218876 0.019993
летать 0.006211 0.0 0.0
лист 0.003106 0.0 0.0
май 0.009317 0.0 0.0
максимальный 0.003106 3.506558 0.01089
марк 0.003106 0.0 0.0
материал 0.003106 0.0 0.0
машина 0.009317 0.0 0.0
межпланетный 0.006211 0.0 0.0
менее 0.006211 2.207275 0.01371
менять 0.003106 0.0 0.0
миллион 0.003106 0.0 0.0
мир 0.003106 0.0 0.0
мобильный 0.003106 0.0 0.0
модель 0.012422 0.820981 0.010199
момент 0.009317 0.0 0.0
монитор 0.003106 0.0 0.0
мотобренд 0.003106 0.0 0.0
мотоцикл 0.003106 0.0 0.0
мочь 0.003106 0.0 0.0
мощность 0.006211 1.560648 0.009693
набрать 0.003106 3.912023 0.012149
нажать 0.003106 0.0 0.0
название 0.003106 0.0 0.0
назвать 0.003106 0.0 0.0
наслать 0.003106 0.0 0.0
научиться 0.003106 3.506558 0.01089
наш 0.006211 0.0 0.0
новость 0.003106 0.0 0.0
новый 0.009317 0.0 0.0
ноутбук 0.003106 0.0 0.0
нужный 0.003106 0.0 0.0
обзор 0.003106 0.0 0.0
обработка 0.003106 0.0 0.0
образец 0.003106 0.0 0.0
объявить 0.003106 0.0 0.0
одноклассник 0.006211 0.0 0.0
орбита 0.003106 0.0 0.0
оснастить 0.003106 2.120264 0.006585
отдать 0.003106 0.0 0.0
отечественный 0.003106 0.0 0.0
отказ 0.003106 0.0 0.0
отказаться 0.003106 0.0 0.0
отключить 0.003106 0.0 0.0
отличие 0.006211 2.207275 0.01371
отметить 0.003106 2.65926 0.008259
очень 0.006211 0.0 0.0
ошибка 0.003106 0.0 0.0
передний 0.003106 0.0 0.0
период 0.006211 0.0 0.0
периферия 0.006211 0.0 0.0
персональный 0.006211 0.0 0.0
пиар 0.006211 0.0 0.0
планшет 0.003106 0.0 0.0
платформа 0.006211 0.0 0.0
повлиять 0.003106 2.995732 0.009304
подвести 0.003106 0.0 0.0
поддерживать 0.003106 3.218876 0.009997
поднять 0.003106 0.0 0.0
подробный 0.003106 0.0 0.0
поиск 0.006211 0.0 0.0
пока 0.006211 0.0 0.0
показать 0.003106 2.302585 0.007151
полезный 0.003106 0.0 0.0
политика 0.009317 0.0 0.0
полмесяца 0.006211 4.60517 0.028604
полноприводный 0.003106 0.0 0.0
полный 0.006211 2.813411 0.017475
пользоваться 0.003106 2.995732 0.009304
полёт 0.003106 0.0 0.0
попробовать 0.006211 0.0 0.0
популярность 0.003106 3.506558 0.01089
популярный 0.006211 0.0 0.0
посещать 0.006211 0.0 0.0
праздник 0.003106 3.912023 0.012149
прайс 0.006211 0.0 0.0
превысить 0.006211 3.912023 0.024298
представить 0.006211 0.0 0.0
прибавка 0.006211 0.0 0.0
привод 0.003106 0.0 0.0
принтер 0.003106 0.0 0.0
пробизнес 0.006211 0.0 0.0
проведение 0.003106 0.0 0.0
программа 0.003106 0.0 0.0
продавать 0.006211 0.0 0.0
продажа 0.006211 0.0 0.0
продать 0.003106 2.995732 0.009304
продолжать 0.003106 0.0 0.0
проект 0.006211 0.0 0.0
проектор 0.003106 0.0 0.0
пролить 0.006211 0.0 0.0
процесс 0.003106 0.0 0.0
работа 0.003106 0.0 0.0
радар 0.006211 3.912023 0.024298
реальный 0.003106 0.0 0.0
результат 0.006211 0.0 0.0
реклама 0.006211 0.0 0.0
рекорд 0.006211 2.120264 0.013169
решать 0.003106 0.0 0.0
россия 0.003106 0.0 0.0
россиянин 0.003106 0.0 0.0
рубль 0.003106 0.0 0.0
рынок 0.006211 0.0 0.0
сайт 0.006211 0.0 0.0
самолёт 0.003106 0.0 0.0
самый 0.006211 0.0 0.0
сантиметр 0.003106 0.0 0.0
сбор 0.003106 0.0 0.0
свет 0.006211 0.0 0.0
свой 0.003106 2.813411 0.008737
связь 0.009317 0.0 0.0
сделать 0.003106 3.218876 0.009997
сегодня 0.006211 0.0 0.0
сервер 0.003106 0.0 0.0
сервис 0.003106 0.0 0.0
сертификация 0.003106 0.0 0.0
сеть 0.003106 0.0 0.0
система 0.003106 1.347074 0.004183
скоро 0.006211 0.0 0.0
снова 0.006211 0.0 0.0
собрать 0.003106 3.912023 0.012149
собственный 0.003106 3.218876 0.009997
советский 0.006211 0.0 0.0
соглашаться 0.003106 0.0 0.0
сообщить 0.003106 2.525729 0.007844
составлять 0.003106 2.407946 0.007478
спасти 0.006211 0.0 0.0
среда 0.006211 0.0 0.0
ссылка 0.003106 0.0 0.0
старт 0.003106 0.0 0.0
стартовать 0.003106 0.0 0.0
статистика 0.006211 0.0 0.0
стать 0.003106 0.0 0.0
статья 0.003106 0.0 0.0
стоимость 0.006211 0.0 0.0
тайконавт 0.003106 0.0 0.0
тег 0.003106 0.0 0.0
текст 0.006211 0.0 0.0
технический 0.006211 0.0 0.0
топ 0.006211 0.0 0.0
тыс 0.006211 0.0 0.0
убрать 0.003106 0.0 0.0
увеличить 0.003106 3.506558 0.01089
упасть 0.006211 0.0 0.0
успех 0.003106 2.207275 0.006855
установить 0.003106 2.525729 0.007844
устройство 0.003106 0.0 0.0
файл 0.003106 0.0 0.0
флагманский 0.003106 0.0 0.0
фреймворк 0.006211 3.218876 0.019993
фундаментальный 0.003106 0.0 0.0
хит 0.003106 0.0 0.0
ход 0.003106 0.0 0.0
человек 0.003106 0.0 0.0
четыре 0.003106 2.65926 0.008259
чинить 0.006211 3.218876 0.019993
экспорт 0.006211 0.0 0.0
электротяга 0.003106 4.60517 0.014302
эмбрион 0.003106 0.0 0.0
южный 0.003106 0.0 0.0
