авиалайнер 0.002222 0.0 0.0
австралия 0.002222 0.0 0.0
автоваз 0.004444 0.0 0.0
автомат 0.002222 0.0 0.0
автопроизводитель 0.002222 0.0 0.0
автор 0.006667 0.0 0.0
администрация 0.002222 0.0 0.0
адрес 0.004444 0.0 0.0
америка 0.002222 0.0 0.0
американский 0.008889 2.207275 0.01962
аналитик 0.006667 0.0 0.0
аналог 0.002222 2.525729 0.005613
астероид 0.002222 2.995732 0.006657
белок 0.002222 0.0 0.0
беспрецедентный 0.004444 4.60517 0.020467
биологический 0.004444 0.0 0.0
биосфера 0.004444 3.506558 0.015585
ближний 0.002222 0.0 0.0
блог 0.002222 0.0 0.0
быстро 0.004444 0.0 0.0
быть 0.002222 0.0 0.0
вес 0.002222 0.0 0.0
весь 0.002222 0.0 0.0
видеокарта 0.002222 0.0 0.0
внедорожник 0.002222 0.0 0.0
возводить 0.002222 4.60517 0.010234
возможный 0.002222 4.60517 0.010234
войти 0.004444 0.0 0.0
вопрос 0.004444 1.660731 0.007381
восток 0.002222 0.0 0.0
впервые 0.004444 2.120264 0.009423
время 0.004444 1.427116 0.006343
входить 0.002222 0.0 0.0
вывести 0.004444 3.506558 0.015585
выделить 0.002222 0.0 0.0
выделять 0.002222 4.60517 0.010234
выработка 0.002222 4.60517 0.010234
высокоэнергетический 0.002222 4.60517 0.010234
выходить 0.002222 0.0 0.0
гибридный 0.002222 2.65926 0.005909
главный 0.002222 0.0 0.0
глобальный 0.004444 3.506558 0.015585
год 0.008889 0.0 0.0
гонка 0.002222 2.407946 0.005351
город 0.004444 2.813411 0.012504
государственный 0.002222 4.60517 0.010234
данные 0.004444 0.0 0.0
дата 0.004444 2.813411 0.012504
двигатель 0.006667 0.0 0.0
деккер 0.004444 4.60517 0.020467
делать 0.002222 2.995732 0.006657
деление 0.004444 2.995732 0.013314
делительный 0.002222 4.60517 0.010234
дизайн 0.004444 0.0 0.0
директор 0.004444 0.0 0.0
доллар 0.002222 0.0 0.0
дом 0.006667 0.0 0.0
доставить 0.002222 0.0 0.0
достигать 0.002222 0.0 0.0
достигнуть 0.002222 3.912023 0.008693
доступ 0.004444 1.347074 0.005987
завершить 0.002222 0.0 0.0
зажигание 0.002222 4.60517 0.010234
закупка 0.002222 4.60517 0.010234
запланировать 0.002222 1.966113 0.004369
запуск 0.004444 1.272966 0.005658
запускать 0.004444 3.506558 0.015585
запустить 0.004444 4.60517 0.020467
защита 0.004444 0.0 0.0
защитить 0.002222 3.218876 0.007153
земля 0.004444 0.0 0.0
земной 0.002222 2.302585 0.005117
зонд 0.006667 0.0 0.0
игра 0.002222 0.0 0.0
изменить 0.004444 2.995732 0.013314
инновационный 0.004444 0.0 0.0
интеграция 0.002222 3.506558 0.007792
интегрировать 0.002222 2.65926 0.005909
информация 0.002222 0.0 0.0
использование 0.002222 0.0 0.0
использоваться 0.002222 3.218876 0.007153
используевать 0.002222 4.60517 0.010234
испытательный 0.002222 3.912023 0.008693
исследование 0.004444 0.0 0.0
исследовательский 0.004444 3.506558 0.015585
источник 0.006667 0.0 0.0
календарь 0.004444 0.0 0.0
категория 0.002222 0.0 0.0
кг 0.004444 0.0 0.0
километр 0.002222 0.0 0.0
китай 0.006667 1.108663 0.007391
китайский 0.006667 2.120264 0.014135
классический 0.002222 0.0 0.0
клон 0.004444 0.0 0.0
ключевой 0.002222 1.966113 0.004369
кнр 0.004444 3.218876 0.014306
колебание 0.002222 3.506558 0.007792
комментирование 0.002222 0.0 0.0
комплекс 0.004444 2.65926 0.011819
комфортный 0.004444 0.0 0.0
конструкция 0.004444 3.912023 0.017387
конференция 0.004444 0.0 0.0
корея 0.002222 0.0 0.0
корпус 0.002222 0.0 0.0
космос 0.006667 0.0 0.0
который 0.008889 0.579818 0.005154
кроссовер 0.004444 0.0 0.0
крупный 0.008889 3.912023 0.034774
кубический 0.002222 0.0 0.0
кук 0.002222 0.0 0.0
лазер 0.002222 2.65926 0.005909
лазерный 0.002222 3.218876 0.007153
ландшафт 0.004444 3.912023 0.017387
летать 0.004444 0.0 0.0
лидер 0.004444 2.995732 0.013314
лист 0.002222 0.0 0.0
магнитный 0.002222 3.506558 0.007792
май 0.006667 0.0 0.0
марк 0.002222 0.0 0.0
марсианский 0.002222 3.506558 0.007792
масштаб 0.002222 1.771957 0.003938
материал 0.004444 0.0 0.0
машина 0.002222 0.0 0.0
межпланетный 0.004444 0.0 0.0
менять 0.002222 0.0 0.0
место 0.002222 1.514128 0.003365
микроб 0.002222 3.506558 0.007792
миллион 0.002222 0.0 0.0
министерство 0.002222 3.912023 0.008693
мир 0.004444 0.0 0.0
мировой 0.002222 3.912023 0.008693
миссия 0.002222 1.386294 0.003081
мобильный 0.002222 0.0 0.0
момент 0.004444 0.0 0.0
монитор 0.002222 0.0 0.0
мотобренд 0.002222 0.0 0.0
мотоцикл 0.002222 0.0 0.0
мочь 0.002222 0.0 0.0
мощность 0.004444 1.469676 0.006532
мощный 0.004444 2.813411 0.012504
нажать 0.002222 0.0 0.0
название 0.002222 0.0 0.0
назвать 0.002222 0.0 0.0
наслать 0.002222 0.0 0.0
наука 0.004444 1.966113 0.008738
научный 0.002222 3.506558 0.007792
национальный 0.002222 4.60517 0.010234
наш 0.004444 0.0 0.0
нейтрон 0.002222 2.995732 0.006657
необходимый 0.002222 4.60517 0.010234
новость 0.002222 0.0 0.0
новый 0.006667 0.0 0.0
ноутбук 0.002222 0.0 0.0
нужный 0.002222 0.0 0.0
обеспечивать 0.004444 4.60517 0.020467
обеспечить 0.002222 1.771957 0.003938
обещать 0.002222 3.506558 0.007792
обзор 0.002222 0.0 0.0
область 0.002222 2.120264 0.004712
обработка 0.002222 0.0 0.0
образец 0.002222 0.0 0.0
образный 0.006667 3.506558 0.023377
объект 0.004444 2.207275 0.00981
объявить 0.002222 0.0 0.0
одноклассник 0.004444 0.0 0.0
опережать 0.002222 3.506558 0.007792
опираться 0.002222 4.60517 0.010234
оптимизировать 0.002222 2.65926 0.005909
орбита 0.002222 0.0 0.0
освоить 0.002222 4.60517 0.010234
остров 0.002222 4.60517 0.010234
отдать 0.002222 0.0 0.0
отечественный 0.002222 0.0 0.0
отказ 0.002222 0.0 0.0
отказаться 0.002222 0.0 0.0
отключить 0.002222 0.0 0.0
отметить 0.002222 1.427116 0.003171
отход 0.004444 3.506558 0.015585
очень 0.004444 0.0 0.0
ошибка 0.002222 0.0 0.0
параллельно 0.004444 1.89712 0.008432
партнёр 0.002222 2.302585 0.005117
первый 0.004444 1.832581 0.008145
передний 0.002222 0.0 0.0
период 0.004444 0.0 0.0
периферия 0.004444 0.0 0.0
персональный 0.004444 0.0 0.0
пиар 0.004444 0.0 0.0
пинчевой 0.004444 4.60517 0.020467
питать 0.004444 4.60517 0.020467
плазма 0.006667 3.912023 0.02608
планета 0.006667 2.120264 0.014135
планировать 0.002222 1.714798 0.003811
планшет 0.002222 0.0 0.0
платформа 0.004444 0.0 0.0
площадка 0.002222 4.60517 0.010234
повышение 0.002222 2.995732 0.006657
подвести 0.002222 0.0 0.0
поддержка 0.002222 2.525729 0.005613
поднять 0.002222 0.0 0.0
подобный 0.002222 3.506558 0.007792
подробный 0.002222 0.0 0.0
подтверждать 0.002222 3.506558 0.007792
подход 0.002222 1.89712 0.004216
поиск 0.004444 0.0 0.0
пока 0.004444 0.0 0.0
показывать 0.002222 3.912023 0.008693
полагаться 0.002222 4.60517 0.010234
полезный 0.002222 0.0 0.0
политика 0.006667 0.0 0.0
полноприводный 0.002222 0.0 0.0
полёт 0.002222 0.0 0.0
попробовать 0.004444 0.0 0.0
популярный 0.004444 0.0 0.0
посещать 0.004444 0.0 0.0
потерять 0.004444 4.60517 0.020467
прайс 0.004444 0.0 0.0
практически 0.004444 2.995732 0.013314
превосходить 0.002222 3.912023 0.008693
предположительно 0.004444 3.506558 0.015585
представить 0.002222 0.0 0.0
прибавка 0.004444 0.0 0.0
привод 0.002222 0.0 0.0
призвать 0.002222 3.506558 0.007792
принтер 0.002222 0.0 0.0
принцип 0.002222 2.995732 0.006657
природа 0.002222 3.218876 0.007153
пробизнес 0.004444 0.0 0.0
проведение 0.002222 0.0 0.0
провинция 0.004444 4.60517 0.020467
программа 0.002222 0.0 0.0
продавать 0.004444 0.0 0.0
продажа 0.002222 0.0 0.0
продолжать 0.002222 0.0 0.0
проект 0.008889 0.0 0.0
проектор 0.002222 0.0 0.0
произвести 0.002222 3.912023 0.008693
пролить 0.004444 0.0 0.0
прорыв 0.004444 1.714798 0.007621
процесс 0.006667 0.0 0.0
работа 0.002222 0.0 0.0
радиоактивный 0.004444 3.912023 0.017387
расширять 0.004444 3.912023 0.017387
реакция 0.002222 3.506558 0.007792
реальность 0.002222 3.912023 0.008693
реальный 0.002222 0.0 0.0
результат 0.002222 0.0 0.0
реклама 0.004444 0.0 0.0
решать 0.002222 0.0 0.0
решимость 0.004444 4.60517 0.020467
рисковать 0.002222 4.60517 0.010234
россия 0.002222 0.0 0.0
россиянин 0.002222 0.0 0.0
рубль 0.002222 0.0 0.0
рывок 0.004444 3.218876 0.014306
рынок 0.004444 0.0 0.0
рыночный 0.002222 3.912023 0.008693
сайт 0.004444 0.0 0.0
самолёт 0.002222 0.0 0.0
самый 0.004444 0.0 0.0
сантиметр 0.002222 0.0 0.0
сбор 0.002222 0.0 0.0
свет 0.004444 0.0 0.0
связь 0.006667 0.0 0.0
сделать 0.002222 3.506558 0.007792
сегодня 0.004444 0.0 0.0
сервер 0.002222 0.0 0.0
сервис 0.002222 0.0 0.0
сертификация 0.002222 0.0 0.0
сеть 0.002222 0.0 0.0
сжатие 0.002222 4.60517 0.010234
синтез 0.006667 2.407946 0.016053
система 0.002222 0.941609 0.002092
скоро 0.004444 0.0 0.0
скорость 0.004444 2.302585 0.010234
слабый 0.002222 3.506558 0.007792
сливаться 0.002222 4.60517 0.010234
смочь 0.002222 2.995732 0.006657
снимок 0.002222 3.506558 0.007792
снова 0.004444 0.0 0.0
совершить 0.002222 3.218876 0.007153
советский 0.004444 0.0 0.0
соглашаться 0.002222 0.0 0.0
создавать 0.002222 2.995732 0.006657
сокращать 0.002222 3.506558 0.007792
сочетать 0.002222 2.995732 0.006657
спад 0.002222 3.506558 0.007792
спасти 0.004444 0.0 0.0
способный 0.002222 4.60517 0.010234
спрос 0.002222 2.525729 0.005613
спутниковый 0.002222 4.60517 0.010234
среда 0.004444 0.0 0.0
ссылка 0.002222 0.0 0.0
ставить 0.002222 2.302585 0.005117
станция 0.004444 2.813411 0.012504
стартап 0.002222 2.995732 0.006657
стартовать 0.002222 0.0 0.0
статистика 0.004444 0.0 0.0
стать 0.006667 0.0 0.0
статья 0.002222 0.0 0.0
стоимость 0.004444 0.0 0.0
строительство 0.002222 3.912023 0.008693
строить 0.002222 2.813411 0.006252
тайконавт 0.002222 0.0 0.0
тег 0.002222 0.0 0.0
текст 0.004444 0.0 0.0
термоядерный 0.006667 2.813411 0.018756
технический 0.004444 0.0 0.0
технология 0.004444 1.386294 0.006161
ток 0.004444 0.0 0.0
топ 0.004444 0.0 0.0
тыс 0.004444 0.0 0.0
убрать 0.002222 0.0 0.0
увеличивать 0.002222 3.218876 0.007153
угроза 0.002222 2.65926 0.005909
упасть 0.004444 0.0 0.0
управление 0.006667 2.525729 0.016838
уровень 0.002222 2.65926 0.005909
успех 0.004444 2.207275 0.00981
установка 0.004444 2.407946 0.010702
устройство 0.002222 0.0 0.0
файл 0.002222 0.0 0.0
финансирование 0.004444 3.912023 0.017387
финансовый 0.002222 2.995732 0.006657
флагманский 0.002222 0.0 0.0
фундаментальный 0.002222 0.0 0.0
хит 0.002222 0.0 0.0
центр 0.002222 1.714798 0.003811
частный 0.002222 3.912023 0.008693
человек 0.002222 0.0 0.0
чистый 0.002222 4.60517 0.010234
эйнштейн 0.002222 4.60517 0.010234
экологически 0.004444 4.60517 0.020467
эксперт 0.002222 2.65926 0.005909
экспорт 0.004444 0.0 0.0
электрический 0.004444 3.506558 0.015585
электростанция 0.002222 3.912023 0.008693
электроэнергия 0.002222 3.912023 0.008693
эмбрион 0.002222 0.0 0.0
энергетика 0.002222 2.995732 0.006657
энергетический 0.004444 3.506558 0.015585
энергия 0.004444 2.040221 0.009068
эффективность 0.002222 1.966113 0.004369
южный 0.002222 0.0 0.0
ядерный 0.002222 2.995732 0.006657
ядро 0.002222 2.995732 0.006657
яоха 0.002222 4.60517 0.010234
