авиалайнер 0.00289 0.0 0.0
австралия 0.00289 0.0 0.0
автоваз 0.00578 0.0 0.0
автомат 0.00289 0.0 0.0
автопроизводитель 0.00289 0.0 0.0
автор 0.008671 0.0 0.0
администрация 0.00289 0.0 0.0
адрес 0.00578 0.0 0.0
айсберг 0.00289 4.60517 0.01331
америка 0.00289 0.0 0.0
американский 0.00578 2.040221 0.011793
аналитик 0.00289 0.0 0.0
белок 0.00289 0.0 0.0
беременность 0.00289 3.506558 0.010135
биологический 0.00578 0.0 0.0
бить 0.00289 3.912023 0.011306
ближний 0.00289 0.0 0.0
блог 0.00289 0.0 0.0
бургер 0.00289 3.506558 0.010135
быстро 0.00578 0.0 0.0
быть 0.00289 0.0 0.0
ввести 0.00289 3.912023 0.011306
ввоз 0.00289 3.912023 0.011306
верхушка 0.00578 4.60517 0.026619
вес 0.00289 0.0 0.0
весь 0.00289 0.0 0.0
видеокарта 0.00289 0.0 0.0
власть 0.00289 4.60517 0.01331
внедорожник 0.00289 0.0 0.0
внимание 0.00578 2.65926 0.015371
войти 0.00578 0.0 0.0
восток 0.00289 0.0 0.0
входить 0.00289 0.0 0.0
выделить 0.00289 0.0 0.0
выдумывать 0.00578 4.60517 0.026619
вызвать 0.00289 4.60517 0.01331
высмеять 0.00289 4.60517 0.01331
выступать 0.00289 4.60517 0.01331
выходить 0.00289 0.0 0.0
выявлять 0.00289 4.60517 0.01331
главный 0.00289 0.0 0.0
год 0.00289 0.0 0.0
данные 0.00578 0.0 0.0
дата 0.00578 2.813411 0.016262
двигатель 0.008671 0.0 0.0
дизайн 0.00578 0.0 0.0
директор 0.00578 0.0 0.0
должный 0.00289 2.813411 0.008131
доллар 0.00289 0.0 0.0
дом 0.00578 0.0 0.0
доставить 0.00289 0.0 0.0
достигать 0.00289 0.0 0.0
доступный 0.00289 3.912023 0.011306
живот 0.00289 3.218876 0.009303
завершить 0.00289 0.0 0.0
запретить 0.00289 4.60517 0.01331
запустить 0.00289 1.966113 0.005682
защита 0.00289 0.0 0.0
заявить 0.00289 3.912023 0.011306
заявление 0.00289 3.912023 0.011306
зелёный 0.00289 4.60517 0.01331
земля 0.00578 0.0 0.0
зонд 0.008671 0.0 0.0
игра 0.00289 0.0 0.0
изображение 0.00578 1.514128 0.008752
инновационный 0.00578 0.0 0.0
инновация 0.00289 3.912023 0.011306
информация 0.00289 0.0 0.0
использование 0.00289 0.0 0.0
использовать 0.00289 2.120264 0.006128
исследование 0.00289 0.0 0.0
источник 0.00578 0.0 0.0
календарь 0.00578 0.0 0.0
категория 0.00289 0.0 0.0
кг 0.00578 0.0 0.0
километр 0.00289 0.0 0.0
китай 0.00578 1.171183 0.00677
китайский 0.00289 2.120264 0.006128
классический 0.00289 0.0 0.0
клон 0.00578 0.0 0.0
кнр 0.00578 3.218876 0.018606
комментирование 0.00289 0.0 0.0
компания 0.008671 0.71335 0.006185
комфортный 0.00578 0.0 0.0
контрабанда 0.014451 3.506558 0.050673
контроль 0.00578 2.813411 0.016262
конференция 0.00578 0.0 0.0
конфликт 0.00578 3.506558 0.020269
корабль 0.00578 3.218876 0.018606
корея 0.00289 0.0 0.0
корпус 0.00289 0.0 0.0
космос 0.008671 0.0 0.0
который 0.00289 0.776529 0.002244
кроссовер 0.00578 0.0 0.0
кубический 0.00289 0.0 0.0
кук 0.00289 0.0 0.0
кухня 0.00289 3.506558 0.010135
летать 0.00578 0.0 0.0
лист 0.00289 0.0 0.0
лобстер 0.00578 3.506558 0.020269
луна 0.00289 2.813411 0.008131
май 0.008671 0.0 0.0
малайзия 0.00289 4.60517 0.01331
марк 0.00289 0.0 0.0
материал 0.00289 0.0 0.0
машина 0.00289 0.0 0.0
межпланетный 0.00578 0.0 0.0
менять 0.00289 0.0 0.0
метод 0.00289 1.714798 0.004956
миллион 0.00289 0.0 0.0
мир 0.00289 0.0 0.0
миссия 0.00289 1.386294 0.004007
мобильный 0.00289 0.0 0.0
момент 0.00578 0.0 0.0
монитор 0.00289 0.0 0.0
мотобренд 0.00289 0.0 0.0
мотоцикл 0.00289 0.0 0.0
мочь 0.00289 0.0 0.0
нажать 0.00289 0.0 0.0
название 0.00289 0.0 0.0
назвать 0.00289 0.0 0.0
наслать 0.00289 0.0 0.0
наш 0.00578 0.0 0.0
недружественный 0.00289 4.60517 0.01331
неоднократно 0.00578 4.60517 0.026619
неожиданный 0.00289 3.912023 0.011306
новость 0.00289 0.0 0.0
новый 0.011561 0.0 0.0
ноутбук 0.00289 0.0 0.0
нуждаться 0.00289 4.60517 0.01331
нужный 0.00289 0.0 0.0
обзор 0.00289 0.0 0.0
обработка 0.00289 0.0 0.0
образец 0.00289 0.0 0.0
обход 0.00289 1.832581 0.005296
объявить 0.00289 0.0 0.0
ограничение 0.00289 2.525729 0.0073
ограничить 0.00289 3.912023 0.011306
одноклассник 0.00578 0.0 0.0
опровергать 0.00289 4.60517 0.01331
орбита 0.00289 0.0 0.0
особенно 0.00578 1.609438 0.009303
ответ 0.00578 1.714798 0.009912
отдать 0.00289 0.0 0.0
отечественный 0.00289 0.0 0.0
отказ 0.00289 0.0 0.0
отказаться 0.00289 0.0 0.0
отключить 0.00289 0.0 0.0
очень 0.00578 0.0 0.0
ошибка 0.00289 0.0 0.0
передать 0.00289 2.995732 0.008658
передний 0.00289 0.0 0.0
передовой 0.00289 3.912023 0.011306
период 0.00578 0.0 0.0
периферия 0.00578 0.0 0.0
персональный 0.00578 0.0 0.0
пиар 0.00578 0.0 0.0
план 0.00289 0.0 0.0
планировать 0.00289 1.714798 0.004956
планшет 0.00289 0.0 0.0
платформа 0.00578 0.0 0.0
подвести 0.00289 0.0 0.0
поддерживать 0.00289 3.218876 0.009303
поднять 0.00289 0.0 0.0
подозрительный 0.00289 4.60517 0.01331
подробный 0.00289 0.0 0.0
поиск 0.00578 0.0 0.0
пока 0.00578 0.0 0.0
полезный 0.00289 0.0 0.0
политика 0.008671 0.0 0.0
полминуты 0.00578 3.506558 0.020269
полноприводный 0.00289 0.0 0.0
полёт 0.00289 0.0 0.0
попробовать 0.00578 0.0 0.0
популярный 0.00578 0.0 0.0
посещать 0.00578 0.0 0.0
поспорить 0.00289 4.60517 0.01331
поставка 0.00289 2.525729 0.0073
правило 0.00289 0.0 0.0
прайс 0.00578 0.0 0.0
предлагать 0.00289 2.120264 0.006128
предмет 0.00289 3.506558 0.010135
представить 0.00289 0.0 0.0
прибавка 0.00578 0.0 0.0
привлечь 0.00289 3.912023 0.011306
привод 0.00289 0.0 0.0
принтер 0.00289 0.0 0.0
пробизнес 0.00578 0.0 0.0
проведение 0.00289 0.0 0.0
программа 0.00289 0.0 0.0
продавать 0.00578 0.0 0.0
продажа 0.00289 0.0 0.0
продолжать 0.008671 0.0 0.0
проект 0.011561 0.0 0.0
проектор 0.00289 0.0 0.0
пролить 0.00578 0.0 0.0
процесс 0.00289 0.0 0.0
публично 0.00578 3.506558 0.020269
работа 0.00289 0.0 0.0
разгореться 0.00289 4.60517 0.01331
ранее 0.00578 1.771957 0.010243
расширять 0.00578 3.912023 0.022613
реакция 0.00289 3.506558 0.010135
реальный 0.00289 0.0 0.0
резкий 0.00289 4.60517 0.01331
результат 0.00289 0.0 0.0
реклама 0.00578 0.0 0.0
решать 0.00289 0.0 0.0
робот 0.00289 1.966113 0.005682
россия 0.00289 0.0 0.0
россиянин 0.00289 0.0 0.0
рубль 0.00289 0.0 0.0
рынок 0.00578 0.0 0.0
сайт 0.00578 0.0 0.0
самолёт 0.00289 0.0 0.0
самый 0.00578 0.0 0.0
сантиметр 0.00289 0.0 0.0
сбор 0.00289 0.0 0.0
сборка 0.00578 3.218876 0.018606
свет 0.00578 0.0 0.0
свой 0.00289 1.832581 0.005296
связь 0.008671 0.0 0.0
сгенерировать 0.00289 2.65926 0.007686
сегодня 0.00578 0.0 0.0
сервер 0.00289 0.0 0.0
сервис 0.00289 0.0 0.0
сертификация 0.00289 0.0 0.0
сеть 0.00289 0.0 0.0
сингапур 0.00289 3.912023 0.011306
скептицизм 0.00578 4.60517 0.026619
скоро 0.00578 0.0 0.0
случай 0.00289 2.813411 0.008131
снова 0.00578 0.0 0.0
советский 0.00578 0.0 0.0
соглашаться 0.00289 0.0 0.0
сосредоточиться 0.00578 3.912023 0.022613
сохранение 0.00578 3.912023 0.022613
спасти 0.00578 0.0 0.0
среда 0.00578 0.0 0.0
ссылаться 0.00289 4.60517 0.01331
ссылка 0.00289 0.0 0.0
стартовать 0.00289 0.0 0.0
статистика 0.00578 0.0 0.0
стать 0.00289 0.0 0.0
статья 0.00289 0.0 0.0
стоимость 0.00578 0.0 0.0
страна 0.00578 2.995732 0.017316
странный 0.00578 3.506558 0.020269
считать 0.00289 3.218876 0.009303
тайконавт 0.00289 0.0 0.0
таможенник 0.00289 4.60517 0.01331
тег 0.00289 0.0 0.0
текст 0.00578 0.0 0.0
технический 0.00578 0.0 0.0
технология 0.00289 1.427116 0.004125
топ 0.00578 0.0 0.0
тыс 0.00578 0.0 0.0
тяжёлый 0.00289 4.60517 0.01331
убрать 0.00289 0.0 0.0
упасть 0.00578 0.0 0.0
усиливать 0.00289 3.912023 0.011306
устройство 0.00289 0.0 0.0
утверждать 0.00289 3.912023 0.011306
файл 0.00289 0.0 0.0
факт 0.00289 2.65926 0.007686
флагманский 0.00289 0.0 0.0
фундаментальный 0.00289 0.0 0.0
хит 0.00289 0.0 0.0
центр 0.00289 1.714798 0.004956
человек 0.011561 0.0 0.0
чип 0.00289 1.966113 0.005682
экспорт 0.008671 0.0 0.0
экспортный 0.00289 3.218876 0.009303
эмбрион 0.00289 0.0 0.0
южный 0.00289 0.0 0.0
