авиалайнер 0.002611 0.0 0.0
австралия 0.002611 0.0 0.0
автоваз 0.005222 0.0 0.0
автомат 0.002611 0.0 0.0
автопроизводитель 0.002611 0.0 0.0
автор 0.007833 0.0 0.0
администрация 0.010444 0.0 0.0
адрес 0.005222 0.0 0.0
америка 0.002611 0.0 0.0
американский 0.005222 2.302585 0.012024
аналитик 0.002611 0.0 0.0
белок 0.002611 0.0 0.0
биологический 0.005222 0.0 0.0
ближний 0.002611 0.0 0.0
блог 0.002611 0.0 0.0
бот 0.002611 0.0 0.0
бояться 0.002611 3.218876 0.008404
будущий 0.002611 4.60517 0.012024
быстро 0.005222 0.0 0.0
быстрый 0.002611 2.407946 0.006287
быть 0.002611 0.0 0.0
важность 0.005222 3.912023 0.020428
вдвое 0.005222 2.995732 0.015644
вес 0.002611 0.0 0.0
весь 0.002611 0.0 0.0
видеокарта 0.002611 0.0 0.0
внедорожник 0.002611 0.0 0.0
возглавить 0.002611 3.218876 0.008404
возможность 0.002611 1.832581 0.004785
войти 0.005222 0.0 0.0
вопрос 0.002611 1.660731 0.004336
восток 0.002611 0.0 0.0
время 0.005222 1.427116 0.007452
встретиться 0.002611 4.60517 0.012024
встреча 0.002611 4.60517 0.012024
входить 0.002611 0.0 0.0
выделить 0.002611 0.0 0.0
высокопоставленный 0.002611 4.60517 0.012024
выходить 0.002611 0.0 0.0
генеральный 0.005222 2.995732 0.015644
генератор 0.002611 3.218876 0.008404
главный 0.002611 0.0 0.0
год 0.002611 0.0 0.0
данные 0.005222 0.0 0.0
двигатель 0.007833 0.0 0.0
дело 0.002611 2.65926 0.006943
джон 0.005222 4.60517 0.024048
дизайн 0.005222 0.0 0.0
директор 0.005222 0.0 0.0
доллар 0.002611 0.0 0.0
дом 0.005222 0.0 0.0
дональд 0.002611 4.60517 0.012024
доставить 0.002611 0.0 0.0
достигать 0.002611 0.0 0.0
другой 0.002611 1.771957 0.004627
завершить 0.002611 0.0 0.0
заказ 0.002611 2.525729 0.006595
законодатель 0.002611 4.60517 0.012024
запрещать 0.005222 3.506558 0.018311
защита 0.002611 0.0 0.0
заявить 0.002611 3.218876 0.008404
заявление 0.002611 3.218876 0.008404
земля 0.005222 0.0 0.0
зонд 0.007833 0.0 0.0
игра 0.002611 0.0 0.0
играть 0.002611 3.912023 0.010214
идти 0.002611 2.65926 0.006943
изображение 0.007833 1.469676 0.011512
импорт 0.002611 2.995732 0.007822
инновационный 0.005222 0.0 0.0
интеллект 0.002611 1.966113 0.005133
интерес 0.002611 2.407946 0.006287
информация 0.002611 0.0 0.0
инфраструктура 0.002611 3.218876 0.008404
искусственный 0.002611 2.407946 0.006287
использование 0.002611 0.0 0.0
исследование 0.002611 0.0 0.0
источник 0.005222 0.0 0.0
исходный 0.002611 3.912023 0.010214
календарь 0.005222 0.0 0.0
категория 0.002611 0.0 0.0
кг 0.005222 0.0 0.0
километр 0.002611 0.0 0.0
китай 0.007833 1.07881 0.00845
китайский 0.007833 2.040221 0.015981
классический 0.005222 0.0 0.0
клиент 0.002611 2.813411 0.007346
клон 0.005222 0.0 0.0
код 0.002611 2.207275 0.005763
комитет 0.007833 3.912023 0.030642
комментирование 0.002611 0.0 0.0
компания 0.007833 0.71335 0.005588
комфортный 0.005222 0.0 0.0
конгресс 0.002611 3.218876 0.008404
конкурентоспособный 0.002611 4.60517 0.012024
контроль 0.002611 2.407946 0.006287
конференция 0.005222 0.0 0.0
корея 0.002611 0.0 0.0
корпус 0.002611 0.0 0.0
космос 0.007833 0.0 0.0
который 0.002611 0.776529 0.002027
кроссовер 0.005222 0.0 0.0
кубический 0.002611 0.0 0.0
кук 0.002611 0.0 0.0
летать 0.005222 0.0 0.0
лист 0.002611 0.0 0.0
май 0.007833 0.0 0.0
марк 0.002611 0.0 0.0
материал 0.002611 0.0 0.0
машина 0.005222 0.0 0.0
межпланетный 0.005222 0.0 0.0
менять 0.002611 0.0 0.0
меняться 0.002611 4.60517 0.012024
месяц 0.002611 1.832581 0.004785
миллион 0.002611 0.0 0.0
мир 0.002611 0.0 0.0
мировой 0.002611 4.60517 0.012024
мобильный 0.002611 0.0 0.0
модель 0.007833 1.427116 0.011178
момент 0.005222 0.0 0.0
монитор 0.002611 0.0 0.0
мотобренд 0.002611 0.0 0.0
мотоцикл 0.002611 0.0 0.0
мочь 0.002611 0.0 0.0
нажать 0.002611 0.0 0.0
название 0.002611 0.0 0.0
назвать 0.005222 0.0 0.0
наращивать 0.002611 4.60517 0.012024
наслать 0.002611 0.0 0.0
национальный 0.002611 3.218876 0.008404
наш 0.005222 0.0 0.0
необходимость 0.005222 3.506558 0.018311
новость 0.002611 0.0 0.0
новый 0.007833 0.0 0.0
ноутбук 0.002611 0.0 0.0
нужный 0.002611 0.0 0.0
обзор 0.002611 0.0 0.0
обработка 0.002611 0.0 0.0
образец 0.002611 0.0 0.0
обсудить 0.007833 4.60517 0.036072
обсуждение 0.005222 4.60517 0.024048
обучить 0.005222 2.995732 0.015644
объект 0.002611 2.207275 0.005763
объявить 0.002611 0.0 0.0
одноклассник 0.005222 0.0 0.0
опасение 0.002611 3.912023 0.010214
оптимизация 0.002611 2.525729 0.006595
орбита 0.002611 0.0 0.0
отдать 0.002611 0.0 0.0
отечественный 0.002611 0.0 0.0
отказ 0.002611 0.0 0.0
отказаться 0.002611 0.0 0.0
отключить 0.002611 0.0 0.0
отреагировать 0.002611 4.60517 0.012024
очень 0.005222 0.0 0.0
ошибка 0.002611 0.0 0.0
палата 0.002611 4.60517 0.012024
параллельный 0.002611 3.506558 0.009156
первый 0.002611 2.120264 0.005536
передний 0.002611 0.0 0.0
период 0.005222 0.0 0.0
периферия 0.005222 0.0 0.0
персональный 0.005222 0.0 0.0
пиар 0.005222 0.0 0.0
планшет 0.002611 0.0 0.0
платформа 0.005222 0.0 0.0
повод 0.002611 3.912023 0.010214
подвести 0.002611 0.0 0.0
поддержка 0.002611 2.525729 0.006595
поднять 0.005222 0.0 0.0
подробный 0.002611 0.0 0.0
подтвердить 0.002611 2.407946 0.006287
поиск 0.005222 0.0 0.0
пока 0.005222 0.0 0.0
полезный 0.002611 0.0 0.0
политика 0.007833 0.0 0.0
полноприводный 0.002611 0.0 0.0
полный 0.002611 2.65926 0.006943
полёт 0.002611 0.0 0.0
попробовать 0.005222 0.0 0.0
попросить 0.002611 3.912023 0.010214
популярный 0.007833 0.0 0.0
посещать 0.005222 0.0 0.0
последний 0.002611 2.995732 0.007822
поставка 0.002611 2.525729 0.006595
правило 0.002611 4.60517 0.012024
правительство 0.002611 3.218876 0.008404
прайс 0.005222 0.0 0.0
представитель 0.007833 4.60517 0.036072
представить 0.005222 0.0 0.0
президент 0.002611 2.65926 0.006943
прекратить 0.005222 4.60517 0.024048
прибавка 0.005222 0.0 0.0
привод 0.002611 0.0 0.0
принтер 0.002611 0.0 0.0
пробизнес 0.005222 0.0 0.0
проведение 0.002611 0.0 0.0
программа 0.002611 0.0 0.0
продавать 0.005222 0.0 0.0
продажа 0.005222 0.0 0.0
продвижение 0.002611 4.60517 0.012024
продолжать 0.002611 0.0 0.0
проект 0.005222 0.0 0.0
проектор 0.002611 0.0 0.0
производство 0.005222 2.302585 0.012024
пролить 0.005222 0.0 0.0
просить 0.002611 2.65926 0.006943
процесс 0.002611 0.0 0.0
процессор 0.002611 2.207275 0.005763
прошлый 0.002611 2.995732 0.007822
работа 0.002611 0.0 0.0
разработка 0.005222 2.120264 0.011072
расти 0.002611 3.506558 0.009156
реальный 0.002611 0.0 0.0
результат 0.002611 0.0 0.0
реклама 0.005222 0.0 0.0
решать 0.002611 0.0 0.0
риск 0.005222 1.89712 0.009907
роль 0.005222 1.89712 0.009907
российский 0.005222 3.218876 0.016809
россия 0.002611 0.0 0.0
россиянин 0.002611 0.0 0.0
рост 0.002611 0.755023 0.001971
рубль 0.002611 0.0 0.0
руководитель 0.002611 2.65926 0.006943
рф 0.005222 2.120264 0.011072
рынок 0.010444 0.0 0.0
сайт 0.005222 0.0 0.0
самолёт 0.002611 0.0 0.0
самый 0.007833 0.0 0.0
сантиметр 0.002611 0.0 0.0
сбор 0.002611 0.0 0.0
свет 0.005222 0.0 0.0
свой 0.005222 2.995732 0.015644
связь 0.007833 0.0 0.0
сделать 0.005222 3.912023 0.020428
сегодня 0.005222 0.0 0.0
сервер 0.002611 0.0 0.0
сервис 0.002611 0.0 0.0
сертификация 0.002611 0.0 0.0
сеть 0.002611 0.0 0.0
система 0.002611 0.653926 0.001707
сказать 0.002611 2.525729 0.006595
скоро 0.005222 0.0 0.0
снова 0.005222 0.0 0.0
советский 0.005222 0.0 0.0
современный 0.002611 2.207275 0.005763
соглашаться 0.002611 0.0 0.0
создать 0.002611 2.65926 0.006943
сообщить 0.002611 2.525729 0.006595
соответствовать 0.002611 3.506558 0.009156
спасти 0.005222 0.0 0.0
спрос 0.007833 2.525729 0.019784
среда 0.005222 0.0 0.0
ссылка 0.002611 0.0 0.0
стартовать 0.002611 0.0 0.0
статистика 0.005222 0.0 0.0
стать 0.005222 0.0 0.0
статья 0.002611 0.0 0.0
стоимость 0.005222 0.0 0.0
стратегический 0.002611 4.60517 0.012024
тайконавт 0.002611 0.0 0.0
такой 0.002611 1.89712 0.004953
тег 0.002611 0.0 0.0
текст 0.005222 0.0 0.0
технический 0.005222 0.0 0.0
технология 0.002611 1.427116 0.003726
топ 0.005222 0.0 0.0
тыс 0.005222 0.0 0.0
убрать 0.002611 0.0 0.0
увеличить 0.002611 2.65926 0.006943
упасть 0.005222 0.0 0.0
усилие 0.002611 3.912023 0.010214
устройство 0.002611 0.0 0.0
файл 0.002611 0.0 0.0
флагманский 0.002611 0.0 0.0
фон 0.002611 1.660731 0.004336
фундаментальный 0.002611 0.0 0.0
хит 0.002611 0.0 0.0
хуан 0.005222 3.912023 0.020428
центральный 0.002611 4.60517 0.012024
чарт 0.005222 3.506558 0.018311
чат 0.005222 1.049822 0.005482
человек 0.002611 0.0 0.0
чип 0.010444 1.966113 0.020534
экспорт 0.005222 0.0 0.0
эмбрион 0.002611 0.0 0.0
южный 0.002611 0.0 0.0
