авиалайнер 0.002217 0.0 0.0
авиаперелёт 0.002217 4.60517 0.010211
австралия 0.002217 0.0 0.0
автоваз 0.004435 0.0 0.0
автомат 0.002217 0.0 0.0
автопроизводитель 0.002217 0.0 0.0
автор 0.006652 0.0 0.0
администрация 0.002217 0.0 0.0
адрес 0.004435 0.0 0.0
америка 0.002217 0.0 0.0
американский 0.002217 2.302585 0.005106
аналитик 0.002217 0.0 0.0
аппарат 0.002217 1.660731 0.003682
аспирант 0.004435 3.912023 0.017348
атмосфера 0.004435 3.506558 0.01555
аэрокосмический 0.002217 3.912023 0.008674
барьер 0.004435 3.912023 0.017348
белок 0.002217 0.0 0.0
биологический 0.004435 0.0 0.0
ближний 0.002217 0.0 0.0
блог 0.002217 0.0 0.0
будущий 0.002217 2.65926 0.005896
быстро 0.004435 0.0 0.0
быть 0.002217 0.0 0.0
ввс 0.004435 3.218876 0.014274
вес 0.002217 0.0 0.0
весь 0.002217 0.0 0.0
видеокарта 0.002217 0.0 0.0
внедорожник 0.002217 0.0 0.0
внешний 0.002217 4.60517 0.010211
воздух 0.004435 3.506558 0.01555
войти 0.004435 0.0 0.0
восток 0.002217 0.0 0.0
впервые 0.004435 2.120264 0.009402
время 0.004435 1.427116 0.006329
вход 0.004435 0.0 0.0
входить 0.002217 0.0 0.0
выделить 0.002217 0.0 0.0
выделять 0.002217 3.506558 0.007775
выдерживать 0.002217 3.218876 0.007137
выпускать 0.002217 3.506558 0.007775
выходить 0.002217 0.0 0.0
газ 0.006652 2.995732 0.019927
газовый 0.004435 4.60517 0.020422
гиперзвуковой 0.002217 2.995732 0.006642
главный 0.002217 0.0 0.0
год 0.002217 0.0 0.0
гонка 0.002217 2.407946 0.005339
грант 0.002217 4.60517 0.010211
данные 0.004435 0.0 0.0
двигатель 0.006652 0.0 0.0
дизайн 0.004435 0.0 0.0
директор 0.004435 0.0 0.0
длительный 0.002217 3.912023 0.008674
доктор 0.004435 3.506558 0.01555
доллар 0.002217 0.0 0.0
дом 0.004435 0.0 0.0
доставить 0.004435 0.0 0.0
достигать 0.002217 0.0 0.0
доцент 0.004435 4.60517 0.020422
жаростойкость 0.004435 4.60517 0.020422
завершить 0.002217 0.0 0.0
зависеть 0.002217 3.218876 0.007137
зависимость 0.004435 2.995732 0.013285
задача 0.004435 2.995732 0.013285
заложить 0.002217 4.60517 0.010211
запуск 0.004435 1.272966 0.005645
защита 0.002217 0.0 0.0
земля 0.004435 0.0 0.0
значительно 0.004435 3.218876 0.014274
зонд 0.006652 0.0 0.0
иветта 0.002217 4.60517 0.010211
игра 0.002217 0.0 0.0
изображение 0.004435 1.514128 0.006715
изолировать 0.002217 4.60517 0.010211
имитировать 0.002217 4.60517 0.010211
инженер 0.002217 2.207275 0.004894
инновационный 0.004435 0.0 0.0
инновация 0.004435 3.912023 0.017348
интернет 0.004435 2.65926 0.011793
информация 0.002217 0.0 0.0
использование 0.002217 0.0 0.0
использовать 0.004435 1.771957 0.007858
испытание 0.004435 2.525729 0.011201
исследование 0.002217 0.0 0.0
источник 0.004435 0.0 0.0
календарь 0.004435 0.0 0.0
карбид 0.006652 4.60517 0.030633
кардинально 0.004435 4.60517 0.020422
категория 0.002217 0.0 0.0
кафедра 0.002217 3.912023 0.008674
кг 0.004435 0.0 0.0
керамический 0.002217 4.60517 0.010211
километр 0.002217 0.0 0.0
классический 0.002217 0.0 0.0
клон 0.004435 0.0 0.0
ключевой 0.002217 2.525729 0.0056
комментирование 0.002217 0.0 0.0
компания 0.002217 0.798508 0.001771
комфортный 0.004435 0.0 0.0
конференция 0.004435 0.0 0.0
корабль 0.006652 2.302585 0.015317
корея 0.002217 0.0 0.0
корпус 0.002217 0.0 0.0
космический 0.008869 1.309333 0.011613
космопуховик 0.004435 3.506558 0.01555
космос 0.006652 0.0 0.0
который 0.004435 0.579818 0.002571
кремний 0.002217 4.60517 0.010211
кроссовер 0.004435 0.0 0.0
кубический 0.002217 0.0 0.0
кук 0.002217 0.0 0.0
лейв 0.002217 4.60517 0.010211
летать 0.004435 0.0 0.0
лист 0.002217 0.0 0.0
май 0.006652 0.0 0.0
марк 0.002217 0.0 0.0
масштабировать 0.004435 3.506558 0.01555
материал 0.008869 0.0 0.0
машина 0.002217 0.0 0.0
межпланетный 0.004435 0.0 0.0
менять 0.002217 0.0 0.0
месяц 0.002217 1.832581 0.004063
метод 0.004435 1.714798 0.007604
миллион 0.004435 0.0 0.0
мир 0.004435 0.0 0.0
млн 0.004435 1.108663 0.004916
многоразовый 0.002217 3.218876 0.007137
мобильный 0.002217 0.0 0.0
момент 0.004435 0.0 0.0
монитор 0.002217 0.0 0.0
мотобренд 0.002217 0.0 0.0
мотоцикл 0.002217 0.0 0.0
мочь 0.002217 0.0 0.0
мэттьюс 0.004435 4.60517 0.020422
нагрев 0.006652 3.506558 0.023325
нагрузка 0.004435 2.65926 0.011793
нажать 0.002217 0.0 0.0
название 0.002217 0.0 0.0
назвать 0.002217 0.0 0.0
наслать 0.002217 0.0 0.0
наука 0.004435 1.966113 0.008719
национальный 0.002217 3.218876 0.007137
наш 0.004435 0.0 0.0
необходимость 0.004435 3.506558 0.01555
новость 0.002217 0.0 0.0
новый 0.008869 0.0 0.0
ноутбук 0.002217 0.0 0.0
нужный 0.002217 0.0 0.0
обеспечивать 0.002217 2.302585 0.005106
обеспечить 0.002217 2.65926 0.005896
обещать 0.002217 3.506558 0.007775
обзор 0.002217 0.0 0.0
обработка 0.002217 0.0 0.0
образец 0.002217 0.0 0.0
обшивка 0.006652 3.506558 0.023325
объявить 0.002217 0.0 0.0
объяснять 0.002217 2.995732 0.006642
одноклассник 0.004435 0.0 0.0
ожидать 0.002217 3.912023 0.008674
определить 0.002217 3.506558 0.007775
оптимизировать 0.004435 3.218876 0.014274
орбита 0.002217 0.0 0.0
основа 0.004435 1.427116 0.006329
отдать 0.002217 0.0 0.0
отечественный 0.002217 0.0 0.0
отказ 0.002217 0.0 0.0
отказаться 0.002217 0.0 0.0
отключить 0.002217 0.0 0.0
отметить 0.002217 1.427116 0.003164
охлаждать 0.002217 4.60517 0.010211
охлаждение 0.006652 3.506558 0.023325
оценить 0.004435 3.912023 0.017348
очень 0.004435 0.0 0.0
ошибка 0.002217 0.0 0.0
передний 0.002217 0.0 0.0
период 0.004435 0.0 0.0
периферия 0.004435 0.0 0.0
персональный 0.004435 0.0 0.0
печатный 0.004435 4.60517 0.020422
пиар 0.004435 0.0 0.0
планировать 0.002217 2.813411 0.006238
планшет 0.002217 0.0 0.0
платформа 0.006652 0.0 0.0
плитка 0.002217 4.60517 0.010211
поведение 0.004435 3.218876 0.014274
поверхность 0.004435 3.912023 0.017348
повторный 0.002217 3.912023 0.008674
подвести 0.002217 0.0 0.0
подготовка 0.004435 2.995732 0.013285
поддержать 0.002217 3.912023 0.008674
поднять 0.002217 0.0 0.0
подробный 0.002217 0.0 0.0
подход 0.004435 1.89712 0.008413
подчеркнуть 0.002217 2.995732 0.006642
позволить 0.002217 2.65926 0.005896
позволять 0.002217 1.832581 0.004063
поиск 0.004435 0.0 0.0
пока 0.004435 0.0 0.0
полезный 0.002217 0.0 0.0
политика 0.006652 0.0 0.0
полноприводный 0.002217 0.0 0.0
полёт 0.008869 0.0 0.0
попробовать 0.004435 0.0 0.0
популярный 0.004435 0.0 0.0
пористость 0.004435 4.60517 0.020422
пористый 0.004435 4.60517 0.020422
посещать 0.004435 0.0 0.0
потеть 0.002217 3.506558 0.007775
прайс 0.004435 0.0 0.0
представить 0.002217 0.0 0.0
прибавка 0.004435 0.0 0.0
привлечь 0.002217 3.218876 0.007137
привод 0.002217 0.0 0.0
принтер 0.002217 0.0 0.0
приступить 0.002217 4.60517 0.010211
пробизнес 0.004435 0.0 0.0
проведение 0.002217 0.0 0.0
программа 0.002217 0.0 0.0
продавать 0.004435 0.0 0.0
продажа 0.002217 0.0 0.0
продолжать 0.002217 0.0 0.0
проект 0.008869 0.0 0.0
проектор 0.002217 0.0 0.0
пролить 0.004435 0.0 0.0
прототип 0.002217 2.65926 0.005896
процесс 0.002217 0.0 0.0
прочность 0.004435 3.912023 0.017348
прочный 0.004435 4.60517 0.020422
пуховик 0.004435 3.506558 0.01555
работа 0.002217 0.0 0.0
развитие 0.002217 2.407946 0.005339
разработать 0.004435 2.407946 0.010678
разработка 0.002217 2.813411 0.006238
разрушаться 0.002217 3.912023 0.008674
раунд 0.002217 3.506558 0.007775
реальный 0.004435 0.0 0.0
результат 0.002217 0.0 0.0
реклама 0.004435 0.0 0.0
ремонт 0.002217 4.60517 0.010211
решать 0.002217 0.0 0.0
россия 0.002217 0.0 0.0
россиянин 0.002217 0.0 0.0
рубль 0.002217 0.0 0.0
руководитель 0.004435 2.813411 0.012476
рывок 0.004435 3.218876 0.014274
рынок 0.004435 0.0 0.0
саад 0.004435 4.60517 0.020422
сайт 0.004435 0.0 0.0
самолёт 0.002217 0.0 0.0
самый 0.004435 0.0 0.0
сантиметр 0.002217 0.0 0.0
сбор 0.002217 0.0 0.0
свет 0.004435 0.0 0.0
связь 0.006652 0.0 0.0
сгенерировать 0.002217 2.65926 0.005896
сделать 0.006652 3.506558 0.023325
сегодня 0.004435 0.0 0.0
сервер 0.002217 0.0 0.0
сервис 0.002217 0.0 0.0
сертификация 0.002217 0.0 0.0
сеть 0.004435 0.0 0.0
система 0.004435 1.514128 0.006715
скоро 0.004435 0.0 0.0
слой 0.004435 3.912023 0.017348
смочь 0.002217 2.995732 0.006642
снижать 0.002217 2.302585 0.005106
снова 0.004435 0.0 0.0
советский 0.004435 0.0 0.0
совместно 0.004435 3.218876 0.014274
современный 0.002217 2.207275 0.004894
соглашаться 0.002217 0.0 0.0
создавать 0.002217 2.813411 0.006238
создание 0.004435 2.525729 0.011201
сократить 0.004435 2.65926 0.011793
сочетать 0.002217 4.60517 0.010211
спасти 0.004435 0.0 0.0
среда 0.004435 0.0 0.0
ссылка 0.002217 0.0 0.0
стандарт 0.002217 1.832581 0.004063
стартовать 0.002217 0.0 0.0
статистика 0.004435 0.0 0.0
стать 0.006652 0.0 0.0
статья 0.002217 0.0 0.0
стенд 0.002217 4.60517 0.010211
стоимость 0.004435 0.0 0.0
структура 0.002217 1.660731 0.003682
тайконавт 0.002217 0.0 0.0
такой 0.004435 1.427116 0.006329
тег 0.002217 0.0 0.0
текст 0.004435 0.0 0.0
тепловой 0.002217 4.60517 0.010211
теплоизоляция 0.002217 4.60517 0.010211
теплопроводность 0.002217 4.60517 0.010211
тестировать 0.002217 2.407946 0.005339
техасский 0.004435 4.60517 0.020422
технический 0.004435 0.0 0.0
технология 0.006652 2.040221 0.013571
ткань 0.004435 4.60517 0.020422
тонкий 0.004435 3.912023 0.017348
топ 0.004435 0.0 0.0
традиционный 0.002217 2.995732 0.006642
требовать 0.002217 3.506558 0.007775
труба 0.002217 4.60517 0.010211
тыс 0.004435 0.0 0.0
тяжёлый 0.002217 4.60517 0.010211
уберечь 0.002217 4.60517 0.010211
убрать 0.002217 0.0 0.0
уильям 0.004435 4.60517 0.020422
улучшить 0.002217 3.218876 0.007137
университет 0.006652 2.040221 0.013571
упасть 0.004435 0.0 0.0
упрощать 0.002217 3.912023 0.008674
условие 0.002217 1.560648 0.00346
успешный 0.002217 2.813411 0.006238
устранить 0.004435 3.912023 0.017348
устранять 0.002217 3.912023 0.008674
устройство 0.002217 0.0 0.0
учёный 0.002217 1.89712 0.004206
файл 0.002217 0.0 0.0
флагманский 0.002217 0.0 0.0
фундаментальный 0.002217 0.0 0.0
хассан 0.004435 4.60517 0.020422
хит 0.002217 0.0 0.0
холодный 0.002217 4.60517 0.010211
час 0.002217 0.0 0.0
частый 0.002217 3.506558 0.007775
человек 0.002217 0.0 0.0
щит 0.004435 0.0 0.0
экономичный 0.002217 4.60517 0.010211
экспорт 0.004435 0.0 0.0
экстремальный 0.002217 4.60517 0.010211
эмбрион 0.002217 0.0 0.0
этот 0.002217 1.07881 0.002392
южный 0.002217 0.0 0.0
