абсолютно 0.004535 2.407946 0.01092
авиалайнер 0.002268 0.0 0.0
австралия 0.002268 0.0 0.0
автоваз 0.004535 0.0 0.0
автомат 0.002268 0.0 0.0
автопроизводитель 0.002268 0.0 0.0
автор 0.006803 0.0 0.0
авторитетный 0.002268 4.60517 0.010443
администрация 0.002268 0.0 0.0
адрес 0.004535 0.0 0.0
америка 0.002268 0.0 0.0
аналитик 0.002268 0.0 0.0
безопасный 0.002268 3.218876 0.007299
белок 0.002268 0.0 0.0
биологический 0.004535 0.0 0.0
ближний 0.002268 0.0 0.0
блог 0.002268 0.0 0.0
брукхейвен 0.002268 4.60517 0.010443
будущее 0.004535 1.89712 0.008604
быстро 0.004535 0.0 0.0
быть 0.002268 0.0 0.0
важный 0.002268 3.912023 0.008871
вес 0.002268 0.0 0.0
весь 0.002268 0.0 0.0
взлом 0.002268 3.218876 0.007299
видеокарта 0.002268 0.0 0.0
внедорожник 0.002268 0.0 0.0
войти 0.004535 0.0 0.0
восстанавливать 0.004535 3.218876 0.014598
восток 0.002268 0.0 0.0
входить 0.002268 0.0 0.0
выделить 0.002268 0.0 0.0
выходить 0.002268 0.0 0.0
вычисление 0.002268 3.218876 0.007299
вычислительный 0.002268 4.60517 0.010443
главный 0.002268 0.0 0.0
год 0.004535 0.0 0.0
группа 0.004535 3.506558 0.015903
данные 0.006803 0.0 0.0
двигатель 0.006803 0.0 0.0
делать 0.002268 2.65926 0.00603
дизайн 0.004535 0.0 0.0
директор 0.004535 0.0 0.0
доллар 0.002268 0.0 0.0
дом 0.004535 0.0 0.0
доставить 0.002268 0.0 0.0
достигать 0.002268 0.0 0.0
другой 0.004535 1.514128 0.006867
журнал 0.002268 3.506558 0.007951
завершить 0.002268 0.0 0.0
задача 0.004535 1.609438 0.007299
закладывать 0.002268 4.60517 0.010443
занятый 0.002268 4.60517 0.010443
запутанность 0.004535 4.60517 0.020885
защита 0.002268 0.0 0.0
земля 0.004535 0.0 0.0
зонд 0.006803 0.0 0.0
игра 0.002268 0.0 0.0
идти 0.002268 4.60517 0.010443
импульс 0.002268 2.65926 0.00603
инженер 0.002268 2.207275 0.005005
инициатива 0.002268 3.506558 0.007951
инновационный 0.004535 0.0 0.0
институт 0.002268 2.65926 0.00603
интернет 0.004535 2.65926 0.01206
информация 0.002268 0.0 0.0
исполнять 0.004535 3.506558 0.015903
использование 0.002268 0.0 0.0
использовать 0.002268 2.040221 0.004626
исследование 0.006803 0.0 0.0
исследователь 0.002268 2.525729 0.005727
источник 0.004535 0.0 0.0
июнь 0.002268 2.995732 0.006793
каждый 0.002268 2.302585 0.005221
казаться 0.002268 2.302585 0.005221
календарь 0.004535 0.0 0.0
канал 0.002268 3.218876 0.007299
категория 0.002268 0.0 0.0
квантовый 0.011338 2.813411 0.031898
кг 0.004535 0.0 0.0
километр 0.002268 0.0 0.0
классика 0.002268 3.506558 0.007951
классический 0.004535 0.0 0.0
кластер 0.002268 3.912023 0.008871
клон 0.004535 0.0 0.0
ключ 0.004535 0.0 0.0
команда 0.004535 2.120264 0.009616
комментирование 0.002268 0.0 0.0
коммуникация 0.002268 3.912023 0.008871
компания 0.002268 0.798508 0.001811
компьютер 0.002268 2.207275 0.005005
комфортный 0.004535 0.0 0.0
конференция 0.004535 0.0 0.0
корея 0.002268 0.0 0.0
корпус 0.002268 0.0 0.0
космос 0.006803 0.0 0.0
который 0.004535 0.579818 0.00263
кроссовер 0.004535 0.0 0.0
кубический 0.002268 0.0 0.0
кук 0.002268 0.0 0.0
лаборатория 0.002268 3.218876 0.007299
лежать 0.002268 3.218876 0.007299
летать 0.004535 0.0 0.0
лист 0.002268 0.0 0.0
май 0.006803 0.0 0.0
марк 0.002268 0.0 0.0
материал 0.002268 0.0 0.0
машина 0.002268 0.0 0.0
мгновенно 0.004535 3.218876 0.014598
межпланетный 0.004535 0.0 0.0
менять 0.002268 0.0 0.0
миллион 0.002268 0.0 0.0
министерство 0.002268 3.912023 0.008871
мир 0.002268 0.0 0.0
множественный 0.002268 4.60517 0.010443
мобильный 0.002268 0.0 0.0
момент 0.004535 0.0 0.0
монитор 0.002268 0.0 0.0
мотобренд 0.002268 0.0 0.0
мотоцикл 0.002268 0.0 0.0
мочь 0.002268 0.0 0.0
мощный 0.002268 2.407946 0.00546
мультиплексирование 0.002268 4.60517 0.010443
мэн 0.006803 4.60517 0.031328
нажать 0.002268 0.0 0.0
название 0.002268 0.0 0.0
назвать 0.002268 0.0 0.0
называть 0.002268 4.60517 0.010443
найти 0.002268 3.218876 0.007299
наслать 0.002268 0.0 0.0
научить 0.002268 2.995732 0.006793
национальный 0.002268 3.218876 0.007299
наш 0.006803 0.0 0.0
независимо 0.004535 3.506558 0.015903
неизбежный 0.002268 4.60517 0.010443
непрерывно 0.004535 4.60517 0.020885
несколько 0.004535 2.525729 0.011455
нить 0.004535 1.514128 0.006867
новость 0.002268 0.0 0.0
новый 0.00907 0.0 0.0
ноутбук 0.002268 0.0 0.0
нужный 0.002268 0.0 0.0
обеспечивать 0.002268 2.302585 0.005221
обзор 0.002268 0.0 0.0
область 0.002268 2.120264 0.004808
обмениваться 0.004535 3.912023 0.017742
обработка 0.002268 0.0 0.0
образец 0.002268 0.0 0.0
объединить 0.004535 3.912023 0.017742
объявить 0.002268 0.0 0.0
объяснять 0.002268 2.995732 0.006793
объём 0.002268 3.218876 0.007299
огромный 0.002268 3.912023 0.008871
один 0.002268 0.867501 0.001967
одноклассник 0.004535 0.0 0.0
опубликовать 0.002268 4.60517 0.010443
опыт 0.004535 2.207275 0.01001
орбита 0.002268 0.0 0.0
основа 0.004535 1.469676 0.006665
особенно 0.004535 1.609438 0.007299
отдать 0.002268 0.0 0.0
отечественный 0.002268 0.0 0.0
отказ 0.002268 0.0 0.0
отказаться 0.002268 0.0 0.0
отключить 0.002268 0.0 0.0
открывать 0.002268 3.218876 0.007299
отображение 0.002268 4.60517 0.010443
очень 0.004535 0.0 0.0
ошибка 0.002268 0.0 0.0
параллельно 0.004535 1.89712 0.008604
параллельный 0.002268 3.912023 0.008871
передавать 0.004535 3.912023 0.017742
передача 0.002268 3.506558 0.007951
передний 0.002268 0.0 0.0
период 0.004535 0.0 0.0
периферия 0.004535 0.0 0.0
персональный 0.004535 0.0 0.0
пиар 0.004535 0.0 0.0
планшет 0.002268 0.0 0.0
платформа 0.004535 0.0 0.0
повредить 0.002268 4.60517 0.010443
подвести 0.002268 0.0 0.0
поднять 0.002268 0.0 0.0
подробный 0.002268 0.0 0.0
подход 0.004535 1.89712 0.008604
позволять 0.004535 1.832581 0.008311
поиск 0.004535 0.0 0.0
пока 0.004535 0.0 0.0
полезный 0.002268 0.0 0.0
политика 0.006803 0.0 0.0
полноприводный 0.002268 0.0 0.0
получать 0.002268 3.218876 0.007299
полёт 0.002268 0.0 0.0
помеха 0.002268 4.60517 0.010443
помощь 0.002268 2.120264 0.004808
попробовать 0.004535 0.0 0.0
популярный 0.004535 0.0 0.0
попытка 0.002268 3.218876 0.007299
пора 0.002268 0.0 0.0
посещать 0.004535 0.0 0.0
потеря 0.002268 3.506558 0.007951
потребоваться 0.002268 4.60517 0.010443
прайс 0.004535 0.0 0.0
практический 0.004535 4.60517 0.020885
предлагать 0.002268 2.120264 0.004808
предложить 0.002268 3.506558 0.007951
представить 0.002268 0.0 0.0
прибавка 0.004535 0.0 0.0
приближать 0.002268 3.506558 0.007951
привод 0.002268 0.0 0.0
принтер 0.002268 0.0 0.0
принцип 0.004535 2.995732 0.013586
пробизнес 0.004535 0.0 0.0
проблема 0.002268 2.995732 0.006793
проведение 0.002268 0.0 0.0
программа 0.002268 0.0 0.0
прогресс 0.004535 3.506558 0.015903
продавать 0.004535 0.0 0.0
продажа 0.002268 0.0 0.0
продлить 0.002268 3.506558 0.007951
продолжать 0.002268 0.0 0.0
проект 0.004535 0.0 0.0
проектор 0.002268 0.0 0.0
пролить 0.004535 0.0 0.0
проложить 0.002268 3.506558 0.007951
прорыв 0.004535 1.714798 0.007777
процесс 0.002268 0.0 0.0
процессор 0.002268 2.207275 0.005005
путь 0.006803 2.120264 0.014424
работа 0.006803 0.0 0.0
работать 0.004535 1.89712 0.008604
разработка 0.002268 2.207275 0.005005
рамка 0.002268 2.302585 0.005221
расстояние 0.004535 2.525729 0.011455
расти 0.004535 3.912023 0.017742
рваться 0.002268 4.60517 0.010443
реальность 0.002268 3.912023 0.008871
реальный 0.004535 0.0 0.0
резервный 0.002268 4.60517 0.010443
результат 0.002268 0.0 0.0
реклама 0.004535 0.0 0.0
решать 0.002268 0.0 0.0
решение 0.006803 1.609438 0.010949
риск 0.002268 1.89712 0.004302
россия 0.002268 0.0 0.0
россиянин 0.002268 0.0 0.0
рубль 0.002268 0.0 0.0
руководство 0.002268 2.813411 0.00638
рынок 0.004535 0.0 0.0
сайт 0.004535 0.0 0.0
самовосстанавливаться 0.004535 3.506558 0.015903
самолёт 0.002268 0.0 0.0
самый 0.004535 0.0 0.0
сантиметр 0.002268 0.0 0.0
сбой 0.002268 4.60517 0.010443
сбор 0.002268 0.0 0.0
свет 0.004535 0.0 0.0
связь 0.006803 0.0 0.0
сеанс 0.002268 4.60517 0.010443
сегодня 0.004535 0.0 0.0
сей 0.002268 1.272966 0.002887
секунда 0.002268 2.120264 0.004808
сервер 0.004535 0.0 0.0
сервис 0.002268 0.0 0.0
сертификация 0.002268 0.0 0.0
сеть 0.011338 0.0 0.0
система 0.004535 0.653926 0.002966
скоро 0.004535 0.0 0.0
смочь 0.002268 2.65926 0.00603
снова 0.004535 0.0 0.0
совершить 0.002268 3.912023 0.008871
советский 0.004535 0.0 0.0
соглашаться 0.002268 0.0 0.0
соединять 0.002268 4.60517 0.010443
создание 0.004535 1.832581 0.008311
состояние 0.002268 3.218876 0.007299
сотрудничать 0.002268 4.60517 0.010443
сохранить 0.004535 3.218876 0.014598
спасти 0.004535 0.0 0.0
способ 0.004535 1.427116 0.006472
способный 0.002268 3.506558 0.007951
сразу 0.004535 2.813411 0.012759
среда 0.004535 0.0 0.0
ссылка 0.002268 0.0 0.0
стабильность 0.002268 2.525729 0.005727
становиться 0.002268 4.60517 0.010443
стартовать 0.002268 0.0 0.0
статистика 0.004535 0.0 0.0
стать 0.00907 0.0 0.0
статья 0.002268 0.0 0.0
стоимость 0.004535 0.0 0.0
стратегия 0.00907 2.813411 0.025518
строить 0.004535 3.912023 0.017742
студент 0.002268 4.60517 0.010443
суперкомпьютер 0.004535 3.218876 0.014598
тайконавт 0.002268 0.0 0.0
такой 0.004535 1.427116 0.006472
тег 0.002268 0.0 0.0
текст 0.004535 0.0 0.0
терять 0.002268 3.912023 0.008871
технический 0.004535 0.0 0.0
технология 0.002268 1.427116 0.003236
топ 0.004535 0.0 0.0
тыс 0.004535 0.0 0.0
убрать 0.002268 0.0 0.0
упасть 0.004535 0.0 0.0
условие 0.002268 1.771957 0.004018
успех 0.002268 2.207275 0.005005
устойчивость 0.004535 3.912023 0.017742
устойчивый 0.004535 3.912023 0.017742
устройство 0.002268 0.0 0.0
учёный 0.002268 1.966113 0.004458
файл 0.002268 0.0 0.0
фантастика 0.002268 4.60517 0.010443
феномен 0.004535 4.60517 0.020885
флагманский 0.002268 0.0 0.0
фон 0.002268 1.660731 0.003766
фундамент 0.004535 0.0 0.0
фундаментальный 0.002268 0.0 0.0
хит 0.002268 0.0 0.0
цикада 0.002268 3.506558 0.007951
частица 0.004535 2.525729 0.011455
чей 0.002268 2.813411 0.00638
человек 0.002268 0.0 0.0
чинить 0.004535 3.218876 0.014598
чип 0.002268 1.966113 0.004458
шифрование 0.002268 3.912023 0.008871
экспорт 0.004535 0.0 0.0
электрический 0.002268 2.813411 0.00638
эмбрион 0.002268 0.0 0.0
энергетика 0.002268 2.995732 0.006793
эра 0.002268 2.525729 0.005727
эффективный 0.002268 3.506558 0.007951
южный 0.002268 0.0 0.0
японский 0.002268 3.506558 0.007951
