авиалайнер 0.002967 0.0 0.0
австралия 0.002967 0.0 0.0
автоваз 0.005935 0.0 0.0
автомат 0.002967 0.0 0.0
автомобиль 0.002967 1.714798 0.005088
автопроизводитель 0.002967 0.0 0.0
автор 0.008902 0.0 0.0
автосалон 0.002967 4.60517 0.013665
администрация 0.002967 0.0 0.0
адрес 0.005935 0.0 0.0
акустика 0.005935 4.60517 0.02733
акцент 0.002967 2.995732 0.008889
америка 0.002967 0.0 0.0
аналитик 0.002967 0.0 0.0
базовый 0.002967 3.218876 0.009552
батарея 0.005935 3.506558 0.02081
безопасность 0.002967 1.714798 0.005088
белок 0.002967 0.0 0.0
биологический 0.005935 0.0 0.0
ближний 0.002967 0.0 0.0
блог 0.002967 0.0 0.0
бренд 0.002967 0.0 0.0
быстро 0.005935 0.0 0.0
быть 0.002967 0.0 0.0
версия 0.005935 2.65926 0.015782
вес 0.002967 0.0 0.0
весь 0.002967 0.0 0.0
видеокарта 0.002967 0.0 0.0
внедорожник 0.008902 0.0 0.0
войти 0.005935 0.0 0.0
восток 0.002967 0.0 0.0
второй 0.002967 2.995732 0.008889
входить 0.002967 0.0 0.0
выделить 0.002967 0.0 0.0
выполнить 0.002967 2.407946 0.007145
выходить 0.002967 0.0 0.0
габарит 0.002967 3.912023 0.011608
главный 0.002967 0.0 0.0
год 0.002967 0.0 0.0
готовиться 0.002967 3.218876 0.009552
гравитация 0.002967 3.912023 0.011608
градус 0.002967 3.218876 0.009552
данные 0.005935 0.0 0.0
двигатель 0.008902 0.0 0.0
дизайн 0.005935 0.0 0.0
динамик 0.005935 2.995732 0.017779
директор 0.005935 0.0 0.0
доллар 0.002967 0.0 0.0
дом 0.005935 0.0 0.0
доставить 0.002967 0.0 0.0
доставка 0.002967 3.506558 0.010405
достигать 0.002967 0.0 0.0
доступный 0.002967 3.912023 0.011608
дюймовый 0.002967 3.912023 0.011608
завершить 0.002967 0.0 0.0
задний 0.005935 3.218876 0.019103
запас 0.002967 2.120264 0.006292
зарядка 0.002967 3.218876 0.009552
зарядный 0.002967 3.218876 0.009552
заряжаться 0.002967 4.60517 0.013665
защита 0.002967 0.0 0.0
земля 0.005935 0.0 0.0
зонд 0.008902 0.0 0.0
игра 0.002967 0.0 0.0
инновационный 0.005935 0.0 0.0
интерфейс 0.002967 2.525729 0.007495
интерьер 0.002967 3.912023 0.011608
информация 0.002967 0.0 0.0
использование 0.002967 0.0 0.0
исследование 0.002967 0.0 0.0
источник 0.005935 0.0 0.0
календарь 0.005935 0.0 0.0
категория 0.002967 0.0 0.0
кг 0.005935 0.0 0.0
километр 0.002967 0.0 0.0
классический 0.002967 0.0 0.0
клон 0.005935 0.0 0.0
км 0.005935 1.309333 0.007771
кнопка 0.002967 3.912023 0.011608
колесо 0.002967 3.506558 0.010405
комментирование 0.002967 0.0 0.0
комплектация 0.005935 2.995732 0.017779
комфорт 0.005935 0.0 0.0
комфортный 0.005935 0.0 0.0
конференция 0.005935 0.0 0.0
конфигурация 0.002967 3.506558 0.010405
корея 0.002967 0.0 0.0
корпус 0.002967 0.0 0.0
космос 0.008902 0.0 0.0
кресло 0.002967 4.60517 0.013665
кроссовер 0.005935 0.0 0.0
кубический 0.002967 0.0 0.0
кук 0.002967 0.0 0.0
летать 0.005935 0.0 0.0
лист 0.002967 0.0 0.0
литр 0.002967 2.207275 0.00655
май 0.008902 0.0 0.0
марк 0.002967 0.0 0.0
материал 0.002967 0.0 0.0
машина 0.002967 0.0 0.0
межпланетный 0.005935 0.0 0.0
менять 0.002967 0.0 0.0
местный 0.002967 3.912023 0.011608
миллион 0.002967 0.0 0.0
минута 0.002967 2.995732 0.008889
мир 0.002967 0.0 0.0
мобильный 0.002967 0.0 0.0
модель 0.005935 1.469676 0.008722
момент 0.005935 0.0 0.0
монитор 0.002967 0.0 0.0
мотобренд 0.002967 0.0 0.0
мотоцикл 0.002967 0.0 0.0
мочь 0.002967 0.0 0.0
мощность 0.002967 1.560648 0.004631
нажать 0.002967 0.0 0.0
название 0.002967 0.0 0.0
назвать 0.002967 0.0 0.0
наслать 0.002967 0.0 0.0
наш 0.005935 0.0 0.0
несколько 0.005935 2.525729 0.014989
новинка 0.005935 3.506558 0.02081
новость 0.002967 0.0 0.0
новый 0.008902 0.0 0.0
ноутбук 0.002967 0.0 0.0
нужный 0.002967 0.0 0.0
обзор 0.002967 0.0 0.0
обойтись 0.002967 4.60517 0.013665
обработка 0.002967 0.0 0.0
образец 0.002967 0.0 0.0
объявить 0.005935 0.0 0.0
один 0.002967 1.560648 0.004631
одноклассник 0.005935 0.0 0.0
опциональный 0.002967 4.60517 0.013665
орбита 0.002967 0.0 0.0
оснастить 0.002967 3.912023 0.011608
отдать 0.002967 0.0 0.0
отечественный 0.002967 0.0 0.0
отказ 0.002967 0.0 0.0
отказаться 0.002967 0.0 0.0
отключить 0.002967 0.0 0.0
оценить 0.002967 3.506558 0.010405
очень 0.005935 0.0 0.0
ошибка 0.002967 0.0 0.0
первый 0.011869 1.237874 0.014693
передний 0.002967 0.0 0.0
период 0.005935 0.0 0.0
периферия 0.005935 0.0 0.0
персональный 0.005935 0.0 0.0
пиар 0.005935 0.0 0.0
планшет 0.002967 0.0 0.0
платформа 0.005935 0.0 0.0
поворачиваться 0.002967 4.60517 0.013665
подвести 0.002967 0.0 0.0
поддержка 0.005935 2.813411 0.016697
поднять 0.002967 0.0 0.0
подробный 0.005935 0.0 0.0
подушка 0.002967 4.60517 0.013665
поиск 0.005935 0.0 0.0
пока 0.005935 0.0 0.0
полезный 0.002967 0.0 0.0
политика 0.008902 0.0 0.0
полноприводный 0.002967 0.0 0.0
полностью 0.005935 2.207275 0.0131
полный 0.002967 2.207275 0.00655
полёт 0.002967 0.0 0.0
попробовать 0.005935 0.0 0.0
популярный 0.005935 0.0 0.0
порт 0.002967 0.0 0.0
посещать 0.005935 0.0 0.0
прайс 0.005935 0.0 0.0
предлагать 0.002967 2.120264 0.006292
представить 0.008902 0.0 0.0
предусмотреть 0.002967 4.60517 0.013665
прибавка 0.005935 0.0 0.0
привод 0.005935 0.0 0.0
принтер 0.002967 0.0 0.0
пробизнес 0.005935 0.0 0.0
проведение 0.002967 0.0 0.0
программа 0.002967 0.0 0.0
продавать 0.005935 0.0 0.0
продажа 0.002967 0.0 0.0
продолжать 0.002967 0.0 0.0
проект 0.005935 0.0 0.0
проектор 0.002967 0.0 0.0
пролить 0.005935 0.0 0.0
просторный 0.005935 4.60517 0.02733
пространство 0.002967 2.995732 0.008889
процесс 0.002967 0.0 0.0
работа 0.002967 0.0 0.0
различный 0.002967 4.60517 0.013665
реальный 0.002967 0.0 0.0
результат 0.002967 0.0 0.0
реклама 0.005935 0.0 0.0
решать 0.002967 0.0 0.0
россия 0.002967 0.0 0.0
россиянин 0.002967 0.0 0.0
рубль 0.002967 0.0 0.0
рынок 0.005935 0.0 0.0
ряд 0.005935 1.660731 0.009856
сайт 0.005935 0.0 0.0
салон 0.008902 3.218876 0.028655
самолёт 0.002967 0.0 0.0
самый 0.005935 0.0 0.0
сантиметр 0.002967 0.0 0.0
сбор 0.002967 0.0 0.0
свет 0.005935 0.0 0.0
свой 0.005935 3.912023 0.023217
связь 0.008902 0.0 0.0
сегодня 0.005935 0.0 0.0
сервер 0.002967 0.0 0.0
сервис 0.002967 0.0 0.0
сертификация 0.002967 0.0 0.0
сеть 0.005935 0.0 0.0
сидение 0.002967 3.912023 0.011608
складываться 0.002967 4.60517 0.013665
скоро 0.005935 0.0 0.0
снова 0.005935 0.0 0.0
советский 0.005935 0.0 0.0
совместимый 0.002967 4.60517 0.013665
соглашаться 0.002967 0.0 0.0
составлять 0.002967 3.912023 0.011608
сохранить 0.002967 2.813411 0.008348
спасти 0.005935 0.0 0.0
среда 0.005935 0.0 0.0
ссылка 0.002967 0.0 0.0
стартовать 0.002967 0.0 0.0
статистика 0.005935 0.0 0.0
стать 0.005935 0.0 0.0
статья 0.002967 0.0 0.0
стиль 0.002967 3.506558 0.010405
стоимость 0.005935 0.0 0.0
тайконавт 0.002967 0.0 0.0
тег 0.002967 0.0 0.0
текст 0.005935 0.0 0.0
технический 0.005935 0.0 0.0
топ 0.005935 0.0 0.0
топовый 0.002967 3.218876 0.009552
трёхрядный 0.005935 4.60517 0.02733
тыс 0.005935 0.0 0.0
убрать 0.002967 0.0 0.0
удобство 0.002967 4.60517 0.013665
упасть 0.005935 0.0 0.0
управление 0.002967 1.660731 0.004928
установить 0.002967 3.506558 0.010405
установка 0.002967 2.525729 0.007495
устройство 0.002967 0.0 0.0
учёт 0.002967 4.60517 0.013665
файл 0.002967 0.0 0.0
физический 0.002967 4.60517 0.013665
флагманский 0.002967 0.0 0.0
фундаментальный 0.002967 0.0 0.0
функция 0.002967 3.912023 0.011608
хит 0.002967 0.0 0.0
ход 0.002967 0.0 0.0
цена 0.002967 1.469676 0.004361
человек 0.002967 0.0 0.0
экран 0.002967 2.813411 0.008348
экспорт 0.005935 0.0 0.0
электрический 0.005935 3.506558 0.02081
электрокроссовер 0.002967 4.60517 0.013665
эмбрион 0.002967 0.0 0.0
южный 0.002967 0.0 0.0
