авиалайнер 0.002273 0.0 0.0
авиация 0.002273 2.813411 0.006394
австралия 0.002273 0.0 0.0
автоваз 0.004545 0.0 0.0
автомат 0.002273 0.0 0.0
автоматизировать 0.002273 3.912023 0.008891
автоматически 0.004545 2.995732 0.013617
автопроизводитель 0.002273 0.0 0.0
автор 0.006818 0.0 0.0
адаптировать 0.004545 3.218876 0.014631
администрация 0.002273 0.0 0.0
адрес 0.004545 0.0 0.0
алгоритм 0.006818 2.65926 0.018131
америка 0.002273 0.0 0.0
аналитик 0.002273 0.0 0.0
аппарат 0.002273 1.660731 0.003774
баланс 0.004545 3.506558 0.015939
безопасность 0.009091 1.714798 0.015589
безопасный 0.002273 3.912023 0.008891
белок 0.002273 0.0 0.0
библиотека 0.002273 3.506558 0.007969
биологический 0.004545 0.0 0.0
ближний 0.002273 0.0 0.0
блог 0.002273 0.0 0.0
будущее 0.002273 2.207275 0.005017
быстро 0.004545 0.0 0.0
быть 0.002273 0.0 0.0
вес 0.011364 0.0 0.0
весь 0.002273 0.0 0.0
видеокарта 0.002273 0.0 0.0
внедорожник 0.002273 0.0 0.0
войти 0.004545 0.0 0.0
восток 0.002273 0.0 0.0
впервые 0.004545 2.120264 0.009638
второй 0.002273 2.302585 0.005233
входить 0.002273 0.0 0.0
выбор 0.002273 2.995732 0.006808
выделить 0.002273 0.0 0.0
выходить 0.002273 0.0 0.0
генератор 0.002273 3.218876 0.007316
генетический 0.002273 4.60517 0.010466
главный 0.002273 0.0 0.0
год 0.002273 0.0 0.0
готовый 0.002273 4.60517 0.010466
давать 0.002273 0.0 0.0
данные 0.004545 0.0 0.0
двигатель 0.006818 0.0 0.0
делать 0.002273 2.65926 0.006044
дизайн 0.006818 0.0 0.0
директор 0.004545 0.0 0.0
добиться 0.002273 4.60517 0.010466
добыча 0.002273 3.506558 0.007969
доллар 0.002273 0.0 0.0
дом 0.004545 0.0 0.0
доставить 0.002273 0.0 0.0
достигать 0.002273 0.0 0.0
другой 0.002273 2.302585 0.005233
завершить 0.002273 0.0 0.0
задача 0.002273 2.040221 0.004637
заключать 0.002273 4.60517 0.010466
защита 0.004545 0.0 0.0
защитный 0.006818 3.506558 0.023908
земля 0.004545 0.0 0.0
значение 0.002273 3.506558 0.007969
зонд 0.006818 0.0 0.0
игра 0.002273 0.0 0.0
изменить 0.004545 2.995732 0.013617
изображение 0.004545 1.514128 0.006882
инженер 0.002273 2.207275 0.005017
инновационный 0.004545 0.0 0.0
интегрировать 0.002273 2.65926 0.006044
интуиция 0.002273 4.60517 0.010466
информация 0.002273 0.0 0.0
искусственный 0.002273 2.407946 0.005473
использование 0.002273 0.0 0.0
использоваться 0.004545 3.912023 0.017782
исследование 0.006818 0.0 0.0
исследователь 0.002273 1.832581 0.004165
источник 0.004545 0.0 0.0
календарь 0.004545 0.0 0.0
категория 0.002273 0.0 0.0
качество 0.004545 3.506558 0.015939
кг 0.004545 0.0 0.0
киберпреступник 0.002273 3.506558 0.007969
километр 0.002273 0.0 0.0
китай 0.006818 1.108663 0.007559
классический 0.002273 0.0 0.0
клон 0.004545 0.0 0.0
код 0.002273 2.207275 0.005017
команда 0.004545 2.120264 0.009638
комментирование 0.002273 0.0 0.0
компактный 0.006818 2.995732 0.020425
комфортный 0.004545 0.0 0.0
конец 0.004545 2.525729 0.011481
конференция 0.004545 0.0 0.0
корея 0.002273 0.0 0.0
корпус 0.002273 0.0 0.0
космический 0.004545 1.560648 0.007094
космос 0.006818 0.0 0.0
который 0.009091 0.776529 0.007059
кроссовер 0.004545 0.0 0.0
кубический 0.002273 0.0 0.0
кук 0.002273 0.0 0.0
летать 0.004545 0.0 0.0
лист 0.002273 0.0 0.0
лихорадка 0.002273 3.506558 0.007969
лёгкий 0.004545 4.60517 0.020933
май 0.006818 0.0 0.0
максимальный 0.002273 4.60517 0.010466
марк 0.002273 0.0 0.0
материал 0.002273 0.0 0.0
материаловедение 0.002273 4.60517 0.010466
машина 0.002273 0.0 0.0
межпланетный 0.004545 0.0 0.0
менять 0.002273 0.0 0.0
метод 0.004545 1.714798 0.007795
миллион 0.002273 0.0 0.0
минимизировать 0.004545 3.506558 0.015939
мир 0.004545 0.0 0.0
многокритериальный 0.004545 4.60517 0.020933
многоматериальный 0.002273 4.60517 0.010466
множество 0.002273 4.60517 0.010466
мобильный 0.004545 0.0 0.0
момент 0.004545 0.0 0.0
монитор 0.002273 0.0 0.0
морской 0.004545 4.60517 0.020933
мотобренд 0.002273 0.0 0.0
мотоцикл 0.002273 0.0 0.0
мочь 0.004545 0.0 0.0
нажать 0.002273 0.0 0.0
название 0.002273 0.0 0.0
назвать 0.002273 0.0 0.0
наслать 0.002273 0.0 0.0
наука 0.004545 1.966113 0.008937
находить 0.004545 4.60517 0.020933
национальный 0.002273 3.218876 0.007316
наш 0.004545 0.0 0.0
недоступный 0.002273 3.912023 0.008891
несуществующий 0.002273 3.506558 0.007969
новость 0.002273 0.0 0.0
новый 0.009091 0.0 0.0
ноутбук 0.002273 0.0 0.0
нужный 0.002273 0.0 0.0
обеспечивать 0.002273 3.912023 0.008891
обеспечить 0.004545 3.218876 0.014631
обещать 0.002273 3.506558 0.007969
обзор 0.002273 0.0 0.0
область 0.002273 4.60517 0.010466
облегчить 0.004545 4.60517 0.020933
обработка 0.002273 0.0 0.0
образец 0.002273 0.0 0.0
объявить 0.002273 0.0 0.0
объём 0.006818 2.302585 0.015699
одновременно 0.004545 3.506558 0.015939
одноклассник 0.004545 0.0 0.0
окупаться 0.002273 3.506558 0.007969
опираться 0.002273 4.60517 0.010466
опорный 0.002273 4.60517 0.010466
оптимальный 0.002273 4.60517 0.010466
оптимизация 0.004545 3.912023 0.017782
опубликовать 0.002273 3.506558 0.007969
орбита 0.002273 0.0 0.0
основать 0.002273 4.60517 0.010466
отдать 0.002273 0.0 0.0
отечественный 0.002273 0.0 0.0
отказ 0.002273 0.0 0.0
отказаться 0.002273 0.0 0.0
отключить 0.002273 0.0 0.0
открывать 0.002273 3.218876 0.007316
открытие 0.004545 2.525729 0.011481
отмечать 0.002273 2.65926 0.006044
очень 0.004545 0.0 0.0
ошибка 0.002273 0.0 0.0
параметр 0.002273 2.65926 0.006044
первый 0.004545 1.171183 0.005324
передний 0.002273 0.0 0.0
период 0.004545 0.0 0.0
периферия 0.004545 0.0 0.0
персональный 0.004545 0.0 0.0
пиар 0.004545 0.0 0.0
планировать 0.002273 2.813411 0.006394
планшет 0.002273 0.0 0.0
платформа 0.004545 0.0 0.0
повысить 0.004545 2.995732 0.013617
подвести 0.002273 0.0 0.0
поддержка 0.002273 2.525729 0.00574
поднять 0.002273 0.0 0.0
подробный 0.002273 0.0 0.0
подтверждать 0.002273 3.506558 0.007969
подход 0.004545 1.89712 0.008623
подходить 0.002273 3.912023 0.008891
подчёркивать 0.002273 3.912023 0.008891
позволять 0.004545 1.771957 0.008054
поиск 0.004545 0.0 0.0
пока 0.004545 0.0 0.0
поколение 0.002273 2.813411 0.006394
полезный 0.002273 0.0 0.0
политика 0.006818 0.0 0.0
полноприводный 0.002273 0.0 0.0
получить 0.002273 2.813411 0.006394
полёт 0.002273 0.0 0.0
попробовать 0.004545 0.0 0.0
популярный 0.004545 0.0 0.0
посещать 0.004545 0.0 0.0
прайс 0.004545 0.0 0.0
превосходить 0.002273 4.60517 0.010466
превысить 0.002273 2.65926 0.006044
предложить 0.002273 3.506558 0.007969
предоставлять 0.002273 3.506558 0.007969
представить 0.004545 0.0 0.0
прибавка 0.004545 0.0 0.0
привод 0.002273 0.0 0.0
применимый 0.002273 4.60517 0.010466
принтер 0.002273 0.0 0.0
пробизнес 0.004545 0.0 0.0
проведение 0.002273 0.0 0.0
программа 0.002273 0.0 0.0
продавать 0.004545 0.0 0.0
продажа 0.002273 0.0 0.0
продолжать 0.002273 0.0 0.0
проект 0.004545 0.0 0.0
проектирование 0.006818 3.912023 0.026673
проектор 0.002273 0.0 0.0
пролить 0.004545 0.0 0.0
прорыв 0.004545 1.714798 0.007795
протестировать 0.002273 4.60517 0.010466
процесс 0.006818 0.0 0.0
работа 0.002273 0.0 0.0
радиация 0.002273 3.506558 0.007969
радикально 0.004545 3.912023 0.017782
размер 0.002273 2.302585 0.005233
разрабатывать 0.002273 4.60517 0.010466
разработать 0.002273 3.506558 0.007969
ранний 0.002273 2.813411 0.006394
реактор 0.004545 2.65926 0.012088
реальный 0.002273 0.0 0.0
результат 0.006818 0.0 0.0
реклама 0.004545 0.0 0.0
решать 0.004545 0.0 0.0
решение 0.004545 1.386294 0.006301
россия 0.002273 0.0 0.0
россиянин 0.002273 0.0 0.0
рубль 0.002273 0.0 0.0
рынок 0.004545 0.0 0.0
сайт 0.004545 0.0 0.0
самолёт 0.002273 0.0 0.0
самый 0.004545 0.0 0.0
сантиметр 0.002273 0.0 0.0
сбор 0.002273 0.0 0.0
свет 0.004545 0.0 0.0
связь 0.006818 0.0 0.0
сгенерировать 0.002273 2.65926 0.006044
сегодня 0.004545 0.0 0.0
сервер 0.002273 0.0 0.0
сервис 0.002273 0.0 0.0
сертификация 0.002273 0.0 0.0
сеть 0.002273 0.0 0.0
система 0.004545 0.653926 0.002972
скоро 0.004545 0.0 0.0
сложность 0.004545 3.506558 0.015939
сложный 0.002273 2.813411 0.006394
снижать 0.002273 3.506558 0.007969
снижение 0.004545 3.506558 0.015939
снова 0.004545 0.0 0.0
советский 0.004545 0.0 0.0
современный 0.002273 3.506558 0.007969
соглашаться 0.002273 0.0 0.0
создать 0.002273 1.832581 0.004165
сократить 0.002273 2.120264 0.004819
сокращение 0.002273 3.218876 0.007316
сохранять 0.002273 3.218876 0.007316
спасти 0.004545 0.0 0.0
справляться 0.002273 4.60517 0.010466
среда 0.004545 0.0 0.0
ссылаться 0.002273 3.506558 0.007969
ссылка 0.002273 0.0 0.0
стадия 0.002273 3.218876 0.007316
стандарт 0.002273 1.832581 0.004165
стартовать 0.002273 0.0 0.0
статистика 0.004545 0.0 0.0
стать 0.002273 0.0 0.0
статья 0.002273 0.0 0.0
стоимость 0.004545 0.0 0.0
стратегия 0.004545 2.813411 0.012788
строгий 0.002273 3.912023 0.008891
структура 0.009091 1.660731 0.015098
судно 0.002273 3.912023 0.008891
тайконавт 0.002273 0.0 0.0
такой 0.002273 1.514128 0.003441
тег 0.002273 0.0 0.0
текст 0.004545 0.0 0.0
технический 0.006818 0.0 0.0
технология 0.002273 1.427116 0.003243
тип 0.002273 1.771957 0.004027
топ 0.004545 0.0 0.0
точка 0.002273 4.60517 0.010466
точность 0.004545 1.832581 0.00833
традиционный 0.002273 2.995732 0.006808
транспортный 0.002273 4.60517 0.010466
требование 0.002273 3.218876 0.007316
требовать 0.002273 2.65926 0.006044
требоваться 0.002273 2.995732 0.006808
тыс 0.004545 0.0 0.0
убрать 0.002273 0.0 0.0
улучшить 0.002273 2.995732 0.006808
университет 0.002273 2.040221 0.004637
упасть 0.004545 0.0 0.0
уровень 0.002273 2.65926 0.006044
установка 0.002273 2.407946 0.005473
устройство 0.002273 0.0 0.0
учитывать 0.002273 3.912023 0.008891
учёный 0.004545 1.89712 0.008623
файл 0.002273 0.0 0.0
флагманский 0.002273 0.0 0.0
фундаментальный 0.002273 0.0 0.0
хит 0.002273 0.0 0.0
цель 0.002273 2.302585 0.005233
часто 0.004545 1.714798 0.007795
человек 0.002273 0.0 0.0
четыре 0.004545 2.813411 0.012788
эксперимент 0.004545 1.832581 0.00833
эксперт 0.002273 2.65926 0.006044
экспорт 0.004545 0.0 0.0
эмбрион 0.002273 0.0 0.0
энергетика 0.002273 2.995732 0.006808
южный 0.004545 0.0 0.0
ядерный 0.004545 2.65926 0.012088
