авиалайнер 0.002451 0.0 0.0
австралия 0.002451 0.0 0.0
автоваз 0.004902 0.0 0.0
автомат 0.002451 0.0 0.0
автоматизация 0.004902 3.506558 0.017189
автомобиль 0.002451 1.560648 0.003825
автопроизводитель 0.002451 0.0 0.0
автор 0.007353 0.0 0.0
администрация 0.002451 0.0 0.0
адрес 0.004902 0.0 0.0
америка 0.002451 0.0 0.0
аналитик 0.002451 0.0 0.0
анонс 0.004902 2.525729 0.012381
архитектура 0.002451 2.995732 0.007342
базовый 0.002451 2.995732 0.007342
безопасность 0.004902 2.525729 0.012381
белок 0.002451 0.0 0.0
биологический 0.004902 0.0 0.0
ближний 0.002451 0.0 0.0
близкий 0.002451 2.813411 0.006896
блог 0.002451 0.0 0.0
быстро 0.004902 0.0 0.0
быть 0.002451 0.0 0.0
важно 0.004902 2.120264 0.010393
вес 0.002451 0.0 0.0
весь 0.002451 0.0 0.0
взаимодействовать 0.004902 4.60517 0.022574
видеокарта 0.002451 0.0 0.0
включать 0.002451 2.525729 0.006191
внедорожник 0.002451 0.0 0.0
внешний 0.004902 4.60517 0.022574
войти 0.004902 0.0 0.0
восток 0.002451 0.0 0.0
встроить 0.002451 4.60517 0.011287
входить 0.002451 0.0 0.0
выделить 0.002451 0.0 0.0
высокоскоростной 0.002451 3.912023 0.009588
выходить 0.002451 0.0 0.0
гибкость 0.004902 3.506558 0.017189
гибридный 0.004902 2.525729 0.012381
главный 0.002451 0.0 0.0
год 0.002451 0.0 0.0
город 0.002451 2.813411 0.006896
данные 0.004902 0.0 0.0
датчик 0.002451 3.912023 0.009588
двигатель 0.007353 0.0 0.0
делать 0.002451 2.040221 0.005001
дешёвый 0.002451 2.525729 0.006191
дизайн 0.004902 0.0 0.0
директор 0.004902 0.0 0.0
добавить 0.002451 4.60517 0.011287
должник 0.002451 3.506558 0.008595
доллар 0.002451 0.0 0.0
дом 0.007353 0.0 0.0
доставить 0.002451 0.0 0.0
достигать 0.002451 0.0 0.0
доступно 0.004902 3.218876 0.015779
доступный 0.002451 2.407946 0.005902
другой 0.002451 1.771957 0.004343
жёсткий 0.002451 4.60517 0.011287
завершение 0.004902 3.506558 0.017189
завершить 0.002451 0.0 0.0
задача 0.002451 1.609438 0.003945
задержка 0.002451 2.995732 0.007342
запланировать 0.002451 1.966113 0.004819
запустить 0.002451 2.525729 0.006191
защита 0.002451 0.0 0.0
защитить 0.002451 3.218876 0.007889
земля 0.004902 0.0 0.0
зонд 0.007353 0.0 0.0
игра 0.002451 0.0 0.0
изображение 0.004902 1.514128 0.007422
иллюстрация 0.004902 2.120264 0.010393
инженер 0.002451 2.207275 0.00541
инновационный 0.004902 0.0 0.0
интеграция 0.002451 3.506558 0.008595
интерфейс 0.002451 2.525729 0.006191
информация 0.002451 0.0 0.0
использование 0.002451 0.0 0.0
использовать 0.004902 2.525729 0.012381
исследование 0.002451 0.0 0.0
источник 0.004902 0.0 0.0
календарь 0.004902 0.0 0.0
категория 0.002451 0.0 0.0
качество 0.002451 2.407946 0.005902
кг 0.004902 0.0 0.0
километр 0.002451 0.0 0.0
классический 0.002451 0.0 0.0
климатический 0.002451 4.60517 0.011287
клон 0.004902 0.0 0.0
км 0.004902 1.309333 0.006418
комбинация 0.004902 4.60517 0.022574
комментирование 0.002451 0.0 0.0
коммерческий 0.002451 2.995732 0.007342
компания 0.004902 0.820981 0.004024
комфортный 0.004902 0.0 0.0
контроллер 0.002451 3.506558 0.008595
конференция 0.004902 0.0 0.0
корея 0.002451 0.0 0.0
корпус 0.002451 0.0 0.0
космос 0.007353 0.0 0.0
кристалл 0.002451 3.912023 0.009588
кроссовер 0.009804 0.0 0.0
кубический 0.002451 0.0 0.0
кук 0.002451 0.0 0.0
летать 0.004902 0.0 0.0
лист 0.002451 0.0 0.0
май 0.007353 0.0 0.0
марк 0.002451 0.0 0.0
маршрутизатор 0.002451 4.60517 0.011287
массовый 0.004902 2.995732 0.014685
материал 0.002451 0.0 0.0
машина 0.004902 0.0 0.0
машинный 0.002451 4.60517 0.011287
межпланетный 0.004902 0.0 0.0
менять 0.002451 0.0 0.0
месяц 0.002451 1.832581 0.004492
микроконтроллер 0.004902 3.506558 0.017189
миллион 0.002451 0.0 0.0
минимальный 0.002451 3.506558 0.008595
мир 0.002451 0.0 0.0
млн 0.004902 1.108663 0.005435
мобильный 0.002451 0.0 0.0
модуль 0.004902 2.995732 0.014685
момент 0.004902 0.0 0.0
монитор 0.002451 0.0 0.0
мотобренд 0.002451 0.0 0.0
мотоцикл 0.002451 0.0 0.0
мочь 0.002451 0.0 0.0
нажать 0.002451 0.0 0.0
название 0.002451 0.0 0.0
назвать 0.002451 0.0 0.0
наслать 0.002451 0.0 0.0
начало 0.002451 2.407946 0.005902
начальный 0.002451 3.912023 0.009588
наш 0.004902 0.0 0.0
низкий 0.002451 3.506558 0.008595
низкопотреблять 0.002451 4.60517 0.011287
новость 0.002451 0.0 0.0
новый 0.009804 0.0 0.0
носить 0.002451 3.506558 0.008595
ноутбук 0.002451 0.0 0.0
нужный 0.002451 0.0 0.0
обеспечивать 0.002451 2.302585 0.005644
обзор 0.002451 0.0 0.0
обработка 0.004902 0.0 0.0
образец 0.002451 0.0 0.0
обучение 0.002451 3.218876 0.007889
объявить 0.004902 0.0 0.0
один 0.002451 0.0 0.0
одноклассник 0.004902 0.0 0.0
ознаменовать 0.002451 4.60517 0.011287
орбита 0.002451 0.0 0.0
оснастить 0.002451 2.813411 0.006896
оснащение 0.002451 2.995732 0.007342
основа 0.002451 1.832581 0.004492
оставаться 0.002451 1.966113 0.004819
отдать 0.002451 0.0 0.0
отдельный 0.004902 4.60517 0.022574
отечественный 0.002451 0.0 0.0
отказ 0.002451 0.0 0.0
отказаться 0.002451 0.0 0.0
отключить 0.002451 0.0 0.0
открывать 0.002451 2.813411 0.006896
отличный 0.002451 3.218876 0.007889
отмечать 0.002451 2.65926 0.006518
отрасль 0.002451 2.65926 0.006518
очень 0.004902 0.0 0.0
ошибка 0.002451 0.0 0.0
память 0.002451 2.995732 0.007342
первый 0.002451 2.120264 0.005197
передача 0.002451 4.60517 0.011287
передний 0.002451 0.0 0.0
период 0.004902 0.0 0.0
периферийный 0.002451 4.60517 0.011287
периферия 0.004902 0.0 0.0
персональный 0.004902 0.0 0.0
пиар 0.004902 0.0 0.0
планшет 0.002451 0.0 0.0
платформа 0.004902 0.0 0.0
подвести 0.002451 0.0 0.0
поддержка 0.012255 2.120264 0.025984
поднять 0.002451 0.0 0.0
подробный 0.002451 0.0 0.0
позволять 0.002451 1.832581 0.004492
поиск 0.004902 0.0 0.0
пока 0.004902 0.0 0.0
полезный 0.002451 0.0 0.0
политика 0.007353 0.0 0.0
полноприводный 0.002451 0.0 0.0
полёт 0.002451 0.0 0.0
помеха 0.002451 3.506558 0.008595
попробовать 0.004902 0.0 0.0
популярный 0.004902 0.0 0.0
посещать 0.004902 0.0 0.0
прайс 0.004902 0.0 0.0
превращать 0.002451 4.60517 0.011287
представить 0.002451 0.0 0.0
прибавка 0.004902 0.0 0.0
привод 0.002451 0.0 0.0
пригодный 0.002451 4.60517 0.011287
применение 0.002451 2.995732 0.007342
принтер 0.002451 0.0 0.0
приоритет 0.002451 3.218876 0.007889
пробизнес 0.004902 0.0 0.0
проведение 0.002451 0.0 0.0
программа 0.002451 0.0 0.0
программный 0.002451 4.60517 0.011287
продавать 0.007353 0.0 0.0
продажа 0.002451 0.0 0.0
продолжать 0.002451 0.0 0.0
продукт 0.002451 3.506558 0.008595
проект 0.004902 0.0 0.0
проектор 0.002451 0.0 0.0
производство 0.007353 1.832581 0.013475
пролить 0.004902 0.0 0.0
промышленный 0.004902 3.912023 0.019177
пропускной 0.002451 4.60517 0.011287
протокол 0.002451 3.912023 0.009588
процесс 0.002451 0.0 0.0
процессор 0.009804 2.207275 0.02164
путь 0.004902 2.120264 0.010393
работа 0.002451 0.0 0.0
работать 0.002451 2.525729 0.006191
разный 0.002451 2.995732 0.007342
разработка 0.002451 2.207275 0.00541
разработчик 0.004902 2.407946 0.011804
расход 0.002451 2.207275 0.00541
расширять 0.002451 2.995732 0.007342
реализовывать 0.004902 4.60517 0.022574
реальный 0.002451 0.0 0.0
результат 0.002451 0.0 0.0
реклама 0.004902 0.0 0.0
релиз 0.004902 3.218876 0.015779
решать 0.002451 0.0 0.0
решение 0.004902 1.386294 0.006796
россия 0.002451 0.0 0.0
россиянин 0.002451 0.0 0.0
рубль 0.002451 0.0 0.0
рынок 0.004902 0.0 0.0
сайт 0.004902 0.0 0.0
самолёт 0.002451 0.0 0.0
самый 0.004902 0.0 0.0
сантиметр 0.002451 0.0 0.0
сбор 0.002451 0.0 0.0
свет 0.004902 0.0 0.0
связь 0.007353 0.0 0.0
сегодня 0.004902 0.0 0.0
сервер 0.002451 0.0 0.0
сервис 0.002451 0.0 0.0
сертификация 0.002451 0.0 0.0
сетевой 0.002451 4.60517 0.011287
сеть 0.007353 0.0 0.0
система 0.004902 0.653926 0.003206
скоро 0.004902 0.0 0.0
сложный 0.002451 2.995732 0.007342
смочь 0.002451 2.995732 0.007342
снижать 0.002451 2.302585 0.005644
снова 0.004902 0.0 0.0
советский 0.004902 0.0 0.0
совместимость 0.004902 3.912023 0.019177
современный 0.002451 2.207275 0.00541
соглашаться 0.002451 0.0 0.0
спасти 0.004902 0.0 0.0
способность 0.004902 3.506558 0.017189
среда 0.004902 0.0 0.0
ссылка 0.002451 0.0 0.0
стандарт 0.002451 1.832581 0.004492
стартовать 0.002451 0.0 0.0
статистика 0.004902 0.0 0.0
стать 0.007353 0.0 0.0
статья 0.002451 0.0 0.0
стоимость 0.004902 0.0 0.0
сфера 0.004902 2.813411 0.013791
тайконавт 0.002451 0.0 0.0
тег 0.002451 0.0 0.0
текст 0.004902 0.0 0.0
технический 0.004902 0.0 0.0
топ 0.004902 0.0 0.0
требование 0.002451 3.218876 0.007889
требовать 0.002451 3.506558 0.008595
тыс 0.004902 0.0 0.0
убрать 0.002451 0.0 0.0
увеличивать 0.002451 3.912023 0.009588
умный 0.009804 3.506558 0.034378
универсальный 0.002451 3.506558 0.008595
упасть 0.004902 0.0 0.0
устройство 0.012255 0.0 0.0
файл 0.002451 0.0 0.0
флагманский 0.002451 0.0 0.0
фреймворк 0.004902 3.218876 0.015779
фундаментальный 0.002451 0.0 0.0
хит 0.002451 0.0 0.0
хост 0.004902 3.912023 0.019177
цена 0.002451 1.386294 0.003398
частота 0.002451 3.218876 0.007889
человек 0.002451 0.0 0.0
чип 0.004902 1.966113 0.009638
шифрование 0.002451 3.912023 0.009588
экосистема 0.004902 4.60517 0.022574
экспорт 0.004902 0.0 0.0
эмбрион 0.002451 0.0 0.0
энергопотребление 0.004902 3.506558 0.017189
энергосбережение 0.002451 4.60517 0.011287
энергоэффективность 0.007353 3.218876 0.023668
южный 0.002451 0.0 0.0
