авиалайнер 0.003226 0.0 0.0
австралия 0.003226 0.0 0.0
автоваз 0.006452 0.0 0.0
автомат 0.003226 0.0 0.0
автомобиль 0.003226 1.560648 0.005034
автопроизводитель 0.003226 0.0 0.0
автор 0.009677 0.0 0.0
администрация 0.003226 0.0 0.0
адрес 0.006452 0.0 0.0
америка 0.003226 0.0 0.0
аналитик 0.003226 0.0 0.0
батарея 0.003226 3.218876 0.010383
белок 0.003226 0.0 0.0
биологический 0.006452 0.0 0.0
ближний 0.003226 0.0 0.0
блог 0.003226 0.0 0.0
блокировка 0.003226 4.60517 0.014855
бояться 0.003226 3.218876 0.010383
британский 0.003226 4.60517 0.014855
быстро 0.006452 0.0 0.0
быстрый 0.003226 2.407946 0.007768
быть 0.003226 0.0 0.0
вдвое 0.006452 2.995732 0.019327
вес 0.003226 0.0 0.0
весь 0.003226 0.0 0.0
видеокарта 0.003226 0.0 0.0
внедорожник 0.006452 0.0 0.0
внедорожный 0.003226 3.912023 0.012619
внутренний 0.003226 3.912023 0.012619
войти 0.006452 0.0 0.0
восток 0.003226 0.0 0.0
входить 0.003226 0.0 0.0
выделить 0.003226 0.0 0.0
выходить 0.003226 0.0 0.0
главный 0.003226 0.0 0.0
год 0.003226 0.0 0.0
данные 0.006452 0.0 0.0
двигатель 0.012903 0.0 0.0
движение 0.003226 2.525729 0.008148
дизайн 0.006452 0.0 0.0
директор 0.006452 0.0 0.0
дифференциал 0.003226 4.60517 0.014855
доллар 0.003226 0.0 0.0
дом 0.006452 0.0 0.0
доставить 0.003226 0.0 0.0
достигать 0.003226 0.0 0.0
завершить 0.003226 0.0 0.0
занимать 0.003226 3.912023 0.012619
запас 0.006452 2.120264 0.013679
запрещать 0.006452 3.506558 0.022623
защита 0.003226 0.0 0.0
земля 0.006452 0.0 0.0
зонд 0.009677 0.0 0.0
игра 0.003226 0.0 0.0
инновационный 0.006452 0.0 0.0
информация 0.003226 0.0 0.0
использование 0.003226 0.0 0.0
исследование 0.003226 0.0 0.0
история 0.003226 2.995732 0.009664
источник 0.006452 0.0 0.0
календарь 0.006452 0.0 0.0
категория 0.003226 0.0 0.0
качество 0.003226 2.525729 0.008148
кг 0.006452 0.0 0.0
километр 0.003226 0.0 0.0
китай 0.006452 1.171183 0.007556
классический 0.009677 0.0 0.0
клон 0.006452 0.0 0.0
км 0.006452 1.309333 0.008447
колесо 0.003226 3.506558 0.011311
комментирование 0.003226 0.0 0.0
компания 0.009677 0.71335 0.006903
компьютер 0.003226 2.207275 0.00712
комфорт 0.003226 0.0 0.0
комфортный 0.006452 0.0 0.0
конференция 0.006452 0.0 0.0
корея 0.003226 0.0 0.0
коробка 0.003226 2.65926 0.008578
корпус 0.003226 0.0 0.0
космос 0.009677 0.0 0.0
кроссовер 0.006452 0.0 0.0
кубический 0.003226 0.0 0.0
кук 0.003226 0.0 0.0
легендарный 0.003226 4.60517 0.014855
летать 0.006452 0.0 0.0
лист 0.003226 0.0 0.0
май 0.009677 0.0 0.0
марк 0.003226 0.0 0.0
материал 0.003226 0.0 0.0
машина 0.003226 0.0 0.0
межпланетный 0.006452 0.0 0.0
менять 0.003226 0.0 0.0
миллион 0.003226 0.0 0.0
мир 0.003226 0.0 0.0
мобильный 0.003226 0.0 0.0
модель 0.006452 0.820981 0.005297
момент 0.006452 0.0 0.0
монитор 0.003226 0.0 0.0
мотобренд 0.003226 0.0 0.0
мотоцикл 0.003226 0.0 0.0
мочь 0.003226 0.0 0.0
мощность 0.003226 1.560648 0.005034
нажать 0.003226 0.0 0.0
название 0.003226 0.0 0.0
назвать 0.003226 0.0 0.0
наслать 0.003226 0.0 0.0
начинаться 0.003226 4.60517 0.014855
наш 0.006452 0.0 0.0
новость 0.003226 0.0 0.0
новый 0.009677 0.0 0.0
ноутбук 0.003226 0.0 0.0
нужный 0.003226 0.0 0.0
обеспечивать 0.003226 2.302585 0.007428
обзор 0.003226 0.0 0.0
обработка 0.003226 0.0 0.0
образец 0.003226 0.0 0.0
объявить 0.003226 0.0 0.0
одноклассник 0.006452 0.0 0.0
орбита 0.003226 0.0 0.0
оригинальный 0.006452 3.912023 0.025239
оснастить 0.003226 4.60517 0.014855
отдать 0.003226 0.0 0.0
отечественный 0.003226 0.0 0.0
отказ 0.003226 0.0 0.0
отказаться 0.003226 0.0 0.0
отключить 0.003226 0.0 0.0
очень 0.006452 0.0 0.0
ошибка 0.003226 0.0 0.0
переводить 0.003226 3.506558 0.011311
передавать 0.003226 3.218876 0.010383
передача 0.003226 2.120264 0.00684
передний 0.003226 0.0 0.0
период 0.006452 0.0 0.0
периферия 0.006452 0.0 0.0
персональный 0.006452 0.0 0.0
пиар 0.006452 0.0 0.0
планшет 0.003226 0.0 0.0
платформа 0.006452 0.0 0.0
повышение 0.003226 2.995732 0.009664
подвести 0.003226 0.0 0.0
поднять 0.003226 0.0 0.0
подробный 0.003226 0.0 0.0
поиск 0.006452 0.0 0.0
пока 0.006452 0.0 0.0
полезный 0.003226 0.0 0.0
политика 0.009677 0.0 0.0
полноприводный 0.003226 0.0 0.0
получить 0.003226 2.525729 0.008148
полёт 0.003226 0.0 0.0
попробовать 0.006452 0.0 0.0
популярный 0.006452 0.0 0.0
посещать 0.006452 0.0 0.0
поставка 0.003226 2.525729 0.008148
прайс 0.006452 0.0 0.0
предлагать 0.003226 2.120264 0.00684
представить 0.009677 0.0 0.0
прибавка 0.006452 0.0 0.0
привод 0.003226 0.0 0.0
принтер 0.003226 0.0 0.0
пробизнес 0.006452 0.0 0.0
проведение 0.003226 0.0 0.0
программа 0.003226 0.0 0.0
продавать 0.006452 0.0 0.0
продажа 0.003226 0.0 0.0
продолжать 0.003226 0.0 0.0
проект 0.006452 0.0 0.0
проектор 0.003226 0.0 0.0
пролить 0.006452 0.0 0.0
просить 0.003226 2.65926 0.008578
процесс 0.003226 0.0 0.0
процессор 0.003226 2.207275 0.00712
работа 0.003226 0.0 0.0
работать 0.003226 1.89712 0.00612
раз 0.003226 0.0 0.0
разгон 0.006452 2.525729 0.016295
реальный 0.003226 0.0 0.0
режим 0.003226 2.407946 0.007768
результат 0.003226 0.0 0.0
реклама 0.006452 0.0 0.0
рекуперация 0.003226 4.60517 0.014855
решать 0.003226 0.0 0.0
россия 0.003226 0.0 0.0
россиянин 0.003226 0.0 0.0
рубль 0.003226 0.0 0.0
руль 0.003226 3.912023 0.012619
рынок 0.006452 0.0 0.0
рядом 0.006452 3.912023 0.025239
сайт 0.006452 0.0 0.0
самолёт 0.003226 0.0 0.0
самый 0.006452 0.0 0.0
сантиметр 0.003226 0.0 0.0
сбор 0.003226 0.0 0.0
свет 0.006452 0.0 0.0
связь 0.009677 0.0 0.0
сгорание 0.003226 3.912023 0.012619
сегодня 0.006452 0.0 0.0
секунда 0.003226 1.832581 0.005912
сервер 0.003226 0.0 0.0
сервис 0.003226 0.0 0.0
сертификация 0.003226 0.0 0.0
сеть 0.003226 0.0 0.0
скоро 0.006452 0.0 0.0
смартфон 0.003226 2.302585 0.007428
снова 0.006452 0.0 0.0
советский 0.006452 0.0 0.0
современный 0.003226 2.207275 0.00712
соглашаться 0.003226 0.0 0.0
спасти 0.006452 0.0 0.0
спрос 0.006452 2.525729 0.016295
среда 0.006452 0.0 0.0
ссылка 0.003226 0.0 0.0
стартовать 0.003226 0.0 0.0
статистика 0.006452 0.0 0.0
стать 0.003226 0.0 0.0
статья 0.003226 0.0 0.0
стерлинг 0.003226 3.912023 0.012619
стоимость 0.006452 0.0 0.0
тайконавт 0.003226 0.0 0.0
тег 0.003226 0.0 0.0
текст 0.006452 0.0 0.0
технический 0.006452 0.0 0.0
топ 0.006452 0.0 0.0
тормоз 0.003226 4.60517 0.014855
тыс 0.006452 0.0 0.0
тяга 0.003226 4.60517 0.014855
убрать 0.003226 0.0 0.0
увеличить 0.003226 2.65926 0.008578
упасть 0.006452 0.0 0.0
усилитель 0.006452 4.60517 0.029711
усилить 0.003226 3.506558 0.011311
устройство 0.003226 0.0 0.0
уходить 0.003226 3.506558 0.011311
файл 0.003226 0.0 0.0
флагманский 0.003226 0.0 0.0
фундаментальный 0.003226 0.0 0.0
фунт 0.003226 3.912023 0.012619
хит 0.003226 0.0 0.0
ход 0.003226 0.0 0.0
человек 0.003226 0.0 0.0
чип 0.003226 1.966113 0.006342
шина 0.003226 2.65926 0.008578
экспорт 0.006452 0.0 0.0
электромотор 0.003226 3.912023 0.012619
электропривод 0.006452 3.912023 0.025239
электроусилитель 0.006452 4.60517 0.029711
эмбрион 0.003226 0.0 0.0
энергия 0.003226 2.120264 0.00684
южный 0.003226 0.0 0.0
