авиалайнер 0.003106 0.0 0.0
австралия 0.003106 0.0 0.0
автоваз 0.006211 0.0 0.0
автомат 0.003106 0.0 0.0
автомобиль 0.006211 2.525729 0.015688
автопроизводитель 0.003106 0.0 0.0
автор 0.009317 0.0 0.0
администрация 0.003106 0.0 0.0
адрес 0.006211 0.0 0.0
америка 0.003106 0.0 0.0
аналитик 0.003106 0.0 0.0
багажник 0.003106 3.912023 0.012149
база 0.006211 4.60517 0.028604
белок 0.003106 0.0 0.0
биологический 0.006211 0.0 0.0
бить 0.003106 2.302585 0.007151
ближний 0.003106 0.0 0.0
блог 0.003106 0.0 0.0
быстро 0.006211 0.0 0.0
быть 0.003106 0.0 0.0
вес 0.003106 0.0 0.0
весь 0.003106 0.0 0.0
видеокарта 0.003106 0.0 0.0
включать 0.003106 2.525729 0.007844
внедорожник 0.003106 0.0 0.0
возможность 0.003106 1.966113 0.006106
войти 0.006211 0.0 0.0
волга 0.003106 3.506558 0.01089
восток 0.003106 0.0 0.0
вращение 0.006211 2.65926 0.016517
входить 0.003106 0.0 0.0
выделить 0.003106 0.0 0.0
выпуск 0.003106 2.207275 0.006855
выходить 0.003106 0.0 0.0
габарит 0.003106 3.912023 0.012149
газ 0.006211 2.995732 0.018607
главный 0.003106 0.0 0.0
глянцевый 0.003106 4.60517 0.014302
год 0.003106 0.0 0.0
данные 0.006211 0.0 0.0
двигатель 0.009317 0.0 0.0
диагональ 0.003106 3.912023 0.012149
дизайн 0.006211 0.0 0.0
дилер 0.003106 3.218876 0.009997
директор 0.006211 0.0 0.0
диск 0.003106 2.813411 0.008737
доллар 0.003106 0.0 0.0
дом 0.006211 0.0 0.0
дорогой 0.003106 3.218876 0.009997
доставить 0.003106 0.0 0.0
достигать 0.003106 0.0 0.0
доступный 0.003106 2.65926 0.008259
дюйм 0.003106 2.525729 0.007844
дюймовый 0.003106 3.218876 0.009997
завершить 0.003106 0.0 0.0
задний 0.003106 3.912023 0.012149
замедлить 0.003106 3.218876 0.009997
защита 0.003106 0.0 0.0
земля 0.006211 0.0 0.0
зеркало 0.003106 3.506558 0.01089
зонд 0.009317 0.0 0.0
игра 0.003106 0.0 0.0
изменить 0.003106 2.207275 0.006855
инновационный 0.006211 0.0 0.0
информация 0.003106 0.0 0.0
использование 0.003106 0.0 0.0
исследование 0.003106 0.0 0.0
источник 0.006211 0.0 0.0
календарь 0.006211 0.0 0.0
категория 0.003106 0.0 0.0
кг 0.006211 0.0 0.0
километр 0.003106 0.0 0.0
китай 0.006211 1.171183 0.007274
классический 0.003106 0.0 0.0
климат 0.006211 2.995732 0.018607
клон 0.006211 0.0 0.0
колёсный 0.003106 4.60517 0.014302
комментирование 0.003106 0.0 0.0
комплектация 0.006211 2.995732 0.018607
комфортный 0.006211 0.0 0.0
контроль 0.006211 2.813411 0.017475
конференция 0.006211 0.0 0.0
корея 0.003106 0.0 0.0
корпус 0.003106 0.0 0.0
космос 0.009317 0.0 0.0
кроссовер 0.012422 0.0 0.0
кубический 0.003106 0.0 0.0
кук 0.003106 0.0 0.0
летать 0.006211 0.0 0.0
лист 0.003106 0.0 0.0
май 0.009317 0.0 0.0
марк 0.003106 0.0 0.0
материал 0.003106 0.0 0.0
машина 0.006211 0.0 0.0
медиасистема 0.003106 3.218876 0.009997
межпланетный 0.006211 0.0 0.0
менять 0.003106 0.0 0.0
миллион 0.003106 0.0 0.0
мир 0.003106 0.0 0.0
млн 0.006211 1.108663 0.006886
мобильный 0.003106 0.0 0.0
момент 0.006211 0.0 0.0
монитор 0.003106 0.0 0.0
мотобренд 0.003106 0.0 0.0
мотор 0.003106 2.207275 0.006855
мотоцикл 0.003106 0.0 0.0
мочь 0.003106 0.0 0.0
мощность 0.003106 1.560648 0.004847
нажать 0.003106 0.0 0.0
название 0.003106 0.0 0.0
назвать 0.003106 0.0 0.0
наслать 0.003106 0.0 0.0
наш 0.006211 0.0 0.0
новость 0.003106 0.0 0.0
новый 0.009317 0.0 0.0
ноутбук 0.003106 0.0 0.0
нужный 0.003106 0.0 0.0
обзор 0.003106 0.0 0.0
обработка 0.003106 0.0 0.0
образец 0.003106 0.0 0.0
объявить 0.003106 0.0 0.0
объём 0.006211 3.218876 0.019993
одноклассник 0.006211 0.0 0.0
оказаться 0.003106 2.65926 0.008259
орбита 0.003106 0.0 0.0
оснастить 0.003106 2.813411 0.008737
оснащение 0.006211 2.995732 0.018607
отдать 0.003106 0.0 0.0
отделка 0.003106 3.912023 0.012149
отечественный 0.003106 0.0 0.0
отказ 0.003106 0.0 0.0
отказаться 0.003106 0.0 0.0
отключить 0.003106 0.0 0.0
очень 0.006211 0.0 0.0
ошибка 0.003106 0.0 0.0
панель 0.006211 2.995732 0.018607
пара 0.003106 0.941609 0.002924
передний 0.009317 0.0 0.0
период 0.006211 0.0 0.0
периферия 0.006211 0.0 0.0
персональный 0.006211 0.0 0.0
петербург 0.003106 4.60517 0.014302
пиар 0.006211 0.0 0.0
планета 0.003106 2.120264 0.006585
планшет 0.003106 0.0 0.0
платформа 0.006211 0.0 0.0
подвести 0.003106 0.0 0.0
поддержка 0.003106 2.995732 0.009304
поднять 0.003106 0.0 0.0
подробный 0.003106 0.0 0.0
поиск 0.006211 0.0 0.0
пока 0.006211 0.0 0.0
поколение 0.003106 2.813411 0.008737
полезный 0.003106 0.0 0.0
политика 0.009317 0.0 0.0
полноприводный 0.009317 0.0 0.0
полный 0.006211 2.207275 0.01371
полёт 0.003106 0.0 0.0
попробовать 0.006211 0.0 0.0
популярный 0.006211 0.0 0.0
посещать 0.006211 0.0 0.0
поставлять 0.003106 3.506558 0.01089
прайс 0.006211 0.0 0.0
представить 0.003106 0.0 0.0
прибавка 0.006211 0.0 0.0
прибор 0.003106 3.218876 0.009997
привод 0.012422 0.0 0.0
принтер 0.003106 0.0 0.0
пробизнес 0.006211 0.0 0.0
проведение 0.003106 0.0 0.0
программа 0.003106 0.0 0.0
продавать 0.009317 0.0 0.0
продажа 0.003106 0.0 0.0
продолжать 0.003106 0.0 0.0
проект 0.006211 0.0 0.0
проектор 0.003106 0.0 0.0
пролить 0.006211 0.0 0.0
просить 0.003106 3.506558 0.01089
процесс 0.003106 0.0 0.0
пятый 0.003106 4.60517 0.014302
работа 0.003106 0.0 0.0
радиатор 0.003106 3.506558 0.01089
реальный 0.003106 0.0 0.0
результат 0.003106 0.0 0.0
реклама 0.006211 0.0 0.0
решать 0.003106 0.0 0.0
решётка 0.003106 4.60517 0.014302
робот 0.003106 1.966113 0.006106
россия 0.009317 0.0 0.0
россиянин 0.003106 0.0 0.0
рубль 0.003106 0.0 0.0
руль 0.003106 3.912023 0.012149
рынок 0.006211 0.0 0.0
сайт 0.006211 0.0 0.0
самолёт 0.003106 0.0 0.0
самый 0.006211 0.0 0.0
санкт 0.006211 4.60517 0.028604
сантиметр 0.003106 0.0 0.0
сбор 0.003106 0.0 0.0
свет 0.006211 0.0 0.0
связь 0.009317 0.0 0.0
сегодня 0.006211 0.0 0.0
сервер 0.003106 0.0 0.0
сервис 0.003106 0.0 0.0
сертификация 0.003106 0.0 0.0
сеть 0.003106 0.0 0.0
скоро 0.006211 0.0 0.0
сложить 0.006211 4.60517 0.028604
снова 0.006211 0.0 0.0
советский 0.006211 0.0 0.0
соглашаться 0.003106 0.0 0.0
составлять 0.003106 3.912023 0.012149
спасти 0.006211 0.0 0.0
спинка 0.003106 4.60517 0.014302
сравнение 0.003106 3.218876 0.009997
среда 0.006211 0.0 0.0
ссылка 0.003106 0.0 0.0
стартовать 0.006211 0.0 0.0
статистика 0.006211 0.0 0.0
стать 0.003106 0.0 0.0
статья 0.003106 0.0 0.0
стекло 0.003106 2.995732 0.009304
стоимость 0.006211 0.0 0.0
тайконавт 0.003106 0.0 0.0
такой 0.003106 1.514128 0.004702
тег 0.003106 0.0 0.0
текст 0.006211 0.0 0.0
технический 0.006211 0.0 0.0
топ 0.006211 0.0 0.0
тревога 0.003106 3.218876 0.009997
турбомотор 0.003106 3.506558 0.01089
тыс 0.006211 0.0 0.0
убрать 0.003106 0.0 0.0
увеличение 0.003106 3.506558 0.01089
универсал 0.009317 2.207275 0.020565
уникальный 0.003106 2.995732 0.009304
упасть 0.006211 0.0 0.0
устройство 0.003106 0.0 0.0
файл 0.003106 0.0 0.0
флагманский 0.003106 0.0 0.0
форма 0.003106 0.0 0.0
фундаментальный 0.003106 0.0 0.0
хит 0.003106 0.0 0.0
хороший 0.003106 4.60517 0.014302
цифровой 0.003106 2.995732 0.009304
человек 0.003106 0.0 0.0
чёрный 0.003106 4.60517 0.014302
шведский 0.006211 3.506558 0.02178
экран 0.003106 2.813411 0.008737
экспорт 0.006211 0.0 0.0
электропривод 0.006211 3.912023 0.024298
эмбрион 0.003106 0.0 0.0
южный 0.003106 0.0 0.0
