авиалайнер 0.003425 0.0 0.0
австралия 0.003425 0.0 0.0
автоваз 0.006849 0.0 0.0
автомат 0.003425 0.0 0.0
автомобиль 0.003425 1.560648 0.005345
автопроизводитель 0.010274 0.0 0.0
автор 0.010274 0.0 0.0
администрация 0.003425 0.0 0.0
адрес 0.006849 0.0 0.0
америка 0.003425 0.0 0.0
аналитик 0.003425 0.0 0.0
ассоциироваться 0.003425 4.60517 0.015771
безопасность 0.006849 2.525729 0.0173
белок 0.003425 0.0 0.0
биологический 0.006849 0.0 0.0
ближний 0.003425 0.0 0.0
блог 0.003425 0.0 0.0
бренд 0.003425 0.0 0.0
быстро 0.006849 0.0 0.0
быть 0.003425 0.0 0.0
вес 0.003425 0.0 0.0
весь 0.003425 0.0 0.0
видеокарта 0.003425 0.0 0.0
внедорожник 0.006849 0.0 0.0
войти 0.006849 0.0 0.0
восприятие 0.006849 4.60517 0.031542
восток 0.003425 0.0 0.0
входить 0.003425 0.0 0.0
выделить 0.003425 0.0 0.0
выходить 0.003425 0.0 0.0
гибридный 0.003425 2.525729 0.00865
главный 0.003425 0.0 0.0
год 0.003425 0.0 0.0
данные 0.006849 0.0 0.0
двигатель 0.013699 0.0 0.0
дизайн 0.006849 0.0 0.0
динамика 0.003425 3.912023 0.013397
директор 0.006849 0.0 0.0
доказать 0.003425 4.60517 0.015771
доллар 0.003425 0.0 0.0
дом 0.006849 0.0 0.0
дорога 0.006849 2.525729 0.0173
доставить 0.003425 0.0 0.0
достигать 0.003425 0.0 0.0
завершить 0.003425 0.0 0.0
защита 0.003425 0.0 0.0
земля 0.006849 0.0 0.0
зонд 0.010274 0.0 0.0
игра 0.003425 0.0 0.0
изменить 0.006849 2.995732 0.020519
инженер 0.003425 2.207275 0.007559
инновационный 0.006849 0.0 0.0
информация 0.003425 0.0 0.0
использование 0.003425 0.0 0.0
исследование 0.003425 0.0 0.0
источник 0.006849 0.0 0.0
календарь 0.006849 0.0 0.0
категория 0.003425 0.0 0.0
кг 0.006849 0.0 0.0
километр 0.003425 0.0 0.0
китай 0.003425 1.07881 0.003695
китайский 0.010274 2.813411 0.028905
классический 0.003425 0.0 0.0
клон 0.006849 0.0 0.0
комментирование 0.003425 0.0 0.0
комфортный 0.006849 0.0 0.0
конференция 0.006849 0.0 0.0
корея 0.003425 0.0 0.0
корпус 0.003425 0.0 0.0
космос 0.010274 0.0 0.0
кроссовер 0.006849 0.0 0.0
кубический 0.003425 0.0 0.0
кук 0.003425 0.0 0.0
летать 0.006849 0.0 0.0
лист 0.003425 0.0 0.0
май 0.010274 0.0 0.0
манёвр 0.003425 2.65926 0.009107
марк 0.003425 0.0 0.0
материал 0.003425 0.0 0.0
машина 0.003425 0.0 0.0
межпланетный 0.006849 0.0 0.0
менять 0.003425 0.0 0.0
миллион 0.003425 0.0 0.0
мир 0.003425 0.0 0.0
мобильный 0.003425 0.0 0.0
модель 0.003425 0.867501 0.002971
момент 0.006849 0.0 0.0
монитор 0.003425 0.0 0.0
моноприводной 0.003425 4.60517 0.015771
мотобренд 0.003425 0.0 0.0
мотоцикл 0.003425 0.0 0.0
мочь 0.003425 0.0 0.0
нажать 0.003425 0.0 0.0
название 0.003425 0.0 0.0
назвать 0.003425 0.0 0.0
наслать 0.003425 0.0 0.0
наш 0.006849 0.0 0.0
новость 0.003425 0.0 0.0
новый 0.010274 0.0 0.0
ноутбук 0.003425 0.0 0.0
нужный 0.003425 0.0 0.0
обгон 0.003425 4.60517 0.015771
обеспечивать 0.003425 2.302585 0.007886
обзор 0.003425 0.0 0.0
обработка 0.003425 0.0 0.0
образец 0.003425 0.0 0.0
объявить 0.006849 0.0 0.0
одноклассник 0.006849 0.0 0.0
оптимизировать 0.003425 2.65926 0.009107
орбита 0.003425 0.0 0.0
оснащаться 0.006849 4.60517 0.031542
отдать 0.003425 0.0 0.0
отечественный 0.003425 0.0 0.0
отказ 0.003425 0.0 0.0
отказаться 0.003425 0.0 0.0
отключить 0.003425 0.0 0.0
отметить 0.003425 1.427116 0.004887
очень 0.006849 0.0 0.0
ошибка 0.003425 0.0 0.0
передний 0.003425 0.0 0.0
переход 0.003425 2.120264 0.007261
период 0.006849 0.0 0.0
периферия 0.006849 0.0 0.0
персональный 0.006849 0.0 0.0
пиар 0.006849 0.0 0.0
планшет 0.003425 0.0 0.0
платформа 0.006849 0.0 0.0
подвести 0.003425 0.0 0.0
поднять 0.003425 0.0 0.0
подробный 0.003425 0.0 0.0
поиск 0.006849 0.0 0.0
пока 0.006849 0.0 0.0
полезный 0.003425 0.0 0.0
политика 0.010274 0.0 0.0
полноприводный 0.003425 0.0 0.0
полный 0.013699 2.407946 0.032986
полёт 0.003425 0.0 0.0
попробовать 0.006849 0.0 0.0
популярный 0.006849 0.0 0.0
посещать 0.006849 0.0 0.0
прайс 0.006849 0.0 0.0
представить 0.003425 0.0 0.0
прибавка 0.006849 0.0 0.0
привод 0.010274 0.0 0.0
принтер 0.003425 0.0 0.0
пробизнес 0.006849 0.0 0.0
проведение 0.003425 0.0 0.0
программа 0.003425 0.0 0.0
продавать 0.006849 0.0 0.0
продажа 0.003425 0.0 0.0
продолжать 0.003425 0.0 0.0
проект 0.006849 0.0 0.0
проектор 0.003425 0.0 0.0
пролить 0.006849 0.0 0.0
процесс 0.003425 0.0 0.0
работа 0.003425 0.0 0.0
рассказать 0.003425 3.506558 0.012009
расход 0.006849 2.207275 0.015118
реальный 0.003425 0.0 0.0
результат 0.003425 0.0 0.0
реклама 0.006849 0.0 0.0
ресурс 0.003425 2.525729 0.00865
решать 0.003425 0.0 0.0
россия 0.003425 0.0 0.0
россиянин 0.003425 0.0 0.0
рубль 0.003425 0.0 0.0
рынок 0.010274 0.0 0.0
сайт 0.006849 0.0 0.0
самолёт 0.003425 0.0 0.0
самый 0.006849 0.0 0.0
сантиметр 0.003425 0.0 0.0
сбор 0.003425 0.0 0.0
свет 0.006849 0.0 0.0
связь 0.010274 0.0 0.0
сегодня 0.006849 0.0 0.0
сервер 0.003425 0.0 0.0
сервис 0.003425 0.0 0.0
сертификация 0.003425 0.0 0.0
сеть 0.003425 0.0 0.0
сзади 0.006849 4.60517 0.031542
скоро 0.006849 0.0 0.0
слово 0.003425 2.302585 0.007886
снижать 0.003425 2.302585 0.007886
снова 0.006849 0.0 0.0
советский 0.006849 0.0 0.0
соглашаться 0.003425 0.0 0.0
сохраниться 0.006849 4.60517 0.031542
спасти 0.006849 0.0 0.0
спереди 0.006849 4.60517 0.031542
среда 0.006849 0.0 0.0
ссылка 0.003425 0.0 0.0
стартовать 0.003425 0.0 0.0
статистика 0.006849 0.0 0.0
стать 0.003425 0.0 0.0
статья 0.003425 0.0 0.0
стоимость 0.006849 0.0 0.0
сцепление 0.006849 4.60517 0.031542
тайконавт 0.003425 0.0 0.0
тег 0.003425 0.0 0.0
текст 0.006849 0.0 0.0
технический 0.006849 0.0 0.0
технология 0.006849 2.302585 0.015771
тип 0.003425 1.771957 0.006068
топ 0.006849 0.0 0.0
топливо 0.003425 2.65926 0.009107
трансмиссия 0.003425 4.60517 0.015771
трехмоторный 0.003425 4.60517 0.015771
тыс 0.006849 0.0 0.0
убрать 0.003425 0.0 0.0
улучшать 0.003425 3.506558 0.012009
улучшить 0.003425 3.218876 0.011024
универсальность 0.006849 4.60517 0.031542
упасть 0.006849 0.0 0.0
управляемость 0.006849 3.912023 0.026795
устойчивость 0.006849 3.912023 0.026795
устройство 0.003425 0.0 0.0
файл 0.003425 0.0 0.0
флагманский 0.003425 0.0 0.0
фундаментальный 0.003425 0.0 0.0
хит 0.003425 0.0 0.0
хороший 0.003425 3.506558 0.012009
человек 0.003425 0.0 0.0
экономичность 0.006849 3.912023 0.026795
экспорт 0.006849 0.0 0.0
экспортный 0.003425 3.218876 0.011024
эмбрион 0.003425 0.0 0.0
южный 0.003425 0.0 0.0
