авиалайнер 0.003165 0.0 0.0
австралия 0.003165 0.0 0.0
автоваз 0.006329 0.0 0.0
автомат 0.003165 0.0 0.0
автомобиль 0.003165 1.560648 0.004939
автопарк 0.006329 4.60517 0.029147
автопроизводитель 0.003165 0.0 0.0
автор 0.009494 0.0 0.0
администрация 0.003165 0.0 0.0
адрес 0.006329 0.0 0.0
америка 0.003165 0.0 0.0
аналитик 0.003165 0.0 0.0
базовый 0.003165 2.995732 0.00948
белок 0.003165 0.0 0.0
бензиновый 0.003165 3.506558 0.011097
биологический 0.006329 0.0 0.0
ближний 0.003165 0.0 0.0
блог 0.003165 0.0 0.0
быстро 0.006329 0.0 0.0
быть 0.003165 0.0 0.0
ведомство 0.006329 4.60517 0.029147
вес 0.003165 0.0 0.0
весь 0.003165 0.0 0.0
видеокарта 0.003165 0.0 0.0
включать 0.003165 2.525729 0.007993
внедорожник 0.003165 0.0 0.0
возглавить 0.006329 2.813411 0.017806
войти 0.006329 0.0 0.0
восток 0.003165 0.0 0.0
второй 0.003165 2.302585 0.007287
входить 0.003165 0.0 0.0
выбор 0.009494 2.995732 0.02844
выделить 0.003165 0.0 0.0
выходить 0.003165 0.0 0.0
генпрокуратура 0.009494 3.506558 0.03329
гибдд 0.006329 4.60517 0.029147
главный 0.003165 0.0 0.0
год 0.006329 0.0 0.0
госструктура 0.003165 4.60517 0.014573
данные 0.006329 0.0 0.0
двигатель 0.009494 0.0 0.0
дизайн 0.009494 0.0 0.0
директор 0.006329 0.0 0.0
дисплей 0.006329 3.912023 0.02476
доллар 0.003165 0.0 0.0
дом 0.006329 0.0 0.0
доставить 0.003165 0.0 0.0
достигать 0.003165 0.0 0.0
дюймовый 0.006329 4.60517 0.029147
завершить 0.003165 0.0 0.0
зависимость 0.003165 2.65926 0.008415
закупать 0.006329 3.912023 0.02476
заменять 0.003165 3.912023 0.01238
защита 0.003165 0.0 0.0
земля 0.006329 0.0 0.0
зонд 0.009494 0.0 0.0
игра 0.003165 0.0 0.0
импорт 0.003165 2.995732 0.00948
инновационный 0.006329 0.0 0.0
иномарка 0.003165 4.60517 0.014573
информация 0.003165 0.0 0.0
использование 0.003165 0.0 0.0
исследование 0.003165 0.0 0.0
источник 0.006329 0.0 0.0
календарь 0.006329 0.0 0.0
камерофон 0.006329 3.506558 0.022193
категория 0.003165 0.0 0.0
кг 0.006329 0.0 0.0
километр 0.003165 0.0 0.0
классический 0.003165 0.0 0.0
климат 0.006329 2.995732 0.01896
клон 0.006329 0.0 0.0
комментирование 0.003165 0.0 0.0
комплектация 0.003165 2.995732 0.00948
комфортный 0.006329 0.0 0.0
контроль 0.006329 2.813411 0.017806
конференция 0.006329 0.0 0.0
корея 0.003165 0.0 0.0
корпус 0.003165 0.0 0.0
космос 0.009494 0.0 0.0
кроссовер 0.006329 0.0 0.0
кубический 0.003165 0.0 0.0
кук 0.003165 0.0 0.0
летать 0.006329 0.0 0.0
лидировать 0.003165 4.60517 0.014573
лист 0.003165 0.0 0.0
май 0.009494 0.0 0.0
марк 0.003165 0.0 0.0
материал 0.003165 0.0 0.0
машина 0.012658 0.0 0.0
межпланетный 0.006329 0.0 0.0
менять 0.003165 0.0 0.0
место 0.003165 1.660731 0.005255
миллион 0.003165 0.0 0.0
мир 0.003165 0.0 0.0
млн 0.006329 1.108663 0.007017
мобильный 0.003165 0.0 0.0
момент 0.006329 0.0 0.0
монитор 0.003165 0.0 0.0
москва 0.003165 4.60517 0.014573
мотобренд 0.003165 0.0 0.0
мотоцикл 0.003165 0.0 0.0
мочь 0.003165 0.0 0.0
мощность 0.003165 1.560648 0.004939
мощный 0.006329 2.995732 0.01896
нажать 0.003165 0.0 0.0
название 0.003165 0.0 0.0
назвать 0.006329 0.0 0.0
наслать 0.003165 0.0 0.0
наш 0.006329 0.0 0.0
неожиданный 0.009494 3.912023 0.037139
новость 0.003165 0.0 0.0
новый 0.009494 0.0 0.0
ноутбук 0.003165 0.0 0.0
нужный 0.003165 0.0 0.0
обзор 0.003165 0.0 0.0
обновлять 0.003165 3.912023 0.01238
обработка 0.003165 0.0 0.0
образец 0.003165 0.0 0.0
объявить 0.003165 0.0 0.0
одноклассник 0.006329 0.0 0.0
оптика 0.003165 3.912023 0.01238
орбита 0.003165 0.0 0.0
оснастить 0.003165 2.120264 0.00671
особенно 0.006329 1.609438 0.010186
отдать 0.003165 0.0 0.0
отечественный 0.003165 0.0 0.0
отказ 0.003165 0.0 0.0
отказаться 0.003165 0.0 0.0
отключить 0.003165 0.0 0.0
отличаться 0.003165 4.60517 0.014573
очень 0.006329 0.0 0.0
ошибка 0.003165 0.0 0.0
параллельный 0.003165 3.506558 0.011097
передний 0.003165 0.0 0.0
пересаживаться 0.003165 3.506558 0.011097
период 0.006329 0.0 0.0
периферия 0.006329 0.0 0.0
персональный 0.006329 0.0 0.0
пиар 0.006329 0.0 0.0
планшет 0.003165 0.0 0.0
платформа 0.006329 0.0 0.0
подвести 0.003165 0.0 0.0
поднять 0.003165 0.0 0.0
подробный 0.003165 0.0 0.0
поиск 0.006329 0.0 0.0
пока 0.006329 0.0 0.0
полезный 0.003165 0.0 0.0
политика 0.009494 0.0 0.0
полноприводный 0.003165 0.0 0.0
полёт 0.003165 0.0 0.0
попробовать 0.006329 0.0 0.0
популярный 0.012658 0.0 0.0
посещать 0.006329 0.0 0.0
постепенно 0.006329 3.506558 0.022193
прайс 0.006329 0.0 0.0
представить 0.003165 0.0 0.0
преимущественно 0.006329 4.60517 0.029147
прибавка 0.006329 0.0 0.0
привод 0.006329 0.0 0.0
принтер 0.003165 0.0 0.0
пробизнес 0.006329 0.0 0.0
проведение 0.003165 0.0 0.0
программа 0.003165 0.0 0.0
продавать 0.006329 0.0 0.0
продажа 0.003165 0.0 0.0
продолжать 0.003165 0.0 0.0
проект 0.006329 0.0 0.0
проектор 0.003165 0.0 0.0
пролить 0.006329 0.0 0.0
процесс 0.003165 0.0 0.0
работа 0.003165 0.0 0.0
радиатор 0.003165 3.506558 0.011097
реальный 0.003165 0.0 0.0
результат 0.003165 0.0 0.0
рейтинг 0.006329 2.995732 0.01896
реклама 0.006329 0.0 0.0
решать 0.003165 0.0 0.0
решётка 0.003165 4.60517 0.014573
российский 0.009494 2.995732 0.02844
россия 0.009494 0.0 0.0
россиянин 0.003165 0.0 0.0
рубль 0.003165 0.0 0.0
рф 0.006329 2.120264 0.013419
рынок 0.006329 0.0 0.0
сайт 0.006329 0.0 0.0
самолёт 0.003165 0.0 0.0
самый 0.015823 0.0 0.0
сантиметр 0.003165 0.0 0.0
сбор 0.003165 0.0 0.0
сборка 0.003165 2.407946 0.00762
свет 0.006329 0.0 0.0
связь 0.009494 0.0 0.0
сегодня 0.006329 0.0 0.0
сервер 0.003165 0.0 0.0
сервис 0.003165 0.0 0.0
сертификация 0.003165 0.0 0.0
сеть 0.003165 0.0 0.0
сидение 0.003165 4.60517 0.014573
скидка 0.003165 2.525729 0.007993
скоро 0.006329 0.0 0.0
смартфон 0.003165 2.302585 0.007287
снова 0.006329 0.0 0.0
советский 0.006329 0.0 0.0
соглашаться 0.003165 0.0 0.0
сообщаться 0.003165 3.506558 0.011097
спасти 0.006329 0.0 0.0
среда 0.006329 0.0 0.0
ссылка 0.003165 0.0 0.0
стартовать 0.003165 0.0 0.0
статистика 0.006329 0.0 0.0
стать 0.003165 0.0 0.0
статья 0.003165 0.0 0.0
стоимость 0.009494 0.0 0.0
тайконавт 0.003165 0.0 0.0
тег 0.003165 0.0 0.0
текст 0.006329 0.0 0.0
технический 0.006329 0.0 0.0
топ 0.006329 0.0 0.0
третий 0.003165 2.995732 0.00948
тульский 0.003165 4.60517 0.014573
турбомотор 0.003165 3.506558 0.011097
тыс 0.006329 0.0 0.0
убрать 0.003165 0.0 0.0
упасть 0.006329 0.0 0.0
устройство 0.003165 0.0 0.0
учёт 0.003165 3.506558 0.011097
файл 0.003165 0.0 0.0
флагманский 0.003165 0.0 0.0
фундаментальный 0.003165 0.0 0.0
хит 0.003165 0.0 0.0
чарт 0.006329 3.506558 0.022193
человек 0.003165 0.0 0.0
экспорт 0.006329 0.0 0.0
электрический 0.003165 2.813411 0.008903
эмбрион 0.003165 0.0 0.0
южный 0.003165 0.0 0.0
