авиалайнер 0.00339 0.0 0.0
австралия 0.00339 0.0 0.0
автоваз 0.00678 0.0 0.0
автомат 0.00339 0.0 0.0
автопроизводитель 0.00339 0.0 0.0
автор 0.010169 0.0 0.0
администрация 0.00339 0.0 0.0
адрес 0.00678 0.0 0.0
америка 0.00339 0.0 0.0
аналитик 0.00339 0.0 0.0
белок 0.00339 0.0 0.0
биологический 0.00678 0.0 0.0
ближний 0.00339 0.0 0.0
блог 0.00339 0.0 0.0
быстро 0.00678 0.0 0.0
быть 0.00339 0.0 0.0
ваш 0.00678 3.506558 0.023773
вдохновлять 0.00339 4.60517 0.015611
вес 0.00339 0.0 0.0
весь 0.00339 0.0 0.0
видеокарта 0.00339 0.0 0.0
внедорожник 0.00339 0.0 0.0
войти 0.00678 0.0 0.0
восток 0.00339 0.0 0.0
время 0.00678 1.427116 0.009675
вскоре 0.00678 3.912023 0.026522
входить 0.00339 0.0 0.0
выделить 0.00339 0.0 0.0
выходить 0.00339 0.0 0.0
главный 0.00339 0.0 0.0
говориться 0.00339 4.60517 0.015611
год 0.010169 0.0 0.0
данные 0.00678 0.0 0.0
двигатель 0.010169 0.0 0.0
дизайн 0.00678 0.0 0.0
директор 0.00678 0.0 0.0
доллар 0.00339 0.0 0.0
дом 0.00678 0.0 0.0
дополнительный 0.00339 3.506558 0.011887
доставить 0.00339 0.0 0.0
достигать 0.00339 0.0 0.0
достижение 0.00339 2.65926 0.009014
завершить 0.00339 0.0 0.0
задержка 0.00339 3.506558 0.011887
защита 0.00339 0.0 0.0
заявление 0.00339 3.218876 0.010911
земля 0.00678 0.0 0.0
зонд 0.010169 0.0 0.0
игра 0.00339 0.0 0.0
игрок 0.00339 3.506558 0.011887
извиниться 0.00339 4.60517 0.015611
инновационный 0.00678 0.0 0.0
интерес 0.00678 2.407946 0.016325
информация 0.00339 0.0 0.0
исключение 0.00339 4.60517 0.015611
искренне 0.00678 4.60517 0.031221
использование 0.00339 0.0 0.0
исследование 0.00339 0.0 0.0
источник 0.00678 0.0 0.0
календарь 0.00678 0.0 0.0
категория 0.00339 0.0 0.0
качество 0.00339 2.525729 0.008562
кг 0.00678 0.0 0.0
километр 0.00339 0.0 0.0
классический 0.00339 0.0 0.0
клон 0.00678 0.0 0.0
команда 0.00339 2.040221 0.006916
комментирование 0.00339 0.0 0.0
компания 0.00678 0.820981 0.005566
комфортный 0.00678 0.0 0.0
конференция 0.00678 0.0 0.0
корея 0.00339 0.0 0.0
коробка 0.00339 2.65926 0.009014
корпус 0.00678 0.0 0.0
космос 0.010169 0.0 0.0
кроссовер 0.00678 0.0 0.0
кубический 0.00339 0.0 0.0
кук 0.00339 0.0 0.0
летать 0.00678 0.0 0.0
лист 0.00339 0.0 0.0
май 0.010169 0.0 0.0
марк 0.00339 0.0 0.0
материал 0.00339 0.0 0.0
машина 0.00339 0.0 0.0
межпланетный 0.00678 0.0 0.0
менять 0.00339 0.0 0.0
местный 0.00339 3.506558 0.011887
миллион 0.00339 0.0 0.0
мир 0.00339 0.0 0.0
млн 0.00678 1.108663 0.007516
мобильный 0.00339 0.0 0.0
момент 0.00678 0.0 0.0
монитор 0.00339 0.0 0.0
мотобренд 0.00339 0.0 0.0
мотоцикл 0.00339 0.0 0.0
мочь 0.00339 0.0 0.0
мощь 0.00678 1.89712 0.012862
нажать 0.00339 0.0 0.0
название 0.00339 0.0 0.0
назвать 0.00339 0.0 0.0
наслать 0.00339 0.0 0.0
наш 0.010169 0.0 0.0
невероятно 0.00678 4.60517 0.031221
необходимо 0.00678 2.407946 0.016325
новость 0.00339 0.0 0.0
новый 0.013559 0.0 0.0
ноутбук 0.00339 0.0 0.0
нужный 0.00339 0.0 0.0
обзор 0.00339 0.0 0.0
обработка 0.00339 0.0 0.0
образец 0.00339 0.0 0.0
объявить 0.00678 0.0 0.0
одноклассник 0.00678 0.0 0.0
ожидать 0.00339 4.60517 0.015611
орбита 0.00339 0.0 0.0
отдать 0.00339 0.0 0.0
отечественный 0.00339 0.0 0.0
отказ 0.00339 0.0 0.0
отказаться 0.00339 0.0 0.0
отключить 0.00339 0.0 0.0
отложить 0.00339 3.506558 0.011887
отметить 0.00339 3.912023 0.013261
очень 0.00678 0.0 0.0
ошибка 0.00339 0.0 0.0
передача 0.00339 2.120264 0.007187
передний 0.00339 0.0 0.0
перенести 0.00339 4.60517 0.015611
период 0.00678 0.0 0.0
периферия 0.00678 0.0 0.0
персональный 0.00678 0.0 0.0
пиар 0.00678 0.0 0.0
планшет 0.00339 0.0 0.0
платформа 0.00678 0.0 0.0
поблагодарить 0.00339 4.60517 0.015611
подвести 0.00339 0.0 0.0
поддержка 0.00678 3.912023 0.026522
поделиться 0.00678 4.60517 0.031221
поднять 0.00339 0.0 0.0
подождать 0.010169 3.506558 0.03566
подробность 0.00339 4.60517 0.015611
подробный 0.00339 0.0 0.0
подчёркивать 0.00339 2.995732 0.010155
поздний 0.00339 4.60517 0.015611
поиск 0.00678 0.0 0.0
пока 0.00678 0.0 0.0
полезный 0.00339 0.0 0.0
политика 0.010169 0.0 0.0
полноприводный 0.00339 0.0 0.0
полёт 0.00339 0.0 0.0
пообещать 0.00339 4.60517 0.015611
попробовать 0.00678 0.0 0.0
популярный 0.00678 0.0 0.0
посещать 0.00678 0.0 0.0
прайс 0.00678 0.0 0.0
превзойти 0.00678 3.912023 0.026522
представить 0.00339 0.0 0.0
предыдущий 0.00339 4.60517 0.015611
прибавка 0.00678 0.0 0.0
привод 0.00339 0.0 0.0
принтер 0.00339 0.0 0.0
пробизнес 0.00678 0.0 0.0
проведение 0.00339 0.0 0.0
программа 0.00339 0.0 0.0
продавать 0.00678 0.0 0.0
продажа 0.00339 0.0 0.0
продолжать 0.00339 0.0 0.0
проект 0.010169 0.0 0.0
проектор 0.00339 0.0 0.0
пролить 0.00678 0.0 0.0
просить 0.00339 2.65926 0.009014
процесс 0.00339 0.0 0.0
работа 0.00339 0.0 0.0
разработчик 0.00339 2.407946 0.008163
раскрыть 0.00339 2.995732 0.010155
рассчитывать 0.00339 3.506558 0.011887
реальный 0.00339 0.0 0.0
результат 0.00339 0.0 0.0
реклама 0.00678 0.0 0.0
релиз 0.00678 3.218876 0.021823
решать 0.00339 0.0 0.0
россия 0.00339 0.0 0.0
россиянин 0.00339 0.0 0.0
рубль 0.00339 0.0 0.0
рынок 0.00678 0.0 0.0
сайт 0.00678 0.0 0.0
самолёт 0.00339 0.0 0.0
самый 0.00678 0.0 0.0
сантиметр 0.00339 0.0 0.0
сбор 0.00339 0.0 0.0
сверхтонкий 0.00339 3.506558 0.011887
свет 0.00678 0.0 0.0
связь 0.010169 0.0 0.0
сегодня 0.00678 0.0 0.0
сервер 0.00339 0.0 0.0
сервис 0.00339 0.0 0.0
сертификация 0.00339 0.0 0.0
сеть 0.00339 0.0 0.0
скоро 0.00678 0.0 0.0
снова 0.00678 0.0 0.0
советский 0.00678 0.0 0.0
соглашаться 0.00339 0.0 0.0
сожалеть 0.00339 4.60517 0.015611
состояться 0.00339 3.912023 0.013261
спасти 0.00678 0.0 0.0
среда 0.00678 0.0 0.0
ссылка 0.00339 0.0 0.0
стартовать 0.00339 0.0 0.0
статистика 0.00678 0.0 0.0
стать 0.00678 0.0 0.0
статья 0.00339 0.0 0.0
стекло 0.00678 3.506558 0.023773
стоимость 0.00678 0.0 0.0
стремиться 0.00339 4.60517 0.015611
тайконавт 0.00339 0.0 0.0
тег 0.00339 0.0 0.0
текст 0.00678 0.0 0.0
терпение 0.00678 3.912023 0.026522
технический 0.00678 0.0 0.0
топ 0.00678 0.0 0.0
тыс 0.00678 0.0 0.0
убрать 0.00339 0.0 0.0
упасть 0.00678 0.0 0.0
уровень 0.00339 2.65926 0.009014
устройство 0.00339 0.0 0.0
файл 0.00339 0.0 0.0
фанат 0.00339 4.60517 0.015611
флагманский 0.00339 0.0 0.0
фундаментальный 0.00339 0.0 0.0
хит 0.00339 0.0 0.0
цена 0.00678 1.714798 0.011626
человек 0.00339 0.0 0.0
экспорт 0.00678 0.0 0.0
эмбрион 0.00339 0.0 0.0
южный 0.00339 0.0 0.0
