авиалайнер 0.003058 0.0 0.0
австралия 0.003058 0.0 0.0
автоваз 0.006116 0.0 0.0
автомат 0.003058 0.0 0.0
автопроизводитель 0.003058 0.0 0.0
автор 0.009174 0.0 0.0
администрация 0.003058 0.0 0.0
адрес 0.006116 0.0 0.0
америка 0.003058 0.0 0.0
аналитик 0.003058 0.0 0.0
белок 0.003058 0.0 0.0
биологический 0.006116 0.0 0.0
ближний 0.003058 0.0 0.0
блог 0.003058 0.0 0.0
быстро 0.006116 0.0 0.0
быстрый 0.003058 2.407946 0.007364
быть 0.003058 0.0 0.0
вес 0.003058 0.0 0.0
весь 0.003058 0.0 0.0
видеокарта 0.003058 0.0 0.0
видеть 0.006116 4.60517 0.028166
внедорожник 0.003058 0.0 0.0
войти 0.006116 0.0 0.0
восток 0.003058 0.0 0.0
входить 0.003058 0.0 0.0
выделить 0.003058 0.0 0.0
высокий 0.003058 2.995732 0.009161
выходить 0.003058 0.0 0.0
гарантия 0.003058 3.912023 0.011963
главный 0.003058 0.0 0.0
говорить 0.003058 3.912023 0.011963
год 0.003058 0.0 0.0
готовый 0.003058 2.525729 0.007724
данные 0.006116 0.0 0.0
двигатель 0.009174 0.0 0.0
дизайн 0.006116 0.0 0.0
директор 0.006116 0.0 0.0
добавить 0.003058 2.65926 0.008132
добрый 0.006116 3.506558 0.021447
доллар 0.003058 0.0 0.0
дом 0.006116 0.0 0.0
доставить 0.003058 0.0 0.0
достигать 0.003058 0.0 0.0
ещё 0.006116 1.89712 0.011603
завершить 0.003058 0.0 0.0
защита 0.003058 0.0 0.0
земля 0.006116 0.0 0.0
зонд 0.009174 0.0 0.0
зрение 0.006116 3.506558 0.021447
игра 0.012232 0.0 0.0
игровой 0.003058 4.60517 0.014083
известный 0.006116 3.218876 0.019687
изначально 0.006116 3.218876 0.019687
инициатива 0.006116 4.60517 0.028166
инновационный 0.006116 0.0 0.0
инсайдер 0.006116 3.218876 0.019687
информация 0.003058 0.0 0.0
использование 0.003058 0.0 0.0
испортить 0.003058 3.506558 0.010723
исследование 0.003058 0.0 0.0
источник 0.006116 0.0 0.0
календарь 0.006116 0.0 0.0
касаться 0.003058 3.912023 0.011963
категория 0.003058 0.0 0.0
кг 0.006116 0.0 0.0
километр 0.003058 0.0 0.0
китай 0.003058 1.108663 0.00339
классический 0.003058 0.0 0.0
клон 0.006116 0.0 0.0
комментирование 0.003058 0.0 0.0
компания 0.006116 0.820981 0.005021
компонент 0.003058 2.407946 0.007364
комфортный 0.006116 0.0 0.0
конец 0.003058 2.207275 0.00675
конференция 0.006116 0.0 0.0
корея 0.003058 0.0 0.0
корпус 0.003058 0.0 0.0
космос 0.009174 0.0 0.0
который 0.003058 0.891598 0.002727
кроссовер 0.006116 0.0 0.0
кубический 0.003058 0.0 0.0
кук 0.003058 0.0 0.0
летать 0.006116 0.0 0.0
лист 0.003058 0.0 0.0
май 0.009174 0.0 0.0
марк 0.003058 0.0 0.0
массово 0.006116 2.407946 0.014727
материал 0.003058 0.0 0.0
машина 0.003058 0.0 0.0
межпланетный 0.006116 0.0 0.0
менять 0.003058 0.0 0.0
миллион 0.003058 0.0 0.0
мир 0.003058 0.0 0.0
мобильный 0.003058 0.0 0.0
момент 0.006116 0.0 0.0
монитор 0.009174 0.0 0.0
мотобренд 0.003058 0.0 0.0
мотоцикл 0.003058 0.0 0.0
мочь 0.003058 0.0 0.0
нажать 0.003058 0.0 0.0
название 0.003058 0.0 0.0
назвать 0.003058 0.0 0.0
называть 0.003058 3.912023 0.011963
наиболее 0.006116 3.218876 0.019687
напомнить 0.003058 3.506558 0.010723
наслать 0.003058 0.0 0.0
начало 0.003058 1.89712 0.005802
наш 0.006116 0.0 0.0
недавно 0.006116 2.813411 0.017207
новость 0.003058 0.0 0.0
новый 0.009174 0.0 0.0
ноутбук 0.003058 0.0 0.0
нужный 0.003058 0.0 0.0
обзор 0.003058 0.0 0.0
обработка 0.003058 0.0 0.0
образец 0.003058 0.0 0.0
объявить 0.003058 0.0 0.0
обычный 0.006116 3.912023 0.023927
одноклассник 0.006116 0.0 0.0
оказываться 0.003058 4.60517 0.014083
орбита 0.003058 0.0 0.0
отдать 0.003058 0.0 0.0
отечественный 0.003058 0.0 0.0
отказ 0.003058 0.0 0.0
отказаться 0.003058 0.0 0.0
отключить 0.003058 0.0 0.0
очень 0.006116 0.0 0.0
ошибка 0.003058 0.0 0.0
память 0.003058 2.995732 0.009161
партнёр 0.003058 2.302585 0.007042
передний 0.003058 0.0 0.0
перенос 0.006116 4.60517 0.028166
период 0.006116 0.0 0.0
периферия 0.006116 0.0 0.0
персональный 0.006116 0.0 0.0
пиар 0.006116 0.0 0.0
планшет 0.003058 0.0 0.0
платформа 0.006116 0.0 0.0
повысить 0.006116 2.995732 0.018323
повышение 0.003058 3.506558 0.010723
подвести 0.003058 0.0 0.0
поднять 0.003058 0.0 0.0
подразумевать 0.003058 4.60517 0.014083
подробный 0.003058 0.0 0.0
поиск 0.006116 0.0 0.0
пока 0.006116 0.0 0.0
показывать 0.006116 3.218876 0.019687
полезный 0.003058 0.0 0.0
политика 0.009174 0.0 0.0
полноприводный 0.003058 0.0 0.0
полёт 0.003058 0.0 0.0
попробовать 0.006116 0.0 0.0
популярный 0.006116 0.0 0.0
посещать 0.006116 0.0 0.0
прайс 0.006116 0.0 0.0
предлагать 0.003058 2.120264 0.006484
представить 0.006116 0.0 0.0
прибавка 0.006116 0.0 0.0
привод 0.003058 0.0 0.0
придумать 0.003058 3.506558 0.010723
призвать 0.003058 4.60517 0.014083
принтер 0.003058 0.0 0.0
пробизнес 0.006116 0.0 0.0
проведение 0.003058 0.0 0.0
проводиться 0.003058 3.506558 0.010723
программа 0.003058 0.0 0.0
продавать 0.006116 0.0 0.0
продажа 0.003058 0.0 0.0
продолжать 0.003058 0.0 0.0
проект 0.006116 0.0 0.0
проектор 0.003058 0.0 0.0
производительность 0.006116 3.506558 0.021447
пройти 0.006116 3.506558 0.021447
пролить 0.006116 0.0 0.0
простой 0.006116 3.912023 0.023927
профиль 0.003058 4.60517 0.014083
процесс 0.003058 0.0 0.0
процессор 0.009174 2.207275 0.02025
работа 0.003058 0.0 0.0
работать 0.003058 1.966113 0.006013
разгон 0.009174 2.525729 0.023172
разница 0.006116 3.912023 0.023927
разогнать 0.003058 4.60517 0.014083
рамка 0.003058 2.302585 0.007042
реальный 0.003058 0.0 0.0
результат 0.009174 0.0 0.0
реклама 0.006116 0.0 0.0
решать 0.003058 0.0 0.0
решить 0.003058 2.995732 0.009161
россия 0.003058 0.0 0.0
россиянин 0.003058 0.0 0.0
рубль 0.003058 0.0 0.0
рынок 0.006116 0.0 0.0
сайт 0.006116 0.0 0.0
самолёт 0.003058 0.0 0.0
самый 0.009174 0.0 0.0
сантиметр 0.003058 0.0 0.0
сбор 0.003058 0.0 0.0
свет 0.006116 0.0 0.0
связь 0.009174 0.0 0.0
сегодня 0.006116 0.0 0.0
сервер 0.003058 0.0 0.0
сервис 0.003058 0.0 0.0
сертификация 0.003058 0.0 0.0
сеть 0.003058 0.0 0.0
скоро 0.006116 0.0 0.0
случай 0.003058 2.302585 0.007042
снова 0.006116 0.0 0.0
советский 0.006116 0.0 0.0
соглашаться 0.003058 0.0 0.0
сообщать 0.003058 2.407946 0.007364
сохранять 0.003058 3.218876 0.009844
спасти 0.006116 0.0 0.0
сравнение 0.003058 3.218876 0.009844
сравнить 0.006116 4.60517 0.028166
среда 0.006116 0.0 0.0
ссылка 0.003058 0.0 0.0
стартовать 0.003058 0.0 0.0
старый 0.006116 3.506558 0.021447
статистика 0.006116 0.0 0.0
стать 0.003058 0.0 0.0
статья 0.003058 0.0 0.0
стоимость 0.006116 0.0 0.0
тайконавт 0.003058 0.0 0.0
тег 0.003058 0.0 0.0
текст 0.006116 0.0 0.0
тест 0.003058 1.171183 0.003582
тестировать 0.003058 2.407946 0.007364
технический 0.006116 0.0 0.0
топ 0.006116 0.0 0.0
тот 0.003058 1.021651 0.003124
точно 0.006116 1.108663 0.006781
три 0.003058 0.693147 0.00212
тыс 0.006116 0.0 0.0
убрать 0.003058 0.0 0.0
улучшение 0.003058 3.218876 0.009844
упасть 0.006116 0.0 0.0
устройство 0.003058 0.0 0.0
файл 0.003058 0.0 0.0
флагманский 0.003058 0.0 0.0
фундаментальный 0.003058 0.0 0.0
функция 0.006116 2.995732 0.018323
хит 0.003058 0.0 0.0
хороший 0.006116 4.60517 0.028166
частота 0.006116 2.302585 0.014083
человек 0.003058 0.0 0.0
число 0.003058 2.407946 0.007364
шина 0.003058 1.560648 0.004773
эксперимент 0.003058 1.832581 0.005604
экспорт 0.006116 0.0 0.0
эмбрион 0.003058 0.0 0.0
энтузиаст 0.006116 3.912023 0.023927
этот 0.003058 1.07881 0.003299
эффективность 0.006116 2.120264 0.012968
эффективный 0.003058 3.506558 0.010723
южный 0.003058 0.0 0.0
