абсолютно 0.005102 2.407946 0.012285
авиалайнер 0.002551 0.0 0.0
австралия 0.002551 0.0 0.0
автоваз 0.005102 0.0 0.0
автомат 0.002551 0.0 0.0
автоматически 0.005102 2.995732 0.015284
автомобиль 0.002551 1.560648 0.003981
автономный 0.002551 2.813411 0.007177
автопроизводитель 0.002551 0.0 0.0
автор 0.007653 0.0 0.0
агент 0.002551 2.65926 0.006784
администрация 0.002551 0.0 0.0
адрес 0.005102 0.0 0.0
америка 0.002551 0.0 0.0
анализатор 0.005102 3.912023 0.019959
анализировать 0.002551 3.912023 0.00998
аналитик 0.002551 0.0 0.0
анонсировать 0.002551 2.813411 0.007177
архитектура 0.005102 3.218876 0.016423
атака 0.005102 2.995732 0.015284
баг 0.002551 2.813411 0.007177
база 0.002551 2.813411 0.007177
безопасность 0.002551 1.714798 0.004374
белок 0.002551 0.0 0.0
биологический 0.005102 0.0 0.0
ближний 0.002551 0.0 0.0
блог 0.002551 0.0 0.0
блокировать 0.005102 3.506558 0.017891
борьба 0.005102 4.60517 0.023496
бот 0.002551 0.0 0.0
быстро 0.005102 0.0 0.0
быть 0.002551 0.0 0.0
вес 0.002551 0.0 0.0
весь 0.002551 0.0 0.0
взлом 0.002551 3.218876 0.008211
видеокарта 0.002551 0.0 0.0
включать 0.002551 2.525729 0.006443
внедорожник 0.002551 0.0 0.0
внимание 0.005102 2.65926 0.013568
возможность 0.005102 1.966113 0.010031
войти 0.005102 0.0 0.0
восток 0.002551 0.0 0.0
вредоносный 0.005102 3.218876 0.016423
время 0.002551 1.139434 0.002907
входить 0.002551 0.0 0.0
входной 0.002551 3.912023 0.00998
выделить 0.002551 0.0 0.0
выходить 0.002551 0.0 0.0
выявлять 0.002551 4.60517 0.011748
генеративный 0.005102 3.218876 0.016423
генерация 0.002551 3.506558 0.008945
главный 0.002551 0.0 0.0
год 0.002551 0.0 0.0
давать 0.002551 0.0 0.0
данные 0.005102 0.0 0.0
двигатель 0.007653 0.0 0.0
действие 0.002551 2.207275 0.005631
день 0.005102 2.207275 0.011262
джейлбрейк 0.002551 4.60517 0.011748
дизайн 0.005102 0.0 0.0
директор 0.005102 0.0 0.0
доллар 0.002551 0.0 0.0
дом 0.005102 0.0 0.0
доставить 0.002551 0.0 0.0
достигать 0.002551 0.0 0.0
доступ 0.005102 1.347074 0.006873
завершить 0.002551 0.0 0.0
запас 0.002551 2.120264 0.005409
запретить 0.002551 3.506558 0.008945
запрос 0.002551 2.813411 0.007177
запустить 0.002551 2.525729 0.006443
защита 0.005102 0.0 0.0
защитить 0.005102 3.506558 0.017891
земля 0.005102 0.0 0.0
злоумышленник 0.002551 3.912023 0.00998
зонд 0.007653 0.0 0.0
игра 0.002551 0.0 0.0
иллюстрация 0.005102 2.120264 0.010818
инновационный 0.005102 0.0 0.0
инструмент 0.005102 1.89712 0.009679
информация 0.002551 0.0 0.0
использование 0.002551 0.0 0.0
использовать 0.002551 2.040221 0.005205
исправлять 0.005102 4.60517 0.023496
исследование 0.002551 0.0 0.0
источник 0.005102 0.0 0.0
календарь 0.005102 0.0 0.0
категория 0.002551 0.0 0.0
кг 0.005102 0.0 0.0
кибербезопасность 0.005102 3.912023 0.019959
киберриск 0.002551 4.60517 0.011748
километр 0.002551 0.0 0.0
классический 0.002551 0.0 0.0
клон 0.005102 0.0 0.0
км 0.005102 1.309333 0.00668
код 0.005102 2.207275 0.011262
комбинировать 0.005102 3.912023 0.019959
комментирование 0.002551 0.0 0.0
компания 0.005102 0.820981 0.004189
компонент 0.005102 2.407946 0.012285
комфортный 0.005102 0.0 0.0
контент 0.002551 3.506558 0.008945
конференция 0.005102 0.0 0.0
корея 0.002551 0.0 0.0
корпус 0.002551 0.0 0.0
косвенный 0.002551 4.60517 0.011748
космос 0.007653 0.0 0.0
кроссовер 0.005102 0.0 0.0
кубический 0.002551 0.0 0.0
кук 0.002551 0.0 0.0
летать 0.005102 0.0 0.0
лист 0.002551 0.0 0.0
логика 0.002551 4.60517 0.011748
май 0.007653 0.0 0.0
марк 0.002551 0.0 0.0
материал 0.002551 0.0 0.0
машина 0.005102 0.0 0.0
межпланетный 0.005102 0.0 0.0
менять 0.002551 0.0 0.0
миллион 0.002551 0.0 0.0
мир 0.002551 0.0 0.0
многоуровневый 0.002551 4.60517 0.011748
мобильный 0.002551 0.0 0.0
модель 0.005102 0.820981 0.004189
модульный 0.002551 4.60517 0.011748
момент 0.005102 0.0 0.0
монитор 0.002551 0.0 0.0
мотобренд 0.002551 0.0 0.0
мотоцикл 0.002551 0.0 0.0
мочь 0.002551 0.0 0.0
мошенничество 0.002551 4.60517 0.011748
нажать 0.002551 0.0 0.0
название 0.002551 0.0 0.0
назвать 0.002551 0.0 0.0
наслать 0.002551 0.0 0.0
научиться 0.002551 3.506558 0.008945
наш 0.005102 0.0 0.0
новость 0.002551 0.0 0.0
новый 0.010204 0.0 0.0
ноутбук 0.002551 0.0 0.0
нужный 0.002551 0.0 0.0
обзор 0.002551 0.0 0.0
обнаружение 0.005102 3.912023 0.019959
обнаружить 0.002551 3.218876 0.008211
обновить 0.002551 3.506558 0.008945
обрабатывать 0.005102 4.60517 0.023496
обработка 0.002551 0.0 0.0
образец 0.002551 0.0 0.0
обход 0.002551 1.832581 0.004675
объявить 0.002551 0.0 0.0
ограничение 0.002551 2.525729 0.006443
одноклассник 0.005102 0.0 0.0
опубликовать 0.002551 3.506558 0.008945
орбита 0.002551 0.0 0.0
отдать 0.002551 0.0 0.0
отдельный 0.002551 3.506558 0.008945
отечественный 0.002551 0.0 0.0
отказ 0.002551 0.0 0.0
отказаться 0.002551 0.0 0.0
отключить 0.002551 0.0 0.0
отметить 0.002551 2.813411 0.007177
отслеживать 0.002551 3.912023 0.00998
оценка 0.002551 2.995732 0.007642
очень 0.005102 0.0 0.0
ошибка 0.002551 0.0 0.0
параллельно 0.005102 1.89712 0.009679
партнёр 0.002551 2.302585 0.005874
передавать 0.002551 3.218876 0.008211
передний 0.002551 0.0 0.0
перехват 0.005102 4.60517 0.023496
период 0.005102 0.0 0.0
периферия 0.005102 0.0 0.0
персональный 0.005102 0.0 0.0
пиар 0.005102 0.0 0.0
планшет 0.002551 0.0 0.0
платформа 0.005102 0.0 0.0
подвести 0.002551 0.0 0.0
поддержка 0.002551 3.218876 0.008211
поднять 0.002551 0.0 0.0
подробный 0.002551 0.0 0.0
позволять 0.005102 1.832581 0.00935
поиск 0.005102 0.0 0.0
пока 0.005102 0.0 0.0
полезный 0.002551 0.0 0.0
политика 0.007653 0.0 0.0
полноприводный 0.002551 0.0 0.0
пользовательский 0.002551 4.60517 0.011748
полёт 0.002551 0.0 0.0
помочь 0.002551 2.995732 0.007642
понять 0.005102 3.506558 0.017891
попробовать 0.005102 0.0 0.0
популярный 0.005102 0.0 0.0
попытка 0.002551 3.218876 0.008211
посещать 0.005102 0.0 0.0
последний 0.005102 3.218876 0.016423
пояснить 0.002551 4.60517 0.011748
прайс 0.005102 0.0 0.0
предоставлять 0.002551 3.506558 0.008945
предотвращать 0.002551 4.60517 0.011748
представить 0.005102 0.0 0.0
представлять 0.002551 2.813411 0.007177
прибавка 0.005102 0.0 0.0
привлечь 0.002551 4.60517 0.011748
привод 0.002551 0.0 0.0
признать 0.002551 3.506558 0.008945
принтер 0.002551 0.0 0.0
пробизнес 0.005102 0.0 0.0
проведение 0.002551 0.0 0.0
программа 0.005102 0.0 0.0
продавать 0.005102 0.0 0.0
продажа 0.002551 0.0 0.0
продать 0.002551 2.995732 0.007642
продолжать 0.002551 0.0 0.0
проект 0.005102 0.0 0.0
проектор 0.002551 0.0 0.0
пролить 0.005102 0.0 0.0
промптов 0.005102 3.912023 0.019959
процесс 0.002551 0.0 0.0
прямой 0.002551 3.912023 0.00998
работа 0.002551 0.0 0.0
разработчик 0.005102 2.407946 0.012285
ранний 0.005102 4.60517 0.023496
реальный 0.005102 0.0 0.0
результат 0.002551 0.0 0.0
реклама 0.005102 0.0 0.0
рекорд 0.005102 2.120264 0.010818
репозиторий 0.002551 4.60517 0.011748
решать 0.002551 0.0 0.0
решение 0.007653 1.966113 0.015047
россия 0.002551 0.0 0.0
россиянин 0.002551 0.0 0.0
рубль 0.002551 0.0 0.0
рынок 0.005102 0.0 0.0
сайт 0.005102 0.0 0.0
самолёт 0.002551 0.0 0.0
самый 0.005102 0.0 0.0
сантиметр 0.002551 0.0 0.0
сбор 0.002551 0.0 0.0
свет 0.005102 0.0 0.0
связь 0.007653 0.0 0.0
себя 0.002551 2.995732 0.007642
сегодня 0.005102 0.0 0.0
сервер 0.002551 0.0 0.0
сервис 0.002551 0.0 0.0
сертификация 0.002551 0.0 0.0
сеть 0.002551 0.0 0.0
система 0.007653 0.941609 0.007206
скоро 0.005102 0.0 0.0
скрипт 0.002551 4.60517 0.011748
слой 0.002551 3.506558 0.008945
снова 0.005102 0.0 0.0
собственный 0.002551 3.218876 0.008211
советский 0.005102 0.0 0.0
современный 0.002551 3.506558 0.008945
соглашаться 0.002551 0.0 0.0
создавать 0.005102 3.218876 0.016423
сообщество 0.002551 3.218876 0.008211
сочетать 0.002551 2.995732 0.007642
спасти 0.005102 0.0 0.0
среда 0.007653 0.0 0.0
ссылка 0.002551 0.0 0.0
стандартизировать 0.002551 4.60517 0.011748
стартовать 0.002551 0.0 0.0
статистика 0.005102 0.0 0.0
статический 0.005102 3.912023 0.019959
стать 0.002551 0.0 0.0
статья 0.002551 0.0 0.0
стоимость 0.005102 0.0 0.0
сторонний 0.002551 3.218876 0.008211
сценарий 0.002551 3.506558 0.008945
тайконавт 0.002551 0.0 0.0
тег 0.002551 0.0 0.0
текст 0.005102 0.0 0.0
тестирование 0.005102 2.995732 0.015284
технический 0.005102 0.0 0.0
технология 0.005102 2.302585 0.011748
топ 0.005102 0.0 0.0
третий 0.005102 4.60517 0.023496
трёхкомпонентный 0.002551 4.60517 0.011748
тыс 0.005102 0.0 0.0
убрать 0.002551 0.0 0.0
упасть 0.005102 0.0 0.0
уровень 0.002551 2.65926 0.006784
установить 0.002551 2.525729 0.006443
устранение 0.002551 4.60517 0.011748
устройство 0.002551 0.0 0.0
уязвимость 0.002551 3.912023 0.00998
файл 0.002551 0.0 0.0
финальный 0.002551 2.995732 0.007642
флагманский 0.002551 0.0 0.0
фокус 0.002551 2.525729 0.006443
фреймворк 0.007653 3.218876 0.024634
фундаментальный 0.002551 0.0 0.0
хит 0.002551 0.0 0.0
ход 0.002551 0.0 0.0
цель 0.002551 2.302585 0.005874
чат 0.005102 1.049822 0.005356
человек 0.002551 0.0 0.0
чинить 0.005102 3.218876 0.016423
экспорт 0.005102 0.0 0.0
элемент 0.005102 2.813411 0.014354
эмбрион 0.002551 0.0 0.0
этап 0.002551 2.207275 0.005631
эффективность 0.005102 2.120264 0.010818
южный 0.002551 0.0 0.0
ядро 0.005102 3.218876 0.016423
