авария 0.002092 2.525729 0.005284
авиалайнер 0.002092 0.0 0.0
австралия 0.002092 0.0 0.0
автоваз 0.004184 0.0 0.0
автомат 0.002092 0.0 0.0
автопроизводитель 0.002092 0.0 0.0
автор 0.006276 0.0 0.0
администрация 0.002092 0.0 0.0
адрес 0.004184 0.0 0.0
америка 0.002092 0.0 0.0
анализ 0.004184 1.966113 0.008226
аналитик 0.002092 0.0 0.0
аппарат 0.006276 1.660731 0.010423
архив 0.004184 4.60517 0.019268
астроном 0.002092 3.506558 0.007336
астрономия 0.004184 3.506558 0.014672
астрохимия 0.004184 4.60517 0.019268
белок 0.002092 0.0 0.0
беспрецедентный 0.002092 3.912023 0.008184
биологический 0.004184 0.0 0.0
ближний 0.002092 0.0 0.0
блог 0.002092 0.0 0.0
бок 0.004184 2.407946 0.010075
большой 0.004184 2.813411 0.011772
быстро 0.004184 0.0 0.0
быть 0.002092 0.0 0.0
ввс 0.004184 3.218876 0.013468
вес 0.002092 0.0 0.0
весь 0.002092 0.0 0.0
вещество 0.002092 3.912023 0.008184
взрыв 0.006276 2.995732 0.018802
видеокарта 0.002092 0.0 0.0
влияние 0.004184 3.506558 0.014672
внедорожник 0.002092 0.0 0.0
вода 0.006276 0.0 0.0
войти 0.004184 0.0 0.0
волна 0.004184 2.995732 0.012534
восток 0.002092 0.0 0.0
входить 0.002092 0.0 0.0
выделить 0.002092 0.0 0.0
выходить 0.002092 0.0 0.0
галактика 0.002092 2.813411 0.005886
главный 0.006276 0.0 0.0
год 0.006276 0.0 0.0
готовиться 0.002092 3.218876 0.006734
данные 0.004184 0.0 0.0
дать 0.002092 1.609438 0.003367
двигатель 0.01046 0.0 0.0
двигаться 0.002092 4.60517 0.009634
движение 0.002092 2.525729 0.005284
двумерный 0.002092 4.60517 0.009634
делать 0.004184 3.506558 0.014672
день 0.004184 2.207275 0.009235
детальный 0.002092 3.912023 0.008184
детектор 0.004184 3.506558 0.014672
дженять 0.002092 4.60517 0.009634
джим 0.004184 4.60517 0.019268
диапазон 0.002092 2.813411 0.005886
дизайн 0.004184 0.0 0.0
директор 0.004184 0.0 0.0
длина 0.004184 3.912023 0.016368
доллар 0.002092 0.0 0.0
доля 0.002092 3.506558 0.007336
дом 0.004184 0.0 0.0
дополнить 0.002092 2.525729 0.005284
доставить 0.002092 0.0 0.0
достигать 0.002092 0.0 0.0
ежедневно 0.004184 4.60517 0.019268
жизнь 0.002092 3.506558 0.007336
завершить 0.004184 0.0 0.0
закономерность 0.002092 4.60517 0.009634
заморозить 0.002092 3.218876 0.006734
запланировать 0.002092 4.60517 0.009634
запуск 0.004184 1.272966 0.005326
запустить 0.002092 3.912023 0.008184
защита 0.002092 0.0 0.0
заявить 0.002092 2.207275 0.004618
земля 0.006276 0.0 0.0
зонд 0.006276 0.0 0.0
игра 0.002092 0.0 0.0
идеально 0.004184 3.218876 0.013468
изображение 0.01046 1.469676 0.015373
изучать 0.002092 4.60517 0.009634
инновационный 0.004184 0.0 0.0
институт 0.002092 2.65926 0.005563
инструмент 0.004184 1.89712 0.007938
инфляция 0.002092 4.60517 0.009634
информация 0.002092 0.0 0.0
инфракрасный 0.002092 4.60517 0.009634
использование 0.002092 0.0 0.0
использовать 0.002092 2.120264 0.004436
исследование 0.002092 0.0 0.0
исследователь 0.004184 2.65926 0.011127
источник 0.004184 0.0 0.0
каждый 0.008368 2.407946 0.02015
календарь 0.004184 0.0 0.0
калибровка 0.002092 4.60517 0.009634
калтех 0.002092 4.60517 0.009634
канал 0.002092 3.218876 0.006734
карта 0.004184 0.0 0.0
картина 0.002092 4.60517 0.009634
категория 0.002092 0.0 0.0
кг 0.004184 0.0 0.0
километр 0.002092 0.0 0.0
классический 0.002092 0.0 0.0
клон 0.004184 0.0 0.0
ключ 0.002092 0.0 0.0
ключевой 0.002092 2.207275 0.004618
комбинировать 0.002092 3.506558 0.007336
комментирование 0.002092 0.0 0.0
комфортный 0.004184 0.0 0.0
конференция 0.004184 0.0 0.0
корея 0.004184 0.0 0.0
корпус 0.002092 0.0 0.0
космический 0.01046 1.514128 0.015838
космос 0.008368 0.0 0.0
который 0.002092 0.891598 0.001865
кроссовер 0.004184 0.0 0.0
крупномасштабный 0.002092 4.60517 0.009634
кубический 0.002092 0.0 0.0
кук 0.002092 0.0 0.0
летать 0.004184 0.0 0.0
лист 0.002092 0.0 0.0
лётный 0.002092 3.506558 0.007336
май 0.006276 0.0 0.0
марк 0.002092 0.0 0.0
март 0.002092 1.714798 0.003587
материал 0.002092 0.0 0.0
маховик 0.002092 4.60517 0.009634
машина 0.002092 0.0 0.0
межзвёздный 0.002092 4.60517 0.009634
межпланетный 0.004184 0.0 0.0
менять 0.002092 0.0 0.0
мера 0.002092 1.771957 0.003707
месяц 0.002092 1.832581 0.003834
метод 0.004184 1.714798 0.007175
микрон 0.002092 3.912023 0.008184
миллион 0.002092 0.0 0.0
мир 0.002092 0.0 0.0
миссия 0.006276 1.386294 0.008701
млечный 0.002092 2.995732 0.006267
млн 0.004184 1.108663 0.004639
мобильный 0.002092 0.0 0.0
момент 0.004184 0.0 0.0
монитор 0.002092 0.0 0.0
мотобренд 0.002092 0.0 0.0
мотоцикл 0.002092 0.0 0.0
мочь 0.002092 0.0 0.0
нажать 0.002092 0.0 0.0
название 0.002092 0.0 0.0
назвать 0.002092 0.0 0.0
найти 0.002092 3.506558 0.007336
направление 0.002092 3.506558 0.007336
наслать 0.002092 0.0 0.0
научный 0.002092 2.813411 0.005886
находка 0.002092 4.60517 0.009634
начало 0.002092 2.525729 0.005284
наш 0.004184 0.0 0.0
небо 0.006276 2.813411 0.017657
неожиданный 0.002092 3.912023 0.008184
новость 0.002092 0.0 0.0
новый 0.006276 0.0 0.0
ноутбук 0.002092 0.0 0.0
нужный 0.002092 0.0 0.0
обеспечиваться 0.002092 4.60517 0.009634
обеспечить 0.002092 2.813411 0.005886
обзор 0.004184 0.0 0.0
облако 0.002092 3.912023 0.008184
оборот 0.002092 4.60517 0.009634
обработка 0.006276 0.0 0.0
образец 0.002092 0.0 0.0
обсерватория 0.006276 3.506558 0.022008
общедоступный 0.002092 4.60517 0.009634
объединить 0.004184 3.912023 0.016368
объект 0.002092 2.207275 0.004618
объявить 0.002092 0.0 0.0
одноклассник 0.004184 0.0 0.0
операция 0.002092 2.65926 0.005563
определить 0.004184 3.912023 0.016368
орбита 0.004184 0.0 0.0
ориентация 0.002092 3.912023 0.008184
оставаться 0.002092 2.65926 0.005563
отдать 0.002092 0.0 0.0
отечественный 0.002092 0.0 0.0
отказ 0.002092 0.0 0.0
отказаться 0.002092 0.0 0.0
отключить 0.002092 0.0 0.0
открывать 0.002092 2.813411 0.005886
открытие 0.002092 2.407946 0.005038
отличие 0.004184 2.207275 0.009235
отпечататься 0.002092 4.60517 0.009634
охват 0.004184 2.995732 0.012534
очень 0.004184 0.0 0.0
ошибка 0.002092 0.0 0.0
передний 0.002092 0.0 0.0
период 0.004184 0.0 0.0
периферия 0.004184 0.0 0.0
персональный 0.004184 0.0 0.0
пиар 0.004184 0.0 0.0
планета 0.002092 2.120264 0.004436
планировать 0.002092 2.813411 0.005886
планшет 0.002092 0.0 0.0
платформа 0.004184 0.0 0.0
повышать 0.002092 3.506558 0.007336
подвести 0.002092 0.0 0.0
поднять 0.002092 0.0 0.0
подробный 0.002092 0.0 0.0
позволить 0.002092 4.60517 0.009634
поиск 0.004184 0.0 0.0
пока 0.004184 0.0 0.0
показать 0.002092 2.995732 0.006267
полгода 0.004184 3.218876 0.013468
полезный 0.002092 0.0 0.0
политика 0.006276 0.0 0.0
полномасштабный 0.002092 4.60517 0.009634
полноприводный 0.002092 0.0 0.0
полный 0.004184 2.813411 0.011772
положение 0.002092 3.912023 0.008184
полоса 0.002092 3.506558 0.007336
получить 0.006276 2.040221 0.012805
полюс 0.002092 3.218876 0.006734
полёт 0.004184 0.0 0.0
помочь 0.004184 2.302585 0.009634
понимание 0.002092 3.506558 0.007336
попасть 0.002092 3.912023 0.008184
попробовать 0.004184 0.0 0.0
популярный 0.004184 0.0 0.0
посещать 0.004184 0.0 0.0
последствие 0.002092 3.912023 0.008184
пояснить 0.002092 2.040221 0.004268
прайс 0.004184 0.0 0.0
превратить 0.002092 3.912023 0.008184
предполагаться 0.002092 3.912023 0.008184
представить 0.002092 0.0 0.0
предшественник 0.002092 4.60517 0.009634
прибавка 0.004184 0.0 0.0
привод 0.002092 0.0 0.0
принтер 0.002092 0.0 0.0
природа 0.002092 3.218876 0.006734
приступить 0.002092 3.218876 0.006734
проанализировать 0.004184 4.60517 0.019268
пробизнес 0.004184 0.0 0.0
провалить 0.002092 3.506558 0.007336
проведение 0.002092 0.0 0.0
проверка 0.002092 3.912023 0.008184
проводиться 0.004184 4.60517 0.019268
программа 0.002092 0.0 0.0
продавать 0.004184 0.0 0.0
продажа 0.002092 0.0 0.0
продолжать 0.002092 0.0 0.0
проект 0.006276 0.0 0.0
проектор 0.002092 0.0 0.0
происхождение 0.002092 4.60517 0.009634
пролить 0.004184 0.0 0.0
процесс 0.002092 0.0 0.0
путь 0.004184 2.120264 0.008871
работа 0.002092 0.0 0.0
работать 0.002092 1.89712 0.003969
разный 0.002092 3.218876 0.006734
раскрыть 0.004184 3.912023 0.016368
расположение 0.002092 4.60517 0.009634
расположить 0.002092 4.60517 0.009634
распределение 0.006276 3.506558 0.022008
расстояние 0.004184 3.218876 0.013468
рассчитывать 0.002092 3.506558 0.007336
расширение 0.002092 2.813411 0.005886
реактивный 0.002092 4.60517 0.009634
реальный 0.002092 0.0 0.0
регулярный 0.002092 4.60517 0.009634
результат 0.002092 0.0 0.0
реклама 0.004184 0.0 0.0
решать 0.002092 0.0 0.0
россия 0.002092 0.0 0.0
россиянин 0.002092 0.0 0.0
рубль 0.002092 0.0 0.0
руководитель 0.004184 2.813411 0.011772
рынок 0.004184 0.0 0.0
сайт 0.004184 0.0 0.0
самолёт 0.002092 0.0 0.0
самый 0.004184 0.0 0.0
сантиметр 0.002092 0.0 0.0
сбор 0.002092 0.0 0.0
свет 0.004184 0.0 0.0
связь 0.006276 0.0 0.0
север 0.002092 2.813411 0.005886
сегодня 0.004184 0.0 0.0
секунда 0.002092 2.120264 0.004436
сервер 0.002092 0.0 0.0
сервис 0.002092 0.0 0.0
сертификация 0.002092 0.0 0.0
сеть 0.002092 0.0 0.0
система 0.002092 1.469676 0.003075
скоро 0.004184 0.0 0.0
след 0.002092 0.0 0.0
слово 0.002092 2.302585 0.004817
смещаться 0.002092 4.60517 0.009634
смочь 0.002092 2.65926 0.005563
снимок 0.002092 3.506558 0.007336
снова 0.004184 0.0 0.0
совершать 0.002092 4.60517 0.009634
советский 0.004184 0.0 0.0
соглашаться 0.002092 0.0 0.0
создание 0.002092 1.89712 0.003969
создать 0.002092 2.040221 0.004268
солнце 0.002092 4.60517 0.009634
состав 0.006276 1.469676 0.009224
сотня 0.002092 3.506558 0.007336
спасти 0.004184 0.0 0.0
спектральный 0.002092 4.60517 0.009634
среда 0.004184 0.0 0.0
ссылка 0.002092 0.0 0.0
стартовать 0.002092 0.0 0.0
статистика 0.004184 0.0 0.0
статичный 0.002092 4.60517 0.009634
стать 0.004184 0.0 0.0
статья 0.002092 0.0 0.0
стоимость 0.004184 0.0 0.0
сутки 0.004184 3.912023 0.016368
тайвань 0.002092 3.912023 0.008184
тайконавт 0.002092 0.0 0.0
тайна 0.002092 3.912023 0.008184
такой 0.002092 1.714798 0.003587
тег 0.002092 0.0 0.0
текст 0.004184 0.0 0.0
телескоп 0.006276 2.813411 0.017657
технический 0.004184 0.0 0.0
течение 0.004184 2.813411 0.011772
топ 0.004184 0.0 0.0
точность 0.004184 1.832581 0.007668
требовать 0.002092 2.65926 0.005563
триллион 0.002092 3.912023 0.008184
трёхмерный 0.002092 4.60517 0.009634
тыс 0.004184 0.0 0.0
тысяча 0.002092 2.407946 0.005038
убрать 0.002092 0.0 0.0
угол 0.004184 3.912023 0.016368
уникальный 0.002092 3.912023 0.008184
упасть 0.004184 0.0 0.0
управление 0.004184 2.525729 0.010568
устройство 0.002092 0.0 0.0
участвовать 0.002092 3.912023 0.008184
участок 0.004184 4.60517 0.019268
учёный 0.002092 1.966113 0.004113
файл 0.002092 0.0 0.0
фиксировать 0.004184 3.912023 0.016368
флагманский 0.002092 0.0 0.0
формироваться 0.002092 4.60517 0.009634
фундаментальный 0.002092 0.0 0.0
химический 0.002092 4.60517 0.009634
хит 0.002092 0.0 0.0
частица 0.002092 3.218876 0.006734
человек 0.002092 0.0 0.0
четыре 0.004184 2.813411 0.011772
шесть 0.002092 2.995732 0.006267
эволюция 0.002092 3.912023 0.008184
экспозиция 0.002092 4.60517 0.009634
экспорт 0.004184 0.0 0.0
элемент 0.002092 2.813411 0.005886
эмбрион 0.002092 0.0 0.0
энергия 0.004184 2.040221 0.008536
этап 0.004184 2.207275 0.009235
этот 0.002092 1.660731 0.003474
юг 0.004184 4.60517 0.019268
южный 0.002092 0.0 0.0
