аварийность 0.002398 4.60517 0.011044
авария 0.004796 2.120264 0.010169
авиалайнер 0.002398 0.0 0.0
австралия 0.002398 0.0 0.0
автоваз 0.004796 0.0 0.0
автогигант 0.002398 3.912023 0.009381
автомат 0.002398 0.0 0.0
автоматический 0.002398 4.60517 0.011044
автомобиль 0.004796 1.272966 0.006105
автономный 0.004796 2.813411 0.013494
автопроизводитель 0.002398 0.0 0.0
автор 0.007194 0.0 0.0
администрация 0.002398 0.0 0.0
адрес 0.004796 0.0 0.0
америка 0.002398 0.0 0.0
аналитик 0.002398 0.0 0.0
анджелес 0.002398 4.60517 0.011044
атланта 0.002398 4.60517 0.011044
безопасность 0.007194 1.714798 0.012337
белок 0.002398 0.0 0.0
беспилотник 0.002398 3.506558 0.008409
беспилотный 0.002398 3.506558 0.008409
биологический 0.004796 0.0 0.0
ближний 0.002398 0.0 0.0
блог 0.002398 0.0 0.0
быстро 0.004796 0.0 0.0
быть 0.002398 0.0 0.0
важность 0.004796 3.912023 0.018763
вашингтон 0.002398 3.912023 0.009381
вес 0.002398 0.0 0.0
весь 0.002398 0.0 0.0
видеокарта 0.002398 0.0 0.0
включать 0.002398 4.60517 0.011044
владелец 0.002398 3.506558 0.008409
внедорожник 0.002398 0.0 0.0
внедрение 0.002398 2.525729 0.006057
водитель 0.004796 1.609438 0.007719
войти 0.004796 0.0 0.0
восток 0.002398 0.0 0.0
входить 0.002398 0.0 0.0
вывод 0.002398 2.65926 0.006377
выделить 0.002398 0.0 0.0
выходить 0.002398 0.0 0.0
гендиректор 0.004796 3.912023 0.018763
главный 0.002398 0.0 0.0
глобальный 0.002398 2.995732 0.007184
год 0.002398 0.0 0.0
данные 0.004796 0.0 0.0
двигатель 0.007194 0.0 0.0
движение 0.002398 2.525729 0.006057
дизайн 0.004796 0.0 0.0
директор 0.007194 0.0 0.0
доллар 0.002398 0.0 0.0
дом 0.004796 0.0 0.0
дорожный 0.004796 4.60517 0.022087
доставить 0.002398 0.0 0.0
достигать 0.002398 0.0 0.0
достижение 0.002398 2.65926 0.006377
доступность 0.004796 4.60517 0.022087
доступный 0.002398 3.912023 0.009381
завершить 0.002398 0.0 0.0
затронуть 0.002398 4.60517 0.011044
защита 0.002398 0.0 0.0
заявить 0.004796 2.207275 0.010586
заявление 0.002398 3.218876 0.007719
земля 0.004796 0.0 0.0
зонд 0.007194 0.0 0.0
игра 0.002398 0.0 0.0
идти 0.002398 2.995732 0.007184
импульс 0.002398 2.65926 0.006377
инновационный 0.004796 0.0 0.0
интеграция 0.002398 3.506558 0.008409
интегрировать 0.004796 2.813411 0.013494
интеллект 0.002398 1.966113 0.004715
информация 0.002398 0.0 0.0
инфраструктура 0.002398 3.912023 0.009381
искусственный 0.002398 2.407946 0.005774
исполнять 0.004796 3.506558 0.016818
использование 0.002398 0.0 0.0
использовать 0.002398 2.407946 0.005774
исследование 0.002398 0.0 0.0
источник 0.004796 0.0 0.0
календарь 0.004796 0.0 0.0
категория 0.002398 0.0 0.0
кг 0.004796 0.0 0.0
километр 0.002398 0.0 0.0
классика 0.002398 3.506558 0.008409
классический 0.002398 0.0 0.0
клон 0.004796 0.0 0.0
ключевой 0.002398 2.207275 0.005293
комбинировать 0.004796 3.912023 0.018763
комментирование 0.002398 0.0 0.0
компания 0.009592 0.693147 0.006649
комплекс 0.002398 2.65926 0.006377
комфортный 0.004796 0.0 0.0
контроль 0.004796 2.813411 0.013494
конференция 0.004796 0.0 0.0
корея 0.002398 0.0 0.0
корпус 0.002398 0.0 0.0
космос 0.007194 0.0 0.0
который 0.002398 0.776529 0.001862
кроссовер 0.004796 0.0 0.0
кубический 0.002398 0.0 0.0
кук 0.002398 0.0 0.0
летать 0.004796 0.0 0.0
лист 0.002398 0.0 0.0
май 0.007194 0.0 0.0
марк 0.002398 0.0 0.0
массовый 0.002398 4.60517 0.011044
материал 0.002398 0.0 0.0
машина 0.004796 0.0 0.0
межпланетный 0.004796 0.0 0.0
менять 0.002398 0.0 0.0
миллион 0.002398 0.0 0.0
мир 0.004796 0.0 0.0
миссия 0.004796 2.120264 0.010169
мобильный 0.002398 0.0 0.0
момент 0.004796 0.0 0.0
монитор 0.002398 0.0 0.0
мотобренд 0.002398 0.0 0.0
мотоцикл 0.002398 0.0 0.0
мочь 0.002398 0.0 0.0
надёжность 0.004796 2.813411 0.013494
надёжный 0.002398 4.60517 0.011044
нажать 0.002398 0.0 0.0
название 0.002398 0.0 0.0
назвать 0.002398 0.0 0.0
накадзима 0.004796 4.60517 0.022087
намерить 0.004796 3.912023 0.018763
направить 0.002398 4.60517 0.011044
направление 0.002398 3.506558 0.008409
наработка 0.002398 4.60517 0.011044
наслать 0.002398 0.0 0.0
научить 0.002398 2.995732 0.007184
начало 0.002398 2.407946 0.005774
наш 0.009592 0.0 0.0
недавно 0.004796 2.813411 0.013494
неделя 0.002398 3.912023 0.009381
новость 0.002398 0.0 0.0
новый 0.009592 0.0 0.0
ноутбук 0.002398 0.0 0.0
нужный 0.002398 0.0 0.0
нулевой 0.004796 3.912023 0.018763
обеспечение 0.002398 3.912023 0.009381
обзор 0.002398 0.0 0.0
область 0.002398 2.120264 0.005085
обработка 0.002398 0.0 0.0
образец 0.002398 0.0 0.0
обслуживать 0.002398 4.60517 0.011044
общество 0.002398 3.218876 0.007719
общий 0.002398 3.912023 0.009381
объединение 0.004796 4.60517 0.022087
объединять 0.002398 3.912023 0.009381
объявить 0.004796 0.0 0.0
один 0.002398 1.560648 0.003743
одноклассник 0.004796 0.0 0.0
опыт 0.004796 2.207275 0.010586
орбита 0.002398 0.0 0.0
основать 0.002398 4.60517 0.011044
остин 0.002398 3.912023 0.009381
отдать 0.002398 0.0 0.0
отечественный 0.002398 0.0 0.0
отказ 0.002398 0.0 0.0
отказаться 0.002398 0.0 0.0
отключить 0.002398 0.0 0.0
отметить 0.002398 2.65926 0.006377
отрасль 0.002398 2.65926 0.006377
очень 0.004796 0.0 0.0
очередь 0.004796 3.506558 0.016818
ошибка 0.002398 0.0 0.0
партнёр 0.002398 2.302585 0.005522
партнёрство 0.009592 3.218876 0.030877
передний 0.002398 0.0 0.0
период 0.004796 0.0 0.0
периферия 0.004796 0.0 0.0
персональный 0.004796 0.0 0.0
пиар 0.004796 0.0 0.0
планировать 0.002398 1.714798 0.004112
планшет 0.002398 0.0 0.0
платформа 0.007194 0.0 0.0
повысить 0.004796 2.995732 0.014368
подвести 0.002398 0.0 0.0
поднять 0.002398 0.0 0.0
подразделение 0.004796 4.60517 0.022087
подробный 0.002398 0.0 0.0
подход 0.004796 1.89712 0.009099
подчеркнуть 0.002398 2.995732 0.007184
поездка 0.002398 4.60517 0.011044
поиск 0.004796 0.0 0.0
пока 0.004796 0.0 0.0
поколение 0.002398 2.813411 0.006747
полезный 0.002398 0.0 0.0
политика 0.007194 0.0 0.0
полноприводный 0.002398 0.0 0.0
полоса 0.002398 3.506558 0.008409
получить 0.002398 2.040221 0.004893
полёт 0.002398 0.0 0.0
помощь 0.002398 2.120264 0.005085
попадать 0.002398 4.60517 0.011044
попробовать 0.004796 0.0 0.0
популярный 0.004796 0.0 0.0
посещать 0.004796 0.0 0.0
появление 0.004796 4.60517 0.022087
прайс 0.004796 0.0 0.0
представить 0.002398 0.0 0.0
премия 0.002398 4.60517 0.011044
прибавка 0.004796 0.0 0.0
приблизиться 0.004796 4.60517 0.022087
привод 0.002398 0.0 0.0
принтер 0.002398 0.0 0.0
присоединиться 0.002398 3.912023 0.009381
пробизнес 0.004796 0.0 0.0
проведение 0.002398 0.0 0.0
программа 0.002398 0.0 0.0
программный 0.002398 4.60517 0.011044
продавать 0.004796 0.0 0.0
продажа 0.002398 0.0 0.0
продвинуть 0.002398 4.60517 0.011044
продолжать 0.002398 0.0 0.0
продукт 0.002398 3.506558 0.008409
проект 0.007194 0.0 0.0
проектор 0.002398 0.0 0.0
производство 0.002398 2.207275 0.005293
пролить 0.004796 0.0 0.0
процесс 0.002398 0.0 0.0
работа 0.002398 0.0 0.0
развитие 0.007194 2.407946 0.017323
разделять 0.002398 4.60517 0.011044
разработка 0.002398 2.207275 0.005293
расширить 0.004796 3.506558 0.016818
реальный 0.002398 0.0 0.0
редкий 0.002398 2.65926 0.006377
результат 0.002398 0.0 0.0
реклама 0.004796 0.0 0.0
ресурс 0.002398 2.525729 0.006057
речь 0.004796 3.506558 0.016818
решать 0.002398 0.0 0.0
решение 0.002398 1.609438 0.00386
робототехника 0.002398 2.813411 0.006747
россия 0.002398 0.0 0.0
россиянин 0.002398 0.0 0.0
рубль 0.002398 0.0 0.0
руль 0.002398 4.60517 0.011044
рынок 0.004796 0.0 0.0
сайт 0.004796 0.0 0.0
самолёт 0.002398 0.0 0.0
самый 0.007194 0.0 0.0
сан 0.004796 0.0 0.0
сантиметр 0.002398 0.0 0.0
сбор 0.002398 0.0 0.0
свет 0.004796 0.0 0.0
свой 0.007194 1.771957 0.012748
связь 0.007194 0.0 0.0
сегодня 0.004796 0.0 0.0
сервер 0.002398 0.0 0.0
сервис 0.007194 0.0 0.0
сертификация 0.002398 0.0 0.0
сеть 0.002398 0.0 0.0
система 0.004796 0.653926 0.003136
скоро 0.004796 0.0 0.0
снова 0.004796 0.0 0.0
совет 0.002398 0.0 0.0
советский 0.004796 0.0 0.0
соглашаться 0.002398 0.0 0.0
создание 0.004796 2.525729 0.012114
сократить 0.004796 2.65926 0.012754
сотрудничество 0.007194 2.525729 0.018171
спасти 0.004796 0.0 0.0
специализироваться 0.002398 4.60517 0.011044
способный 0.002398 2.207275 0.005293
среда 0.004796 0.0 0.0
срок 0.002398 2.207275 0.005293
ссылка 0.002398 0.0 0.0
стартовать 0.002398 0.0 0.0
статистика 0.004796 0.0 0.0
стать 0.009592 0.0 0.0
статья 0.002398 0.0 0.0
стоимость 0.004796 0.0 0.0
сторона 0.002398 2.407946 0.005774
стратегический 0.002398 3.506558 0.008409
тайконавт 0.002398 0.0 0.0
такой 0.002398 1.514128 0.003631
тег 0.002398 0.0 0.0
текст 0.004796 0.0 0.0
тестирование 0.004796 2.995732 0.014368
тестировать 0.002398 2.407946 0.005774
технический 0.004796 0.0 0.0
технология 0.002398 1.427116 0.003422
топ 0.004796 0.0 0.0
торможение 0.004796 4.60517 0.022087
травма 0.002398 4.60517 0.011044
транспорт 0.002398 3.218876 0.007719
трёхсторонний 0.004796 4.60517 0.022087
тыс 0.004796 0.0 0.0
убрать 0.002398 0.0 0.0
упасть 0.004796 0.0 0.0
ускорение 0.004796 3.912023 0.018763
ускорить 0.004796 2.995732 0.014368
устройство 0.002398 0.0 0.0
учёный 0.002398 1.966113 0.004715
файл 0.002398 0.0 0.0
финикс 0.002398 4.60517 0.011044
флагманский 0.002398 0.0 0.0
фокусироваться 0.002398 3.506558 0.008409
фундаментальный 0.002398 0.0 0.0
хит 0.002398 0.0 0.0
цель 0.004796 2.65926 0.012754
цикада 0.002398 3.506558 0.008409
частный 0.002398 3.218876 0.007719
человек 0.007194 0.0 0.0
член 0.004796 4.60517 0.022087
экспорт 0.004796 0.0 0.0
электрический 0.002398 2.813411 0.006747
эмбрион 0.002398 0.0 0.0
этап 0.002398 2.207275 0.005293
южный 0.002398 0.0 0.0
японский 0.004796 3.506558 0.016818
