авиалайнер 0.002336 0.0 0.0
австралия 0.002336 0.0 0.0
автоваз 0.004673 0.0 0.0
автомат 0.002336 0.0 0.0
автопроизводитель 0.002336 0.0 0.0
автор 0.007009 0.0 0.0
агентство 0.004673 3.218876 0.015041
администрация 0.002336 0.0 0.0
адрес 0.004673 0.0 0.0
америка 0.002336 0.0 0.0
анализ 0.002336 1.966113 0.004594
анализировать 0.002336 3.912023 0.00914
аналитик 0.002336 0.0 0.0
аналитический 0.002336 4.60517 0.01076
белок 0.002336 0.0 0.0
биологический 0.004673 0.0 0.0
биосфера 0.004673 3.506558 0.016386
ближний 0.002336 0.0 0.0
блог 0.002336 0.0 0.0
быстро 0.004673 0.0 0.0
быстрый 0.002336 2.407946 0.005626
быть 0.002336 0.0 0.0
вес 0.002336 0.0 0.0
вести 0.002336 2.120264 0.004954
весь 0.002336 0.0 0.0
взаимодействие 0.002336 2.813411 0.006573
взрыв 0.002336 2.995732 0.006999
видеокарта 0.002336 0.0 0.0
влияние 0.004673 3.506558 0.016386
вместе 0.004673 2.65926 0.012426
внедорожник 0.002336 0.0 0.0
возможный 0.002336 3.218876 0.007521
возраст 0.002336 3.506558 0.008193
войти 0.004673 0.0 0.0
восток 0.002336 0.0 0.0
впервые 0.004673 2.120264 0.009908
входить 0.002336 0.0 0.0
выделить 0.002336 0.0 0.0
вытолкнуть 0.002336 4.60517 0.01076
выходить 0.002336 0.0 0.0
выявить 0.002336 3.912023 0.00914
галактика 0.002336 3.912023 0.00914
галактический 0.002336 4.60517 0.01076
главный 0.002336 0.0 0.0
год 0.009346 0.0 0.0
готовый 0.002336 3.506558 0.008193
группа 0.004673 2.407946 0.011252
давать 0.002336 0.0 0.0
данные 0.004673 0.0 0.0
двигатель 0.007009 0.0 0.0
двигаться 0.002336 4.60517 0.01076
движение 0.002336 3.218876 0.007521
дизайн 0.004673 0.0 0.0
дилан 0.002336 4.60517 0.01076
директор 0.004673 0.0 0.0
доллар 0.002336 0.0 0.0
дом 0.004673 0.0 0.0
доставить 0.002336 0.0 0.0
достигать 0.002336 0.0 0.0
другой 0.002336 2.995732 0.006999
европейский 0.002336 4.60517 0.01076
завершить 0.004673 0.0 0.0
загадка 0.004673 3.506558 0.016386
западный 0.002336 3.912023 0.00914
заставлять 0.002336 2.813411 0.006573
защита 0.004673 0.0 0.0
звезда 0.007009 2.813411 0.01972
звёздный 0.007009 3.506558 0.024579
земля 0.004673 0.0 0.0
земной 0.002336 2.302585 0.00538
знать 0.002336 4.60517 0.01076
зонд 0.007009 0.0 0.0
игра 0.002336 0.0 0.0
известный 0.002336 2.813411 0.006573
изменить 0.002336 2.813411 0.006573
изучение 0.004673 3.506558 0.016386
инновационный 0.004673 0.0 0.0
инструмент 0.002336 1.89712 0.004433
информация 0.002336 0.0 0.0
искать 0.002336 3.218876 0.007521
использование 0.002336 0.0 0.0
исследование 0.004673 0.0 0.0
источник 0.004673 0.0 0.0
йоханнес 0.004673 4.60517 0.021519
календарь 0.004673 0.0 0.0
категория 0.002336 0.0 0.0
кг 0.004673 0.0 0.0
километр 0.002336 0.0 0.0
классический 0.002336 0.0 0.0
клон 0.004673 0.0 0.0
комментирование 0.002336 0.0 0.0
комфортный 0.004673 0.0 0.0
конец 0.002336 1.771957 0.00414
конференция 0.004673 0.0 0.0
корея 0.002336 0.0 0.0
короткий 0.002336 4.60517 0.01076
корпус 0.002336 0.0 0.0
космический 0.002336 2.207275 0.005157
космос 0.007009 0.0 0.0
который 0.007009 0.527633 0.003698
кроссовер 0.004673 0.0 0.0
крупный 0.004673 2.65926 0.012426
кубический 0.002336 0.0 0.0
кук 0.002336 0.0 0.0
летать 0.004673 0.0 0.0
лист 0.002336 0.0 0.0
любой 0.002336 3.506558 0.008193
май 0.007009 0.0 0.0
марина 0.004673 4.60517 0.021519
марк 0.002336 0.0 0.0
марсианский 0.002336 3.506558 0.008193
март 0.002336 1.714798 0.004007
массивный 0.002336 4.60517 0.01076
массовый 0.002336 3.912023 0.00914
материал 0.002336 0.0 0.0
машина 0.002336 0.0 0.0
межпланетный 0.004673 0.0 0.0
менять 0.002336 0.0 0.0
место 0.002336 1.514128 0.003538
метод 0.004673 1.714798 0.008013
микроб 0.002336 3.506558 0.008193
миллиард 0.004673 3.218876 0.015041
миллион 0.002336 0.0 0.0
мир 0.004673 0.0 0.0
миссия 0.007009 1.386294 0.009717
млечный 0.007009 3.218876 0.022562
млн 0.004673 1.108663 0.005181
мобильный 0.002336 0.0 0.0
моделирование 0.002336 2.995732 0.006999
модель 0.004673 1.469676 0.006868
молодой 0.002336 3.912023 0.00914
момент 0.004673 0.0 0.0
монитор 0.002336 0.0 0.0
мотобренд 0.002336 0.0 0.0
мотоцикл 0.002336 0.0 0.0
мочь 0.004673 0.0 0.0
мы 0.002336 0.0 0.0
нажать 0.002336 0.0 0.0
название 0.002336 0.0 0.0
назвать 0.004673 0.0 0.0
найти 0.002336 3.506558 0.008193
нарушать 0.002336 4.60517 0.01076
наслать 0.002336 0.0 0.0
наука 0.004673 1.966113 0.009187
наш 0.004673 0.0 0.0
невозможно 0.004673 3.912023 0.01828
необычный 0.002336 3.912023 0.00914
несколько 0.004673 2.525729 0.011802
нехарактерный 0.002336 3.912023 0.00914
низкомассивный 0.002336 4.60517 0.01076
новость 0.002336 0.0 0.0
новый 0.007009 0.0 0.0
ноутбук 0.002336 0.0 0.0
нужный 0.002336 0.0 0.0
обзор 0.002336 0.0 0.0
обнаружить 0.004673 2.525729 0.011802
обработка 0.002336 0.0 0.0
образец 0.002336 0.0 0.0
объявить 0.004673 0.0 0.0
объём 0.002336 2.813411 0.006573
обычно 0.004673 3.506558 0.016386
огромный 0.002336 3.912023 0.00914
один 0.002336 1.771957 0.00414
одноклассник 0.004673 0.0 0.0
ожидаться 0.002336 3.912023 0.00914
орбита 0.002336 0.0 0.0
отдать 0.002336 0.0 0.0
отечественный 0.002336 0.0 0.0
отказ 0.002336 0.0 0.0
отказаться 0.002336 0.0 0.0
отключить 0.002336 0.0 0.0
открытие 0.009346 2.407946 0.022504
отличие 0.004673 2.207275 0.010314
отметить 0.002336 1.427116 0.003334
очень 0.004673 0.0 0.0
ошибка 0.002336 0.0 0.0
партнёр 0.002336 2.302585 0.00538
передний 0.002336 0.0 0.0
пересмотреть 0.004673 2.813411 0.013147
период 0.004673 0.0 0.0
периферия 0.004673 0.0 0.0
персональный 0.004673 0.0 0.0
пиар 0.004673 0.0 0.0
планета 0.002336 2.120264 0.004954
планшет 0.002336 0.0 0.0
платформа 0.007009 0.0 0.0
поведение 0.004673 3.218876 0.015041
повлиять 0.004673 3.912023 0.01828
подвести 0.002336 0.0 0.0
поднять 0.002336 0.0 0.0
подробный 0.002336 0.0 0.0
подход 0.002336 1.89712 0.004433
подчёркивать 0.002336 3.912023 0.00914
позволить 0.002336 4.60517 0.01076
поиск 0.007009 0.0 0.0
пока 0.004673 0.0 0.0
полезный 0.002336 0.0 0.0
политика 0.007009 0.0 0.0
полноприводный 0.002336 0.0 0.0
полёт 0.002336 0.0 0.0
помогать 0.002336 3.506558 0.008193
помощь 0.002336 2.120264 0.004954
попробовать 0.004673 0.0 0.0
популярный 0.004673 0.0 0.0
посещать 0.004673 0.0 0.0
похожий 0.002336 4.60517 0.01076
почему 0.004673 3.506558 0.016386
пояснить 0.002336 2.813411 0.006573
прайс 0.004673 0.0 0.0
предполагать 0.002336 3.912023 0.00914
представить 0.002336 0.0 0.0
прибавка 0.004673 0.0 0.0
привлечь 0.002336 3.218876 0.007521
привод 0.002336 0.0 0.0
примерно 0.004673 2.995732 0.013999
приносить 0.004673 4.60517 0.021519
принтер 0.002336 0.0 0.0
пробизнес 0.004673 0.0 0.0
проведение 0.002336 0.0 0.0
программа 0.002336 0.0 0.0
продавать 0.004673 0.0 0.0
продажа 0.002336 0.0 0.0
продолжать 0.002336 0.0 0.0
продолжить 0.002336 3.218876 0.007521
проект 0.007009 0.0 0.0
проектор 0.002336 0.0 0.0
происходить 0.002336 2.995732 0.006999
пролить 0.004673 0.0 0.0
процесс 0.002336 0.0 0.0
путь 0.004673 2.120264 0.009908
работа 0.002336 0.0 0.0
развитие 0.002336 2.407946 0.005626
разлететься 0.007009 4.60517 0.032279
размер 0.002336 2.302585 0.00538
разработать 0.004673 3.912023 0.01828
ранее 0.004673 1.771957 0.00828
распадаться 0.002336 4.60517 0.01076
распасться 0.002336 4.60517 0.01076
расположить 0.002336 3.912023 0.00914
раунд 0.002336 3.506558 0.008193
реальный 0.002336 0.0 0.0
регион 0.002336 2.995732 0.006999
результат 0.004673 0.0 0.0
реклама 0.004673 0.0 0.0
реконструировать 0.004673 4.60517 0.021519
рекордно 0.004673 3.912023 0.01828
релиз 0.002336 3.218876 0.007521
решать 0.002336 0.0 0.0
россия 0.002336 0.0 0.0
россиянин 0.002336 0.0 0.0
рубль 0.002336 0.0 0.0
руководство 0.002336 2.813411 0.006573
рынок 0.004673 0.0 0.0
сайт 0.004673 0.0 0.0
самолёт 0.002336 0.0 0.0
самый 0.004673 0.0 0.0
сантиметр 0.002336 0.0 0.0
сбор 0.002336 0.0 0.0
сверхновый 0.002336 3.912023 0.00914
свет 0.004673 0.0 0.0
световой 0.002336 3.506558 0.008193
связь 0.007009 0.0 0.0
сделать 0.002336 3.506558 0.008193
северный 0.002336 3.912023 0.00914
сегодня 0.004673 0.0 0.0
семья 0.009346 2.995732 0.027997
сенсационный 0.002336 4.60517 0.01076
сервер 0.002336 0.0 0.0
сервис 0.002336 0.0 0.0
сертификация 0.002336 0.0 0.0
сеть 0.002336 0.0 0.0
скопление 0.002336 4.60517 0.01076
скоро 0.004673 0.0 0.0
скорость 0.002336 2.302585 0.00538
слабый 0.002336 3.506558 0.008193
снова 0.004673 0.0 0.0
соавтор 0.004673 3.912023 0.01828
собирать 0.002336 4.60517 0.01076
совершенно 0.004673 4.60517 0.021519
советский 0.004673 0.0 0.0
согласованно 0.004673 4.60517 0.021519
соглашаться 0.002336 0.0 0.0
соседний 0.002336 4.60517 0.01076
сосредоточиться 0.002336 3.218876 0.007521
состоять 0.002336 4.60517 0.01076
сотня 0.002336 3.912023 0.00914
спасти 0.004673 0.0 0.0
спектроскопический 0.002336 4.60517 0.01076
среда 0.004673 0.0 0.0
срок 0.002336 2.207275 0.005157
ссылка 0.002336 0.0 0.0
стартовать 0.002336 0.0 0.0
статистика 0.004673 0.0 0.0
стать 0.004673 0.0 0.0
статья 0.002336 0.0 0.0
стоимость 0.004673 0.0 0.0
стремительно 0.004673 3.912023 0.01828
тайконавт 0.002336 0.0 0.0
такой 0.004673 1.609438 0.007521
тег 0.002336 0.0 0.0
текст 0.004673 0.0 0.0
технический 0.004673 0.0 0.0
типичный 0.002336 4.60517 0.01076
топ 0.004673 0.0 0.0
точность 0.002336 1.771957 0.00414
традиционный 0.002336 4.60517 0.01076
траектория 0.002336 3.506558 0.008193
тыс 0.004673 0.0 0.0
убрать 0.002336 0.0 0.0
угроза 0.002336 2.65926 0.006213
университет 0.002336 2.040221 0.004767
уникальность 0.004673 4.60517 0.021519
уникальный 0.002336 3.506558 0.008193
упасть 0.004673 0.0 0.0
устройство 0.002336 0.0 0.0
учёный 0.004673 1.89712 0.008865
файл 0.002336 0.0 0.0
финальный 0.004673 3.912023 0.01828
флагманский 0.002336 0.0 0.0
флорида 0.002336 4.60517 0.01076
формироваться 0.002336 3.912023 0.00914
фундаментальный 0.002336 0.0 0.0
хаотично 0.004673 3.506558 0.016386
хит 0.002336 0.0 0.0
человек 0.002336 0.0 0.0
экспорт 0.004673 0.0 0.0
эмбрион 0.002336 0.0 0.0
этот 0.002336 1.07881 0.002521
южный 0.002336 0.0 0.0
