авиалайнер 0.002899 0.0 0.0
австралия 0.002899 0.0 0.0
автоваз 0.005797 0.0 0.0
автомат 0.002899 0.0 0.0
автоматизация 0.005797 3.506558 0.020328
автоматизировать 0.008696 4.60517 0.040045
автопроизводитель 0.002899 0.0 0.0
автор 0.008696 0.0 0.0
администрация 0.002899 0.0 0.0
адрес 0.005797 0.0 0.0
америка 0.002899 0.0 0.0
американский 0.002899 2.302585 0.006674
аналитик 0.002899 0.0 0.0
белок 0.002899 0.0 0.0
биологический 0.005797 0.0 0.0
ближний 0.002899 0.0 0.0
блог 0.002899 0.0 0.0
бум 0.002899 3.506558 0.010164
быстро 0.005797 0.0 0.0
быть 0.002899 0.0 0.0
важно 0.005797 2.120264 0.012291
венчурный 0.002899 4.60517 0.013348
вес 0.002899 0.0 0.0
весь 0.002899 0.0 0.0
видение 0.005797 3.912023 0.022678
видеокарта 0.002899 0.0 0.0
внедорожник 0.002899 0.0 0.0
возглавить 0.002899 2.813411 0.008155
войти 0.005797 0.0 0.0
восток 0.002899 0.0 0.0
входить 0.002899 0.0 0.0
выделить 0.002899 0.0 0.0
выдерживать 0.002899 3.218876 0.00933
вырасти 0.002899 4.60517 0.013348
выручка 0.005797 4.60517 0.026697
выходить 0.002899 0.0 0.0
генеральный 0.005797 2.995732 0.017367
гиперзвуковой 0.002899 2.995732 0.008683
главный 0.002899 0.0 0.0
глобальный 0.002899 2.65926 0.007708
год 0.014493 0.0 0.0
данные 0.008696 0.0 0.0
двигатель 0.008696 0.0 0.0
дизайн 0.005797 0.0 0.0
директор 0.005797 0.0 0.0
долгосрочный 0.002899 4.60517 0.013348
доллар 0.002899 0.0 0.0
дом 0.005797 0.0 0.0
доставить 0.002899 0.0 0.0
достигать 0.002899 0.0 0.0
ещё 0.005797 1.89712 0.010998
завершить 0.002899 0.0 0.0
загадка 0.005797 3.506558 0.020328
закрытие 0.002899 4.60517 0.013348
занять 0.002899 3.506558 0.010164
заставлять 0.002899 2.813411 0.008155
защита 0.002899 0.0 0.0
заявление 0.002899 3.218876 0.00933
звезда 0.002899 2.813411 0.008155
звёздный 0.002899 3.506558 0.010164
земля 0.005797 0.0 0.0
зонд 0.008696 0.0 0.0
игра 0.002899 0.0 0.0
иллюстрация 0.005797 2.120264 0.012291
инвестиция 0.005797 3.912023 0.022678
инвестор 0.002899 3.506558 0.010164
инновационный 0.005797 0.0 0.0
инструмент 0.002899 1.89712 0.005499
интеллект 0.002899 1.966113 0.005699
информация 0.002899 0.0 0.0
искусственный 0.002899 2.407946 0.00698
использование 0.002899 0.0 0.0
исследование 0.002899 0.0 0.0
источник 0.005797 0.0 0.0
календарь 0.005797 0.0 0.0
категория 0.002899 0.0 0.0
квартал 0.002899 2.813411 0.008155
кг 0.005797 0.0 0.0
километр 0.002899 0.0 0.0
классический 0.002899 0.0 0.0
клон 0.005797 0.0 0.0
комментирование 0.002899 0.0 0.0
компания 0.008696 0.71335 0.006203
комфортный 0.005797 0.0 0.0
конференция 0.005797 0.0 0.0
корабль 0.002899 2.407946 0.00698
корея 0.002899 0.0 0.0
корпорация 0.002899 3.506558 0.010164
корпус 0.002899 0.0 0.0
космический 0.002899 1.771957 0.005136
космопуховик 0.005797 3.506558 0.020328
космос 0.008696 0.0 0.0
который 0.002899 0.891598 0.002584
кроссовер 0.005797 0.0 0.0
кубический 0.002899 0.0 0.0
кук 0.002899 0.0 0.0
летать 0.005797 0.0 0.0
лист 0.002899 0.0 0.0
май 0.008696 0.0 0.0
макротренд 0.002899 4.60517 0.013348
марк 0.002899 0.0 0.0
материал 0.002899 0.0 0.0
машина 0.002899 0.0 0.0
межпланетный 0.005797 0.0 0.0
менять 0.002899 0.0 0.0
метод 0.002899 1.714798 0.00497
миллион 0.002899 0.0 0.0
мир 0.005797 0.0 0.0
млечный 0.005797 3.218876 0.01866
млн 0.005797 1.108663 0.006427
млрд 0.005797 2.302585 0.013348
мобильный 0.002899 0.0 0.0
момент 0.008696 0.0 0.0
монитор 0.002899 0.0 0.0
мотобренд 0.002899 0.0 0.0
мотоцикл 0.002899 0.0 0.0
мочь 0.002899 0.0 0.0
набирать 0.002899 4.60517 0.013348
нагрузка 0.002899 2.65926 0.007708
нажать 0.002899 0.0 0.0
название 0.002899 0.0 0.0
назвать 0.002899 0.0 0.0
наслать 0.002899 0.0 0.0
наш 0.005797 0.0 0.0
новость 0.002899 0.0 0.0
новый 0.008696 0.0 0.0
ноутбук 0.002899 0.0 0.0
нужный 0.002899 0.0 0.0
обзор 0.002899 0.0 0.0
обнаружить 0.002899 2.525729 0.007321
обработка 0.002899 0.0 0.0
образец 0.002899 0.0 0.0
обшивка 0.002899 3.506558 0.010164
общий 0.002899 3.218876 0.00933
объявить 0.005797 0.0 0.0
объём 0.002899 3.218876 0.00933
одноклассник 0.005797 0.0 0.0
орбита 0.002899 0.0 0.0
оркестрация 0.005797 4.60517 0.026697
отдать 0.002899 0.0 0.0
отечественный 0.002899 0.0 0.0
отказ 0.002899 0.0 0.0
отказаться 0.002899 0.0 0.0
отключить 0.002899 0.0 0.0
отметить 0.002899 1.427116 0.004137
оценка 0.005797 4.60517 0.026697
очень 0.005797 0.0 0.0
ошибка 0.002899 0.0 0.0
первый 0.002899 1.89712 0.005499
передний 0.002899 0.0 0.0
пересмотреть 0.005797 2.813411 0.01631
период 0.005797 0.0 0.0
периферия 0.005797 0.0 0.0
персональный 0.005797 0.0 0.0
пиар 0.005797 0.0 0.0
планшет 0.002899 0.0 0.0
платформа 0.011594 0.0 0.0
подвести 0.002899 0.0 0.0
поддерживать 0.002899 3.218876 0.00933
поднять 0.002899 0.0 0.0
подробный 0.002899 0.0 0.0
поиск 0.008696 0.0 0.0
пока 0.005797 0.0 0.0
полезный 0.002899 0.0 0.0
политика 0.008696 0.0 0.0
полноприводный 0.002899 0.0 0.0
получить 0.002899 1.427116 0.004137
полёт 0.002899 0.0 0.0
попробовать 0.005797 0.0 0.0
популярность 0.005797 3.506558 0.020328
популярный 0.005797 0.0 0.0
посещать 0.005797 0.0 0.0
последний 0.005797 3.218876 0.01866
потеть 0.002899 3.506558 0.010164
почему 0.005797 3.506558 0.020328
прайс 0.005797 0.0 0.0
представить 0.002899 0.0 0.0
прибавка 0.005797 0.0 0.0
привлечь 0.002899 3.218876 0.00933
привод 0.002899 0.0 0.0
принтер 0.002899 0.0 0.0
пробизнес 0.005797 0.0 0.0
проведение 0.002899 0.0 0.0
программа 0.002899 0.0 0.0
продавать 0.005797 0.0 0.0
продажа 0.002899 0.0 0.0
продолжать 0.002899 0.0 0.0
проект 0.005797 0.0 0.0
проектор 0.002899 0.0 0.0
происходить 0.002899 2.995732 0.008683
пролить 0.005797 0.0 0.0
процесс 0.002899 0.0 0.0
путь 0.005797 2.120264 0.012291
работа 0.005797 0.0 0.0
развитие 0.002899 2.407946 0.00698
разный 0.002899 2.995732 0.008683
разрабатывать 0.002899 3.912023 0.011339
разработать 0.002899 2.525729 0.007321
разработка 0.002899 2.207275 0.006398
раскрываться 0.002899 4.60517 0.013348
раунд 0.011594 3.506558 0.040656
реальный 0.002899 0.0 0.0
результат 0.002899 0.0 0.0
реклама 0.005797 0.0 0.0
рекордный 0.002899 3.218876 0.00933
решать 0.002899 0.0 0.0
решение 0.002899 1.609438 0.004665
россия 0.002899 0.0 0.0
россиянин 0.002899 0.0 0.0
рост 0.002899 0.755023 0.002188
рубль 0.002899 0.0 0.0
рынок 0.008696 0.0 0.0
рыночный 0.002899 3.912023 0.011339
сайт 0.005797 0.0 0.0
самолёт 0.002899 0.0 0.0
самый 0.005797 0.0 0.0
сантиметр 0.002899 0.0 0.0
сбор 0.002899 0.0 0.0
свет 0.005797 0.0 0.0
связь 0.008696 0.0 0.0
сегодня 0.005797 0.0 0.0
сектор 0.005797 3.912023 0.022678
семья 0.002899 2.995732 0.008683
сервер 0.002899 0.0 0.0
сервис 0.002899 0.0 0.0
сертификация 0.002899 0.0 0.0
сеть 0.002899 0.0 0.0
система 0.002899 1.514128 0.004389
скоро 0.005797 0.0 0.0
снова 0.005797 0.0 0.0
советский 0.005797 0.0 0.0
соглашаться 0.002899 0.0 0.0
спасти 0.005797 0.0 0.0
спешить 0.002899 4.60517 0.013348
спрос 0.005797 2.525729 0.014642
среда 0.005797 0.0 0.0
ссылка 0.002899 0.0 0.0
стартовать 0.002899 0.0 0.0
статистика 0.005797 0.0 0.0
стать 0.002899 0.0 0.0
статья 0.002899 0.0 0.0
стоимость 0.005797 0.0 0.0
тайконавт 0.002899 0.0 0.0
тег 0.002899 0.0 0.0
текст 0.005797 0.0 0.0
текущий 0.002899 3.218876 0.00933
технический 0.005797 0.0 0.0
топ 0.005797 0.0 0.0
тыс 0.005797 0.0 0.0
убрать 0.002899 0.0 0.0
укрепить 0.002899 3.506558 0.010164
упасть 0.005797 0.0 0.0
устройство 0.002899 0.0 0.0
участвовать 0.002899 3.506558 0.010164
учёный 0.002899 1.89712 0.005499
файл 0.002899 0.0 0.0
финансирование 0.002899 3.506558 0.010164
флагманский 0.002899 0.0 0.0
фон 0.002899 1.660731 0.004814
фундаментальный 0.002899 0.0 0.0
хаотично 0.005797 3.506558 0.020328
хит 0.002899 0.0 0.0
часть 0.002899 2.407946 0.00698
человек 0.002899 0.0 0.0
шесть 0.005797 2.995732 0.017367
экспорт 0.005797 0.0 0.0
эмбрион 0.002899 0.0 0.0
южный 0.002899 0.0 0.0
