авария 0.005814 3.218876 0.018714
авиалайнер 0.002907 0.0 0.0
австралия 0.002907 0.0 0.0
автоваз 0.005814 0.0 0.0
автомат 0.002907 0.0 0.0
автомобиль 0.005814 1.660731 0.009655
автопроизводитель 0.002907 0.0 0.0
автор 0.008721 0.0 0.0
администрация 0.002907 0.0 0.0
адрес 0.005814 0.0 0.0
америка 0.002907 0.0 0.0
аналитик 0.002907 0.0 0.0
база 0.002907 2.813411 0.008179
белок 0.002907 0.0 0.0
бизнес 0.002907 0.0 0.0
биологический 0.005814 0.0 0.0
ближний 0.002907 0.0 0.0
блог 0.002907 0.0 0.0
будущее 0.002907 2.407946 0.007
быстро 0.005814 0.0 0.0
быстрый 0.002907 4.60517 0.013387
быть 0.002907 0.0 0.0
вес 0.002907 0.0 0.0
весь 0.002907 0.0 0.0
видеокарта 0.002907 0.0 0.0
внедорожник 0.002907 0.0 0.0
возможность 0.005814 1.966113 0.011431
возродить 0.011628 3.506558 0.040774
войти 0.005814 0.0 0.0
воскресить 0.002907 4.60517 0.013387
восток 0.002907 0.0 0.0
входить 0.002907 0.0 0.0
выделить 0.002907 0.0 0.0
выпустить 0.005814 4.60517 0.026774
выходить 0.002907 0.0 0.0
гигантский 0.002907 3.506558 0.010193
главный 0.002907 0.0 0.0
год 0.002907 0.0 0.0
годовой 0.002907 4.60517 0.013387
давать 0.002907 0.0 0.0
дальнейший 0.002907 4.60517 0.013387
данные 0.008721 0.0 0.0
двигатель 0.008721 0.0 0.0
дизайн 0.005814 0.0 0.0
директор 0.005814 0.0 0.0
добавить 0.002907 3.218876 0.009357
доллар 0.002907 0.0 0.0
дом 0.005814 0.0 0.0
доставить 0.002907 0.0 0.0
достигать 0.002907 0.0 0.0
достижение 0.002907 2.65926 0.00773
европейский 0.002907 4.60517 0.013387
единица 0.002907 2.995732 0.008709
завершить 0.002907 0.0 0.0
запас 0.005814 2.120264 0.012327
зарядка 0.002907 3.506558 0.010193
защита 0.002907 0.0 0.0
заявить 0.002907 2.207275 0.006416
земля 0.005814 0.0 0.0
зонд 0.008721 0.0 0.0
игра 0.005814 0.0 0.0
изучать 0.002907 3.912023 0.011372
иметь 0.005814 4.60517 0.026774
инновационный 0.005814 0.0 0.0
информация 0.002907 0.0 0.0
исключить 0.002907 3.506558 0.010193
использование 0.005814 0.0 0.0
исследование 0.002907 0.0 0.0
источник 0.005814 0.0 0.0
июль 0.002907 4.60517 0.013387
календарь 0.005814 0.0 0.0
категория 0.002907 0.0 0.0
кг 0.005814 0.0 0.0
километр 0.002907 0.0 0.0
классический 0.005814 0.0 0.0
клон 0.005814 0.0 0.0
км 0.005814 1.309333 0.007612
комментирование 0.002907 0.0 0.0
комфортный 0.005814 0.0 0.0
конвейер 0.002907 3.506558 0.010193
конференция 0.005814 0.0 0.0
корея 0.002907 0.0 0.0
корпус 0.002907 0.0 0.0
космический 0.002907 1.966113 0.005715
космос 0.008721 0.0 0.0
кроссовер 0.005814 0.0 0.0
кубический 0.002907 0.0 0.0
кук 0.002907 0.0 0.0
летать 0.005814 0.0 0.0
лист 0.002907 0.0 0.0
май 0.008721 0.0 0.0
марк 0.002907 0.0 0.0
маркетинг 0.002907 4.60517 0.013387
мартин 0.005814 4.60517 0.026774
масштаб 0.002907 1.771957 0.005151
материал 0.002907 0.0 0.0
машина 0.002907 0.0 0.0
межпланетный 0.005814 0.0 0.0
менять 0.002907 0.0 0.0
миллион 0.005814 0.0 0.0
мир 0.002907 0.0 0.0
мнение 0.002907 3.506558 0.010193
мобильный 0.002907 0.0 0.0
модель 0.011628 0.867501 0.010087
момент 0.005814 0.0 0.0
монитор 0.002907 0.0 0.0
мотобренд 0.002907 0.0 0.0
мотоцикл 0.002907 0.0 0.0
мочь 0.005814 0.0 0.0
мощность 0.002907 1.560648 0.004537
нажать 0.002907 0.0 0.0
название 0.002907 0.0 0.0
назвать 0.002907 0.0 0.0
наслать 0.002907 0.0 0.0
начать 0.002907 2.813411 0.008179
наш 0.005814 0.0 0.0
небольшой 0.002907 3.506558 0.010193
новость 0.002907 0.0 0.0
новый 0.011628 0.0 0.0
ноутбук 0.002907 0.0 0.0
нужный 0.002907 0.0 0.0
оба 0.002907 0.478036 0.00139
обзор 0.002907 0.0 0.0
область 0.002907 2.120264 0.006164
обмениваться 0.005814 3.912023 0.022744
обновление 0.002907 2.813411 0.008179
обработка 0.002907 0.0 0.0
образец 0.002907 0.0 0.0
объявить 0.002907 0.0 0.0
объём 0.002907 2.995732 0.008709
одноклассник 0.005814 0.0 0.0
ожидаться 0.002907 2.813411 0.008179
оказаться 0.002907 2.525729 0.007342
орбита 0.002907 0.0 0.0
отдать 0.002907 0.0 0.0
отдел 0.002907 1.966113 0.005715
отечественный 0.002907 0.0 0.0
отказ 0.002907 0.0 0.0
отказаться 0.002907 0.0 0.0
отключить 0.002907 0.0 0.0
очень 0.005814 0.0 0.0
ошибка 0.002907 0.0 0.0
пепел 0.002907 3.506558 0.010193
первоначальный 0.002907 3.912023 0.011372
первый 0.002907 2.207275 0.006416
передний 0.002907 0.0 0.0
период 0.005814 0.0 0.0
периферия 0.005814 0.0 0.0
персональный 0.005814 0.0 0.0
пиар 0.005814 0.0 0.0
планшет 0.002907 0.0 0.0
платформа 0.008721 0.0 0.0
повредить 0.002907 3.506558 0.010193
подвести 0.002907 0.0 0.0
поддерживать 0.005814 3.912023 0.022744
поднять 0.002907 0.0 0.0
подробный 0.002907 0.0 0.0
поиск 0.005814 0.0 0.0
пока 0.005814 0.0 0.0
поколение 0.005814 3.912023 0.022744
полезный 0.002907 0.0 0.0
политика 0.008721 0.0 0.0
полноприводный 0.002907 0.0 0.0
полёт 0.002907 0.0 0.0
попробовать 0.005814 0.0 0.0
популярный 0.005814 0.0 0.0
пора 0.002907 0.0 0.0
посещать 0.005814 0.0 0.0
последний 0.005814 2.65926 0.015461
прайс 0.005814 0.0 0.0
представить 0.002907 0.0 0.0
прибавка 0.005814 0.0 0.0
привод 0.002907 0.0 0.0
принтер 0.002907 0.0 0.0
пробизнес 0.005814 0.0 0.0
проведение 0.002907 0.0 0.0
программа 0.002907 0.0 0.0
продавать 0.005814 0.0 0.0
продажа 0.005814 0.0 0.0
продолжать 0.002907 0.0 0.0
проект 0.005814 0.0 0.0
проектор 0.002907 0.0 0.0
пролить 0.005814 0.0 0.0
процесс 0.002907 0.0 0.0
пульсар 0.005814 3.506558 0.020387
работа 0.002907 0.0 0.0
рассказать 0.002907 3.506558 0.010193
расширение 0.002907 2.813411 0.008179
реальный 0.002907 0.0 0.0
результат 0.005814 0.0 0.0
реклама 0.005814 0.0 0.0
решать 0.002907 0.0 0.0
россия 0.002907 0.0 0.0
россиянин 0.002907 0.0 0.0
рубль 0.002907 0.0 0.0
руководитель 0.005814 2.813411 0.016357
рынок 0.008721 0.0 0.0
сайт 0.005814 0.0 0.0
самолёт 0.002907 0.0 0.0
самый 0.005814 0.0 0.0
сандерс 0.005814 4.60517 0.026774
сантиметр 0.002907 0.0 0.0
сбор 0.002907 0.0 0.0
свет 0.005814 0.0 0.0
свой 0.002907 2.995732 0.008709
связь 0.008721 0.0 0.0
сегодня 0.005814 0.0 0.0
семейный 0.002907 4.60517 0.013387
сервер 0.002907 0.0 0.0
сервис 0.002907 0.0 0.0
серия 0.002907 3.912023 0.011372
сертификация 0.002907 0.0 0.0
сеть 0.002907 0.0 0.0
скоро 0.005814 0.0 0.0
снова 0.005814 0.0 0.0
советский 0.005814 0.0 0.0
соглашаться 0.002907 0.0 0.0
соглашение 0.005814 3.912023 0.022744
сойти 0.002907 4.60517 0.013387
сотрудничество 0.008721 2.525729 0.022027
спасти 0.005814 0.0 0.0
среда 0.005814 0.0 0.0
ссылка 0.002907 0.0 0.0
стартовать 0.002907 0.0 0.0
статистика 0.005814 0.0 0.0
стать 0.002907 0.0 0.0
статья 0.002907 0.0 0.0
стоимость 0.005814 0.0 0.0
сторона 0.002907 2.407946 0.007
структура 0.002907 2.65926 0.00773
тайконавт 0.002907 0.0 0.0
тег 0.002907 0.0 0.0
текст 0.005814 0.0 0.0
теоретически 0.005814 3.912023 0.022744
технический 0.005814 0.0 0.0
технология 0.002907 2.302585 0.006694
топ 0.005814 0.0 0.0
тот 0.002907 0.0 0.0
тыс 0.005814 0.0 0.0
убрать 0.002907 0.0 0.0
упасть 0.005814 0.0 0.0
успешный 0.005814 2.813411 0.016357
устройство 0.002907 0.0 0.0
учёт 0.002907 3.506558 0.010193
файл 0.002907 0.0 0.0
флагманский 0.002907 0.0 0.0
фундаментальный 0.002907 0.0 0.0
хит 0.008721 0.0 0.0
ход 0.005814 0.0 0.0
час 0.005814 0.0 0.0
человек 0.002907 0.0 0.0
экспорт 0.005814 0.0 0.0
электрический 0.002907 2.995732 0.008709
электромобиль 0.005814 3.912023 0.022744
эмбрион 0.002907 0.0 0.0
эффективный 0.002907 3.506558 0.010193
южный 0.002907 0.0 0.0
