абсолютный 0.002273 3.912023 0.008891
авиалайнер 0.002273 0.0 0.0
австралия 0.002273 0.0 0.0
автоваз 0.004545 0.0 0.0
автомат 0.002273 0.0 0.0
автоматически 0.004545 2.995732 0.013617
автопроизводитель 0.002273 0.0 0.0
автор 0.006818 0.0 0.0
администрация 0.002273 0.0 0.0
адрес 0.004545 0.0 0.0
америка 0.002273 0.0 0.0
аналитик 0.002273 0.0 0.0
аналог 0.002273 2.525729 0.00574
атом 0.004545 0.0 0.0
атомный 0.004545 3.218876 0.014631
банк 0.002273 4.60517 0.010466
безопасность 0.004545 2.525729 0.011481
белок 0.002273 0.0 0.0
беспилотник 0.002273 3.506558 0.007969
биологический 0.004545 0.0 0.0
биржа 0.002273 3.912023 0.008891
ближний 0.002273 0.0 0.0
блог 0.002273 0.0 0.0
быстро 0.004545 0.0 0.0
быть 0.002273 0.0 0.0
вверх 0.004545 3.912023 0.017782
вес 0.002273 0.0 0.0
весь 0.002273 0.0 0.0
вибрировать 0.002273 4.60517 0.010466
видеокарта 0.002273 0.0 0.0
включить 0.002273 3.218876 0.007316
владислав 0.004545 4.60517 0.020933
влиять 0.002273 2.813411 0.006394
вместе 0.004545 2.65926 0.012088
внедорожник 0.002273 0.0 0.0
воздействие 0.002273 3.912023 0.008891
войти 0.004545 0.0 0.0
волос 0.002273 3.218876 0.007316
восток 0.002273 0.0 0.0
время 0.009091 1.139434 0.010358
всемирный 0.002273 3.912023 0.008891
входить 0.002273 0.0 0.0
выделить 0.002273 0.0 0.0
выходить 0.002273 0.0 0.0
гаджет 0.002273 4.60517 0.010466
гергиновый 0.002273 4.60517 0.010466
главный 0.002273 0.0 0.0
глобальный 0.006818 2.302585 0.015699
год 0.006818 0.0 0.0
данные 0.004545 0.0 0.0
дважды 0.004545 3.912023 0.017782
двигатель 0.006818 0.0 0.0
дизайн 0.004545 0.0 0.0
динозавр 0.002273 4.60517 0.010466
директор 0.004545 0.0 0.0
добавить 0.002273 4.60517 0.010466
доллар 0.002273 0.0 0.0
дом 0.004545 0.0 0.0
доставить 0.002273 0.0 0.0
достигать 0.002273 0.0 0.0
достижение 0.004545 3.912023 0.017782
другой 0.002273 2.65926 0.006044
ежесекундно 0.004545 4.60517 0.020933
ещё 0.004545 1.89712 0.008623
жизнь 0.004545 3.912023 0.017782
завершить 0.002273 0.0 0.0
зависеть 0.002273 2.65926 0.006044
занять 0.002273 3.912023 0.008891
запускать 0.002273 2.813411 0.006394
запустить 0.004545 2.813411 0.012788
заставлять 0.002273 2.813411 0.006394
затем 0.004545 2.813411 0.012788
защита 0.002273 0.0 0.0
земля 0.004545 0.0 0.0
зонд 0.006818 0.0 0.0
игра 0.002273 0.0 0.0
излучение 0.002273 3.506558 0.007969
импульс 0.004545 2.65926 0.012088
инженер 0.002273 2.207275 0.005017
инновационный 0.004545 0.0 0.0
институт 0.002273 2.65926 0.006044
интернет 0.004545 2.65926 0.012088
информация 0.002273 0.0 0.0
использование 0.002273 0.0 0.0
исследование 0.002273 0.0 0.0
источник 0.004545 0.0 0.0
календарь 0.004545 0.0 0.0
камера 0.002273 3.218876 0.007316
категория 0.002273 0.0 0.0
кг 0.004545 0.0 0.0
километр 0.002273 0.0 0.0
классический 0.002273 0.0 0.0
клон 0.004545 0.0 0.0
колебание 0.002273 3.506558 0.007969
комментирование 0.002273 0.0 0.0
комфортный 0.004545 0.0 0.0
конференция 0.004545 0.0 0.0
корея 0.002273 0.0 0.0
корпус 0.002273 0.0 0.0
корректировать 0.002273 3.506558 0.007969
космос 0.006818 0.0 0.0
который 0.009091 0.462035 0.0042
кроссовер 0.004545 0.0 0.0
кубический 0.002273 0.0 0.0
кук 0.002273 0.0 0.0
лабораторный 0.004545 4.60517 0.020933
лазер 0.002273 2.65926 0.006044
лежать 0.002273 3.218876 0.007316
летать 0.004545 0.0 0.0
лист 0.002273 0.0 0.0
любой 0.002273 3.506558 0.007969
магнитный 0.002273 3.506558 0.007969
май 0.006818 0.0 0.0
маленький 0.002273 2.407946 0.005473
марк 0.002273 0.0 0.0
материал 0.002273 0.0 0.0
машина 0.002273 0.0 0.0
межконтинентальный 0.002273 4.60517 0.010466
межпланетный 0.004545 0.0 0.0
менее 0.004545 2.207275 0.010033
менять 0.002273 0.0 0.0
месяц 0.002273 1.832581 0.004165
металл 0.004545 3.218876 0.014631
микроволна 0.002273 3.912023 0.008891
микроволновый 0.002273 4.60517 0.010466
микрон 0.004545 3.912023 0.017782
миллиард 0.002273 3.218876 0.007316
миллион 0.002273 0.0 0.0
мир 0.006818 0.0 0.0
мировой 0.006818 3.912023 0.026673
млн 0.004545 1.108663 0.005039
мобильный 0.002273 0.0 0.0
модель 0.002273 1.469676 0.00334
момент 0.004545 0.0 0.0
монитор 0.002273 0.0 0.0
мотобренд 0.002273 0.0 0.0
мотоцикл 0.002273 0.0 0.0
мочь 0.002273 0.0 0.0
навигационный 0.002273 4.60517 0.010466
навигация 0.004545 2.813411 0.012788
надёжность 0.004545 2.813411 0.012788
нажать 0.002273 0.0 0.0
назад 0.004545 2.65926 0.012088
название 0.002273 0.0 0.0
назвать 0.002273 0.0 0.0
напрямую 0.004545 3.506558 0.015939
нарушить 0.004545 4.60517 0.020933
наслать 0.002273 0.0 0.0
научный 0.002273 2.813411 0.006394
национальный 0.004545 3.912023 0.017782
наш 0.009091 0.0 0.0
нашуметь 0.002273 3.218876 0.007316
незаметно 0.004545 4.60517 0.020933
неизменный 0.002273 4.60517 0.010466
новость 0.002273 0.0 0.0
новый 0.006818 0.0 0.0
ноутбук 0.002273 0.0 0.0
нужно 0.004545 2.65926 0.012088
нужный 0.002273 0.0 0.0
нуль 0.002273 3.506558 0.007969
обеспечивать 0.002273 2.302585 0.005233
обзор 0.002273 0.0 0.0
облако 0.004545 3.912023 0.017782
обработка 0.002273 0.0 0.0
образец 0.002273 0.0 0.0
объявить 0.002273 0.0 0.0
одноклассник 0.004545 0.0 0.0
определение 0.002273 3.912023 0.008891
оптический 0.002273 4.60517 0.010466
орбита 0.002273 0.0 0.0
осколок 0.004545 2.813411 0.012788
основа 0.004545 1.469676 0.00668
остаться 0.002273 3.506558 0.007969
отдать 0.002273 0.0 0.0
отдел 0.002273 1.966113 0.004468
отечественный 0.002273 0.0 0.0
отказ 0.002273 0.0 0.0
отказаться 0.002273 0.0 0.0
отклоняться 0.002273 4.60517 0.010466
отключить 0.002273 0.0 0.0
отмечать 0.002273 4.60517 0.010466
оторваться 0.002273 3.506558 0.007969
отсчитывать 0.002273 4.60517 0.010466
официальный 0.002273 3.218876 0.007316
очень 0.004545 0.0 0.0
ошибка 0.006818 0.0 0.0
первый 0.004545 2.65926 0.012088
передний 0.002273 0.0 0.0
переопределять 0.002273 4.60517 0.010466
перепад 0.002273 3.912023 0.008891
перестроить 0.002273 4.60517 0.010466
переход 0.002273 2.120264 0.004819
период 0.004545 0.0 0.0
периферия 0.004545 0.0 0.0
персональный 0.004545 0.0 0.0
пиар 0.004545 0.0 0.0
план 0.002273 0.0 0.0
планшет 0.002273 0.0 0.0
платформа 0.006818 0.0 0.0
повседневный 0.002273 4.60517 0.010466
погрешность 0.006818 4.60517 0.031399
подбрасывать 0.002273 3.912023 0.008891
подвести 0.002273 0.0 0.0
поднять 0.002273 0.0 0.0
подобный 0.002273 3.218876 0.007316
подробный 0.002273 0.0 0.0
поиск 0.004545 0.0 0.0
пока 0.004545 0.0 0.0
поле 0.002273 0.0 0.0
полезный 0.002273 0.0 0.0
политика 0.006818 0.0 0.0
полноприводный 0.002273 0.0 0.0
полёт 0.004545 0.0 0.0
понятие 0.004545 4.60517 0.020933
попробовать 0.004545 0.0 0.0
популярный 0.004545 0.0 0.0
посещать 0.004545 0.0 0.0
прайс 0.004545 0.0 0.0
представить 0.002273 0.0 0.0
прибавка 0.004545 0.0 0.0
привод 0.002273 0.0 0.0
принтер 0.002273 0.0 0.0
природа 0.002273 4.60517 0.010466
пробизнес 0.004545 0.0 0.0
проведение 0.002273 0.0 0.0
проверять 0.002273 3.912023 0.008891
программа 0.002273 0.0 0.0
продавать 0.004545 0.0 0.0
продажа 0.002273 0.0 0.0
продолжать 0.002273 0.0 0.0
проект 0.004545 0.0 0.0
проектор 0.002273 0.0 0.0
пролить 0.004545 0.0 0.0
пропускать 0.002273 4.60517 0.010466
процесс 0.002273 0.0 0.0
пульсировать 0.004545 4.60517 0.020933
пять 0.004545 2.995732 0.013617
работа 0.002273 0.0 0.0
работать 0.004545 1.660731 0.007549
разместить 0.002273 3.506558 0.007969
ракета 0.002273 2.525729 0.00574
реальный 0.002273 0.0 0.0
редкий 0.004545 4.60517 0.020933
результат 0.006818 0.0 0.0
рейс 0.002273 2.995732 0.006808
реклама 0.004545 0.0 0.0
решать 0.002273 0.0 0.0
ритм 0.002273 2.407946 0.005473
россия 0.002273 0.0 0.0
россиянин 0.002273 0.0 0.0
рубль 0.002273 0.0 0.0
руководитель 0.004545 2.813411 0.012788
рынок 0.004545 0.0 0.0
сайт 0.004545 0.0 0.0
самолёт 0.002273 0.0 0.0
самый 0.004545 0.0 0.0
сантиметр 0.002273 0.0 0.0
сбор 0.002273 0.0 0.0
сверять 0.002273 4.60517 0.010466
свет 0.004545 0.0 0.0
связь 0.006818 0.0 0.0
сегодня 0.004545 0.0 0.0
секунда 0.004545 2.040221 0.009274
сервер 0.004545 0.0 0.0
сервис 0.002273 0.0 0.0
сертификация 0.002273 0.0 0.0
сеть 0.002273 0.0 0.0
сигнал 0.002273 2.207275 0.005017
синхронизация 0.002273 3.912023 0.008891
синхронизировать 0.002273 4.60517 0.010466
система 0.006818 0.941609 0.00642
сказать 0.002273 3.506558 0.007969
скоро 0.004545 0.0 0.0
смартфон 0.002273 2.302585 0.005233
снова 0.004545 0.0 0.0
советский 0.004545 0.0 0.0
соглашаться 0.002273 0.0 0.0
создание 0.004545 2.525729 0.011481
сопоставимый 0.002273 3.912023 0.008891
составить 0.002273 3.218876 0.007316
спасти 0.004545 0.0 0.0
спутник 0.002273 2.120264 0.004819
сразу 0.004545 2.813411 0.012788
среда 0.004545 0.0 0.0
ссылка 0.002273 0.0 0.0
стабильность 0.004545 2.995732 0.013617
стандарт 0.002273 1.832581 0.004165
стартовать 0.002273 0.0 0.0
статистика 0.004545 0.0 0.0
стать 0.006818 0.0 0.0
статья 0.002273 0.0 0.0
стоимость 0.004545 0.0 0.0
страна 0.002273 3.912023 0.008891
тайконавт 0.002273 0.0 0.0
такой 0.002273 1.514128 0.003441
тег 0.002273 0.0 0.0
текст 0.004545 0.0 0.0
температура 0.002273 2.813411 0.006394
тестировать 0.002273 2.407946 0.005473
технический 0.004545 0.0 0.0
технология 0.006818 1.427116 0.00973
тонкий 0.002273 3.506558 0.007969
топ 0.004545 0.0 0.0
точность 0.009091 1.771957 0.016109
точный 0.002273 3.506558 0.007969
транзакция 0.002273 3.912023 0.008891
тыс 0.004545 0.0 0.0
тысяча 0.002273 2.407946 0.005473
убрать 0.002273 0.0 0.0
умный 0.002273 3.506558 0.007969
упасть 0.004545 0.0 0.0
усиливать 0.002273 2.65926 0.006044
установка 0.002273 2.407946 0.005473
устройство 0.006818 0.0 0.0
файл 0.002273 0.0 0.0
физик 0.004545 2.995732 0.013617
финансовый 0.004545 2.813411 0.012788
флагманский 0.002273 0.0 0.0
фондовый 0.002273 4.60517 0.010466
фундаментальный 0.002273 0.0 0.0
хит 0.002273 0.0 0.0
ход 0.004545 0.0 0.0
хороший 0.002273 4.60517 0.010466
цезиевый 0.002273 4.60517 0.010466
цезий 0.004545 4.60517 0.020933
центр 0.002273 1.714798 0.003897
час 0.004545 0.0 0.0
часами 0.004545 4.60517 0.020933
частота 0.009091 2.995732 0.027234
часть 0.002273 2.407946 0.005473
чат 0.004545 1.049822 0.004772
чей 0.002273 2.813411 0.006394
человек 0.002273 0.0 0.0
эксперимент 0.004545 1.832581 0.00833
экспорт 0.004545 0.0 0.0
эмбрион 0.002273 0.0 0.0
эталон 0.004545 3.506558 0.015939
южный 0.002273 0.0 0.0
