авиалайнер 0.002967 0.0 0.0
австралия 0.002967 0.0 0.0
автоваз 0.005935 0.0 0.0
автомат 0.002967 0.0 0.0
автопроизводитель 0.002967 0.0 0.0
автор 0.008902 0.0 0.0
администрация 0.002967 0.0 0.0
адрес 0.005935 0.0 0.0
америка 0.002967 0.0 0.0
анализ 0.005935 1.966113 0.011668
аналитик 0.002967 0.0 0.0
апрель 0.002967 1.832581 0.005438
белок 0.002967 0.0 0.0
биологический 0.005935 0.0 0.0
ближний 0.002967 0.0 0.0
блог 0.002967 0.0 0.0
быстро 0.005935 0.0 0.0
быть 0.002967 0.0 0.0
важно 0.005935 2.120264 0.012583
вернуться 0.002967 3.912023 0.011608
вес 0.002967 0.0 0.0
весь 0.002967 0.0 0.0
видеокарта 0.002967 0.0 0.0
влияние 0.005935 2.65926 0.015782
внедорожник 0.002967 0.0 0.0
воздействие 0.002967 3.506558 0.010405
воздействовать 0.002967 4.60517 0.013665
возможность 0.002967 1.966113 0.005834
войти 0.005935 0.0 0.0
восток 0.002967 0.0 0.0
входить 0.002967 0.0 0.0
выделить 0.002967 0.0 0.0
выполнять 0.002967 3.506558 0.010405
высота 0.002967 4.60517 0.013665
выходить 0.002967 0.0 0.0
главный 0.002967 0.0 0.0
год 0.002967 0.0 0.0
данные 0.005935 0.0 0.0
двигатель 0.008902 0.0 0.0
дизайн 0.005935 0.0 0.0
директор 0.005935 0.0 0.0
длительный 0.005935 3.912023 0.023217
долгосрочный 0.002967 3.912023 0.011608
доллар 0.002967 0.0 0.0
дом 0.005935 0.0 0.0
доставить 0.008902 0.0 0.0
достигать 0.002967 0.0 0.0
другой 0.002967 1.771957 0.005258
женщина 0.002967 4.60517 0.013665
живой 0.002967 4.60517 0.013665
животное 0.002967 4.60517 0.013665
завершить 0.002967 0.0 0.0
защита 0.002967 0.0 0.0
здоровье 0.002967 4.60517 0.013665
земля 0.008902 0.0 0.0
зонд 0.008902 0.0 0.0
игра 0.002967 0.0 0.0
иметь 0.002967 2.525729 0.007495
инновационный 0.005935 0.0 0.0
информация 0.002967 0.0 0.0
использование 0.002967 0.0 0.0
исследование 0.005935 0.0 0.0
источник 0.005935 0.0 0.0
календарь 0.005935 0.0 0.0
категория 0.002967 0.0 0.0
кг 0.005935 0.0 0.0
километр 0.002967 0.0 0.0
китайский 0.005935 2.040221 0.012108
классический 0.002967 0.0 0.0
клон 0.005935 0.0 0.0
км 0.005935 1.309333 0.007771
комментирование 0.002967 0.0 0.0
комфортный 0.005935 0.0 0.0
конференция 0.005935 0.0 0.0
корея 0.002967 0.0 0.0
корпус 0.002967 0.0 0.0
космический 0.008902 1.514128 0.013479
космодром 0.002967 4.60517 0.013665
космонавт 0.002967 3.912023 0.011608
космос 0.011869 0.0 0.0
костный 0.002967 4.60517 0.013665
который 0.002967 0.776529 0.002304
крайне 0.005935 3.218876 0.019103
кроссовер 0.005935 0.0 0.0
кубический 0.002967 0.0 0.0
кук 0.002967 0.0 0.0
летать 0.005935 0.0 0.0
лист 0.002967 0.0 0.0
май 0.008902 0.0 0.0
марк 0.002967 0.0 0.0
материал 0.002967 0.0 0.0
машина 0.002967 0.0 0.0
международный 0.002967 3.912023 0.011608
межпланетный 0.005935 0.0 0.0
менять 0.002967 0.0 0.0
месяц 0.002967 1.832581 0.005438
метод 0.002967 1.714798 0.005088
микрогравитация 0.008902 4.60517 0.040996
миллион 0.002967 0.0 0.0
мир 0.002967 0.0 0.0
миссия 0.011869 1.347074 0.015989
мобильный 0.002967 0.0 0.0
момент 0.005935 0.0 0.0
монитор 0.002967 0.0 0.0
мотобренд 0.002967 0.0 0.0
мотоцикл 0.002967 0.0 0.0
мочь 0.002967 0.0 0.0
нажать 0.002967 0.0 0.0
название 0.002967 0.0 0.0
назвать 0.002967 0.0 0.0
наслать 0.002967 0.0 0.0
наука 0.008902 1.966113 0.017502
научный 0.002967 3.218876 0.009552
находиться 0.002967 4.60517 0.013665
наш 0.005935 0.0 0.0
негативный 0.002967 4.60517 0.013665
новость 0.002967 0.0 0.0
новый 0.011869 0.0 0.0
ноутбук 0.002967 0.0 0.0
нужный 0.002967 0.0 0.0
обеспечение 0.002967 2.813411 0.008348
обзор 0.002967 0.0 0.0
область 0.002967 2.120264 0.006292
обработка 0.002967 0.0 0.0
образец 0.005935 0.0 0.0
образный 0.002967 3.218876 0.009552
объявить 0.002967 0.0 0.0
один 0.002967 1.771957 0.005258
одноклассник 0.005935 0.0 0.0
октябрь 0.002967 4.60517 0.013665
орбита 0.002967 0.0 0.0
орбитальный 0.002967 3.506558 0.010405
организм 0.002967 3.912023 0.011608
отдать 0.002967 0.0 0.0
отечественный 0.002967 0.0 0.0
отказ 0.002967 0.0 0.0
отказаться 0.002967 0.0 0.0
отключить 0.002967 0.0 0.0
очень 0.005935 0.0 0.0
ошибка 0.002967 0.0 0.0
передний 0.002967 0.0 0.0
период 0.005935 0.0 0.0
периферия 0.005935 0.0 0.0
персональный 0.005935 0.0 0.0
пиар 0.005935 0.0 0.0
планирование 0.002967 3.912023 0.011608
планшет 0.002967 0.0 0.0
платформа 0.005935 0.0 0.0
плодовый 0.002967 4.60517 0.013665
подвергаться 0.002967 4.60517 0.013665
подвести 0.002967 0.0 0.0
поднять 0.002967 0.0 0.0
подробный 0.002967 0.0 0.0
позволить 0.002967 2.65926 0.007891
поиск 0.005935 0.0 0.0
пока 0.005935 0.0 0.0
полезный 0.002967 0.0 0.0
политика 0.008902 0.0 0.0
полноприводный 0.002967 0.0 0.0
получить 0.011869 2.407946 0.028581
полёт 0.002967 0.0 0.0
помочь 0.002967 2.813411 0.008348
понять 0.005935 3.506558 0.02081
попробовать 0.005935 0.0 0.0
популярный 0.005935 0.0 0.0
посещать 0.005935 0.0 0.0
последствие 0.002967 4.60517 0.013665
прайс 0.005935 0.0 0.0
пребывание 0.002967 3.912023 0.011608
предназначить 0.002967 3.218876 0.009552
представить 0.002967 0.0 0.0
прибавка 0.005935 0.0 0.0
привод 0.002967 0.0 0.0
принтер 0.002967 0.0 0.0
пробизнес 0.005935 0.0 0.0
проведение 0.002967 0.0 0.0
провести 0.002967 3.912023 0.011608
программа 0.002967 0.0 0.0
продавать 0.005935 0.0 0.0
продажа 0.002967 0.0 0.0
продолжать 0.002967 0.0 0.0
проект 0.005935 0.0 0.0
проектор 0.002967 0.0 0.0
пролить 0.005935 0.0 0.0
протяжение 0.002967 4.60517 0.013665
процесс 0.002967 0.0 0.0
путешествие 0.002967 4.60517 0.013665
работа 0.002967 0.0 0.0
развитие 0.008902 2.407946 0.021436
разработка 0.002967 2.207275 0.00655
расположить 0.002967 4.60517 0.013665
рассчитать 0.002967 4.60517 0.013665
расширение 0.002967 2.813411 0.008348
реальный 0.002967 0.0 0.0
результат 0.002967 0.0 0.0
реклама 0.005935 0.0 0.0
решать 0.002967 0.0 0.0
россия 0.002967 0.0 0.0
россиянин 0.002967 0.0 0.0
рубль 0.002967 0.0 0.0
рынок 0.005935 0.0 0.0
сайт 0.005935 0.0 0.0
самолёт 0.002967 0.0 0.0
самый 0.005935 0.0 0.0
сантиметр 0.002967 0.0 0.0
сбор 0.002967 0.0 0.0
свет 0.005935 0.0 0.0
связь 0.008902 0.0 0.0
сегодня 0.005935 0.0 0.0
сервер 0.002967 0.0 0.0
сервис 0.002967 0.0 0.0
сертификация 0.002967 0.0 0.0
сеть 0.002967 0.0 0.0
скоро 0.005935 0.0 0.0
снова 0.005935 0.0 0.0
советский 0.005935 0.0 0.0
соглашаться 0.002967 0.0 0.0
сотрудничество 0.002967 2.525729 0.007495
спасти 0.005935 0.0 0.0
способствовать 0.005935 4.60517 0.02733
среда 0.008902 0.0 0.0
ссылка 0.002967 0.0 0.0
стадия 0.002967 3.218876 0.009552
станция 0.008902 2.407946 0.021436
стартовать 0.005935 0.0 0.0
статистика 0.005935 0.0 0.0
стать 0.002967 0.0 0.0
статья 0.002967 0.0 0.0
стоимость 0.005935 0.0 0.0
тайконавт 0.005935 0.0 0.0
тасс 0.005935 3.506558 0.02081
тег 0.002967 0.0 0.0
текст 0.005935 0.0 0.0
технический 0.005935 0.0 0.0
топ 0.005935 0.0 0.0
три 0.002967 0.71335 0.002117
тыс 0.005935 0.0 0.0
тяньгун 0.005935 4.60517 0.02733
убрать 0.002967 0.0 0.0
упасть 0.005935 0.0 0.0
условие 0.002967 1.771957 0.005258
устройство 0.002967 0.0 0.0
учёный 0.002967 1.89712 0.005629
файл 0.002967 0.0 0.0
флагманский 0.002967 0.0 0.0
форма 0.002967 0.0 0.0
фундаментальный 0.002967 0.0 0.0
хит 0.002967 0.0 0.0
ценный 0.002967 3.912023 0.011608
человек 0.008902 0.0 0.0
шесть 0.008902 2.525729 0.022484
экипаж 0.005935 3.218876 0.019103
эксперимент 0.002967 1.832581 0.005438
экспорт 0.005935 0.0 0.0
эмбрион 0.005935 0.0 0.0
южный 0.002967 0.0 0.0
