авиалайнер 0.003236 0.0 0.0
австралия 0.003236 0.0 0.0
автоваз 0.006472 0.0 0.0
автомат 0.003236 0.0 0.0
автопроизводитель 0.003236 0.0 0.0
автор 0.009709 0.0 0.0
администрация 0.003236 0.0 0.0
адрес 0.006472 0.0 0.0
америка 0.003236 0.0 0.0
аналитик 0.003236 0.0 0.0
аномалия 0.006472 3.912023 0.025321
белок 0.003236 0.0 0.0
бесплатный 0.003236 3.506558 0.011348
биологический 0.006472 0.0 0.0
ближний 0.003236 0.0 0.0
блог 0.003236 0.0 0.0
быстро 0.006472 0.0 0.0
быть 0.003236 0.0 0.0
великобритания 0.003236 3.506558 0.011348
вес 0.003236 0.0 0.0
весь 0.003236 0.0 0.0
видеокарта 0.003236 0.0 0.0
внедорожник 0.003236 0.0 0.0
войти 0.006472 0.0 0.0
вопрос 0.003236 1.660731 0.005375
восток 0.003236 0.0 0.0
время 0.006472 1.427116 0.009237
входить 0.003236 0.0 0.0
выделить 0.003236 0.0 0.0
выхлоп 0.003236 3.912023 0.01266
выходить 0.003236 0.0 0.0
главный 0.003236 0.0 0.0
год 0.003236 0.0 0.0
готовиться 0.003236 3.506558 0.011348
данные 0.006472 0.0 0.0
двигатель 0.019417 0.0 0.0
девятый 0.003236 3.506558 0.011348
деградировать 0.003236 3.506558 0.011348
дизайн 0.006472 0.0 0.0
директор 0.006472 0.0 0.0
доллар 0.003236 0.0 0.0
дом 0.006472 0.0 0.0
доработка 0.003236 3.912023 0.01266
доставить 0.003236 0.0 0.0
достигать 0.003236 0.0 0.0
другой 0.003236 1.771957 0.005734
завершить 0.003236 0.0 0.0
закончиться 0.003236 3.912023 0.01266
замена 0.006472 2.995732 0.01939
заметить 0.003236 3.912023 0.01266
запуск 0.006472 1.272966 0.008239
запустить 0.003236 2.525729 0.008174
зарядный 0.003236 3.218876 0.010417
защита 0.003236 0.0 0.0
заявление 0.006472 4.60517 0.029807
земля 0.006472 0.0 0.0
зонд 0.009709 0.0 0.0
игра 0.003236 0.0 0.0
измениться 0.003236 3.506558 0.011348
инновационный 0.006472 0.0 0.0
информация 0.003236 0.0 0.0
использование 0.003236 0.0 0.0
испытательный 0.003236 3.506558 0.011348
исследование 0.003236 0.0 0.0
источник 0.006472 0.0 0.0
кадр 0.006472 2.302585 0.014903
календарь 0.006472 0.0 0.0
категория 0.003236 0.0 0.0
кг 0.006472 0.0 0.0
километр 0.003236 0.0 0.0
классический 0.003236 0.0 0.0
клон 0.006472 0.0 0.0
комментарий 0.003236 4.60517 0.014903
комментирование 0.003236 0.0 0.0
комфортный 0.006472 0.0 0.0
конференция 0.006472 0.0 0.0
корея 0.003236 0.0 0.0
корпус 0.003236 0.0 0.0
космос 0.009709 0.0 0.0
кроссовер 0.006472 0.0 0.0
кубический 0.003236 0.0 0.0
кук 0.003236 0.0 0.0
летать 0.006472 0.0 0.0
лист 0.003236 0.0 0.0
май 0.009709 0.0 0.0
майский 0.006472 3.506558 0.022696
марк 0.003236 0.0 0.0
материал 0.003236 0.0 0.0
машина 0.003236 0.0 0.0
межпланетный 0.006472 0.0 0.0
менять 0.003236 0.0 0.0
миллион 0.003236 0.0 0.0
минимум 0.003236 2.65926 0.008606
мир 0.003236 0.0 0.0
мобильный 0.003236 0.0 0.0
модель 0.003236 0.867501 0.002807
момент 0.006472 0.0 0.0
монитор 0.003236 0.0 0.0
мотобренд 0.003236 0.0 0.0
мотоцикл 0.003236 0.0 0.0
мочь 0.003236 0.0 0.0
нажать 0.003236 0.0 0.0
название 0.003236 0.0 0.0
назвать 0.003236 0.0 0.0
наметить 0.003236 4.60517 0.014903
напомнить 0.003236 3.506558 0.011348
наслать 0.003236 0.0 0.0
наш 0.006472 0.0 0.0
неисправность 0.003236 4.60517 0.014903
немедленно 0.006472 4.60517 0.029807
неполадка 0.003236 3.218876 0.010417
нецелесообразный 0.003236 3.506558 0.011348
новость 0.003236 0.0 0.0
новый 0.012945 0.0 0.0
ноутбук 0.003236 0.0 0.0
нужный 0.003236 0.0 0.0
обзор 0.003236 0.0 0.0
обработка 0.003236 0.0 0.0
образец 0.003236 0.0 0.0
объявить 0.003236 0.0 0.0
одноклассник 0.006472 0.0 0.0
опубликовать 0.003236 4.60517 0.014903
орбита 0.003236 0.0 0.0
осколок 0.006472 2.813411 0.01821
остановить 0.003236 3.912023 0.01266
отдать 0.003236 0.0 0.0
отечественный 0.003236 0.0 0.0
отказ 0.003236 0.0 0.0
отказаться 0.003236 0.0 0.0
отключить 0.003236 0.0 0.0
официальный 0.006472 2.995732 0.01939
очень 0.006472 0.0 0.0
ошибка 0.003236 0.0 0.0
передний 0.003236 0.0 0.0
период 0.006472 0.0 0.0
периферия 0.006472 0.0 0.0
персональный 0.006472 0.0 0.0
пиар 0.006472 0.0 0.0
пламя 0.003236 3.506558 0.011348
планировать 0.003236 4.60517 0.014903
планшет 0.003236 0.0 0.0
платформа 0.006472 0.0 0.0
повреждение 0.003236 2.813411 0.009105
подвести 0.003236 0.0 0.0
поднять 0.003236 0.0 0.0
подробный 0.003236 0.0 0.0
поиск 0.006472 0.0 0.0
пока 0.006472 0.0 0.0
полезный 0.003236 0.0 0.0
политика 0.009709 0.0 0.0
полноприводный 0.003236 0.0 0.0
полёт 0.012945 0.0 0.0
попробовать 0.006472 0.0 0.0
популярный 0.009709 0.0 0.0
посещать 0.006472 0.0 0.0
потребоваться 0.003236 3.912023 0.01266
появиться 0.003236 2.813411 0.009105
прайс 0.006472 0.0 0.0
предположительно 0.006472 3.506558 0.022696
представить 0.003236 0.0 0.0
прибавка 0.006472 0.0 0.0
привод 0.003236 0.0 0.0
принтер 0.003236 0.0 0.0
пробизнес 0.006472 0.0 0.0
проведение 0.003236 0.0 0.0
провести 0.003236 2.525729 0.008174
программа 0.003236 0.0 0.0
продавать 0.006472 0.0 0.0
продажа 0.003236 0.0 0.0
продолжать 0.003236 0.0 0.0
проект 0.006472 0.0 0.0
проектор 0.003236 0.0 0.0
прожига 0.009709 3.218876 0.031251
производство 0.006472 2.302585 0.014903
произойти 0.003236 4.60517 0.014903
пролить 0.006472 0.0 0.0
прототип 0.003236 2.65926 0.008606
процесс 0.003236 0.0 0.0
работа 0.003236 0.0 0.0
работать 0.006472 2.65926 0.017212
раздавать 0.003236 3.506558 0.011348
ранний 0.003236 2.813411 0.009105
реальный 0.003236 0.0 0.0
результат 0.003236 0.0 0.0
реклама 0.006472 0.0 0.0
решать 0.003236 0.0 0.0
россия 0.003236 0.0 0.0
россиянин 0.003236 0.0 0.0
рубль 0.003236 0.0 0.0
рынок 0.006472 0.0 0.0
сайт 0.006472 0.0 0.0
самолёт 0.003236 0.0 0.0
самый 0.006472 0.0 0.0
сантиметр 0.003236 0.0 0.0
сбор 0.003236 0.0 0.0
свет 0.006472 0.0 0.0
связать 0.003236 4.60517 0.014903
связь 0.009709 0.0 0.0
сдвинуться 0.006472 4.60517 0.029807
сегодня 0.006472 0.0 0.0
секунда 0.003236 3.912023 0.01266
сервер 0.003236 0.0 0.0
сервис 0.003236 0.0 0.0
середина 0.003236 3.506558 0.011348
сертификация 0.003236 0.0 0.0
серьёзный 0.003236 4.60517 0.014903
сеть 0.003236 0.0 0.0
скидка 0.003236 2.65926 0.008606
склад 0.006472 2.995732 0.01939
скоро 0.006472 0.0 0.0
снова 0.006472 0.0 0.0
советский 0.006472 0.0 0.0
соглашаться 0.003236 0.0 0.0
сократить 0.003236 2.120264 0.006862
спасти 0.006472 0.0 0.0
среда 0.006472 0.0 0.0
срок 0.003236 2.207275 0.007143
ссылка 0.003236 0.0 0.0
станция 0.003236 2.407946 0.007793
стартовать 0.003236 0.0 0.0
статистика 0.006472 0.0 0.0
статический 0.006472 3.912023 0.025321
стать 0.003236 0.0 0.0
статья 0.003236 0.0 0.0
стоимость 0.006472 0.0 0.0
тайконавт 0.003236 0.0 0.0
тег 0.003236 0.0 0.0
текст 0.006472 0.0 0.0
технический 0.006472 0.0 0.0
топ 0.006472 0.0 0.0
топливо 0.003236 2.65926 0.008606
турбонасос 0.003236 4.60517 0.014903
тыс 0.006472 0.0 0.0
убрать 0.003236 0.0 0.0
упасть 0.006472 0.0 0.0
установка 0.003236 2.525729 0.008174
устройство 0.003236 0.0 0.0
утечка 0.003236 3.912023 0.01266
файл 0.003236 0.0 0.0
финальный 0.003236 2.995732 0.009695
флагманский 0.003236 0.0 0.0
фундаментальный 0.003236 0.0 0.0
хит 0.003236 0.0 0.0
цвет 0.006472 2.302585 0.014903
часть 0.006472 2.407946 0.015585
человек 0.003236 0.0 0.0
шесть 0.003236 2.525729 0.008174
экспорт 0.006472 0.0 0.0
эмбрион 0.003236 0.0 0.0
южный 0.003236 0.0 0.0
