абсолютно 0.005063 2.407946 0.012192
авиалайнер 0.002532 0.0 0.0
австралия 0.002532 0.0 0.0
автоваз 0.005063 0.0 0.0
автомат 0.002532 0.0 0.0
автономный 0.002532 4.60517 0.011659
автопроизводитель 0.002532 0.0 0.0
автор 0.007595 0.0 0.0
администрация 0.002532 0.0 0.0
адрес 0.005063 0.0 0.0
аккаунт 0.002532 4.60517 0.011659
актив 0.002532 1.89712 0.004803
активный 0.002532 3.506558 0.008877
амбиция 0.002532 4.60517 0.011659
америка 0.002532 0.0 0.0
американский 0.002532 2.525729 0.006394
аналитик 0.002532 0.0 0.0
анонсировать 0.002532 2.813411 0.007123
аппарат 0.005063 1.660731 0.008409
ассистент 0.005063 4.60517 0.023317
аудитория 0.005063 4.60517 0.023317
база 0.002532 3.506558 0.008877
базовый 0.002532 2.995732 0.007584
безопасность 0.002532 1.714798 0.004341
белок 0.002532 0.0 0.0
бесплатный 0.002532 4.60517 0.011659
бизнес 0.010127 0.0 0.0
биологический 0.005063 0.0 0.0
ближний 0.002532 0.0 0.0
блог 0.002532 0.0 0.0
большинство 0.005063 3.218876 0.016298
бот 0.002532 0.0 0.0
быстро 0.005063 0.0 0.0
быть 0.002532 0.0 0.0
важно 0.005063 2.120264 0.010736
вес 0.002532 0.0 0.0
весь 0.002532 0.0 0.0
видеокарта 0.002532 0.0 0.0
внедорожник 0.002532 0.0 0.0
внедрение 0.002532 2.65926 0.006732
вовлечённость 0.005063 4.60517 0.023317
возможность 0.002532 1.832581 0.004639
войти 0.005063 0.0 0.0
восток 0.002532 0.0 0.0
входить 0.002532 0.0 0.0
выделить 0.002532 0.0 0.0
высокий 0.002532 3.912023 0.009904
выходить 0.002532 0.0 0.0
глава 0.005063 2.813411 0.014245
главный 0.002532 0.0 0.0
глобальный 0.002532 2.65926 0.006732
год 0.005063 0.0 0.0
данные 0.005063 0.0 0.0
двигатель 0.007595 0.0 0.0
делать 0.002532 2.040221 0.005165
демонстрировать 0.002532 2.813411 0.007123
дизайн 0.005063 0.0 0.0
директор 0.005063 0.0 0.0
доллар 0.002532 0.0 0.0
дом 0.005063 0.0 0.0
доминировать 0.002532 3.912023 0.009904
доставить 0.002532 0.0 0.0
достигать 0.002532 0.0 0.0
достигнуть 0.002532 0.0 0.0
доход 0.002532 3.506558 0.008877
другой 0.002532 1.771957 0.004486
ежемесячный 0.002532 4.60517 0.011659
завершить 0.002532 0.0 0.0
закрепление 0.002532 4.60517 0.011659
запретить 0.002532 3.506558 0.008877
зафиксировать 0.002532 4.60517 0.011659
защита 0.002532 0.0 0.0
звонок 0.002532 4.60517 0.011659
земля 0.005063 0.0 0.0
значительный 0.002532 4.60517 0.011659
зонд 0.007595 0.0 0.0
игра 0.002532 0.0 0.0
идти 0.002532 2.995732 0.007584
иллюстрация 0.005063 2.120264 0.010736
инновационный 0.005063 0.0 0.0
иной 0.002532 2.302585 0.005829
инструмент 0.002532 1.89712 0.004803
интеграция 0.002532 2.65926 0.006732
интеллект 0.010127 1.966113 0.01991
интерфейс 0.005063 2.525729 0.012788
информация 0.002532 0.0 0.0
искусственный 0.010127 2.040221 0.02066
использование 0.002532 0.0 0.0
испытание 0.002532 2.525729 0.006394
исследование 0.002532 0.0 0.0
источник 0.005063 0.0 0.0
итог 0.002532 2.813411 0.007123
календарь 0.005063 0.0 0.0
категория 0.002532 0.0 0.0
квартал 0.002532 2.813411 0.007123
кг 0.005063 0.0 0.0
километр 0.002532 0.0 0.0
классический 0.002532 0.0 0.0
клиент 0.002532 2.813411 0.007123
клон 0.005063 0.0 0.0
ключевой 0.002532 1.966113 0.004978
комментирование 0.002532 0.0 0.0
коммерческий 0.002532 3.218876 0.008149
коммуникация 0.002532 4.60517 0.011659
компания 0.010127 0.693147 0.007019
комфортный 0.005063 0.0 0.0
конференц 0.005063 0.0 0.0
конференция 0.005063 0.0 0.0
корея 0.002532 0.0 0.0
корпоративный 0.002532 4.60517 0.011659
корпус 0.002532 0.0 0.0
космос 0.007595 0.0 0.0
который 0.002532 1.139434 0.002885
кроссовер 0.005063 0.0 0.0
кубический 0.002532 0.0 0.0
кук 0.002532 0.0 0.0
купить 0.002532 2.995732 0.007584
летать 0.005063 0.0 0.0
лидер 0.002532 2.995732 0.007584
лист 0.002532 0.0 0.0
май 0.007595 0.0 0.0
марк 0.007595 0.0 0.0
материал 0.002532 0.0 0.0
машина 0.002532 0.0 0.0
межпланетный 0.005063 0.0 0.0
менять 0.002532 0.0 0.0
мессенджер 0.012658 4.60517 0.058293
миллион 0.002532 0.0 0.0
мир 0.005063 0.0 0.0
млн 0.005063 1.108663 0.005613
млрд 0.005063 2.302585 0.011659
многоразовый 0.005063 3.506558 0.017755
мобильный 0.002532 0.0 0.0
момент 0.005063 0.0 0.0
монитор 0.002532 0.0 0.0
мотобренд 0.002532 0.0 0.0
мотоцикл 0.002532 0.0 0.0
мочь 0.002532 0.0 0.0
надеяться 0.002532 4.60517 0.011659
нажать 0.002532 0.0 0.0
название 0.002532 0.0 0.0
назвать 0.002532 0.0 0.0
направление 0.005063 4.60517 0.023317
наслать 0.002532 0.0 0.0
наш 0.007595 0.0 0.0
новость 0.002532 0.0 0.0
новый 0.007595 0.0 0.0
ноутбук 0.002532 0.0 0.0
нужный 0.002532 0.0 0.0
ныне 0.005063 2.995732 0.015168
обзор 0.002532 0.0 0.0
область 0.002532 2.120264 0.005368
обработка 0.002532 0.0 0.0
образец 0.002532 0.0 0.0
обращение 0.002532 4.60517 0.011659
обучать 0.005063 3.912023 0.019808
обучение 0.002532 3.218876 0.008149
общение 0.002532 3.506558 0.008877
объявить 0.005063 0.0 0.0
один 0.002532 1.560648 0.003951
одноклассник 0.005063 0.0 0.0
орбита 0.002532 0.0 0.0
основать 0.002532 3.912023 0.009904
особенно 0.005063 1.609438 0.008149
оставаться 0.002532 1.966113 0.004978
отдать 0.002532 0.0 0.0
отдельный 0.002532 3.506558 0.008877
отечественный 0.002532 0.0 0.0
отказ 0.002532 0.0 0.0
отказаться 0.002532 0.0 0.0
отключить 0.002532 0.0 0.0
отметить 0.002532 2.65926 0.006732
отметка 0.002532 3.506558 0.008877
охват 0.002532 2.995732 0.007584
очень 0.005063 0.0 0.0
ошибка 0.002532 0.0 0.0
параллельно 0.005063 1.89712 0.009606
первый 0.002532 2.207275 0.005588
передний 0.002532 0.0 0.0
переписка 0.002532 4.60517 0.011659
период 0.005063 0.0 0.0
периферия 0.005063 0.0 0.0
персональный 0.007595 0.0 0.0
пиар 0.005063 0.0 0.0
план 0.002532 0.0 0.0
планшет 0.002532 0.0 0.0
платформа 0.007595 0.0 0.0
подвести 0.002532 0.0 0.0
поднять 0.002532 0.0 0.0
подробный 0.002532 0.0 0.0
позиция 0.005063 4.60517 0.023317
поиск 0.005063 0.0 0.0
пока 0.005063 0.0 0.0
полезный 0.002532 0.0 0.0
политика 0.007595 0.0 0.0
полноприводный 0.002532 0.0 0.0
пользователь 0.002532 2.525729 0.006394
пользовательский 0.002532 3.912023 0.009904
полёт 0.002532 0.0 0.0
попробовать 0.005063 0.0 0.0
популярный 0.005063 0.0 0.0
посещать 0.005063 0.0 0.0
поэтому 0.005063 3.506558 0.017755
пояснить 0.002532 2.040221 0.005165
прайс 0.005063 0.0 0.0
превысить 0.002532 2.65926 0.006732
представить 0.002532 0.0 0.0
прежний 0.002532 4.60517 0.011659
преодолеть 0.002532 3.218876 0.008149
прибавка 0.005063 0.0 0.0
привод 0.002532 0.0 0.0
признать 0.002532 3.506558 0.008877
приложение 0.007595 3.912023 0.029712
принести 0.002532 4.60517 0.011659
приносить 0.002532 3.912023 0.009904
принтер 0.002532 0.0 0.0
пробизнес 0.005063 0.0 0.0
проведение 0.002532 0.0 0.0
программа 0.002532 0.0 0.0
продавать 0.005063 0.0 0.0
продажа 0.002532 0.0 0.0
продолжать 0.002532 0.0 0.0
проект 0.005063 0.0 0.0
проектор 0.002532 0.0 0.0
происходить 0.002532 4.60517 0.011659
пролить 0.005063 0.0 0.0
профессиональный 0.002532 4.60517 0.011659
профиль 0.002532 4.60517 0.011659
процесс 0.002532 0.0 0.0
работа 0.002532 0.0 0.0
развитие 0.005063 2.407946 0.012192
разрабатывать 0.002532 3.218876 0.008149
рамка 0.002532 2.302585 0.005829
расти 0.002532 2.813411 0.007123
расширение 0.005063 4.60517 0.023317
реальный 0.002532 0.0 0.0
регион 0.002532 2.995732 0.007584
результат 0.007595 0.0 0.0
реклама 0.007595 0.0 0.0
решать 0.002532 0.0 0.0
роль 0.002532 0.0 0.0
россия 0.002532 0.0 0.0
россиянин 0.002532 0.0 0.0
рост 0.005063 0.755023 0.003823
рубль 0.002532 0.0 0.0
рынок 0.007595 0.0 0.0
сайт 0.007595 0.0 0.0
самолёт 0.002532 0.0 0.0
самый 0.005063 0.0 0.0
сантиметр 0.002532 0.0 0.0
сбор 0.002532 0.0 0.0
свет 0.005063 0.0 0.0
свой 0.002532 2.813411 0.007123
связь 0.007595 0.0 0.0
сегодня 0.005063 0.0 0.0
семейство 0.002532 4.60517 0.011659
сервер 0.002532 0.0 0.0
сервис 0.007595 0.0 0.0
сертификация 0.002532 0.0 0.0
сеть 0.002532 0.0 0.0
скоро 0.005063 0.0 0.0
смочь 0.002532 2.65926 0.006732
снова 0.005063 0.0 0.0
советский 0.005063 0.0 0.0
соглашаться 0.002532 0.0 0.0
сообщить 0.002532 3.506558 0.008877
сохранять 0.002532 2.995732 0.007584
спасти 0.005063 0.0 0.0
среда 0.005063 0.0 0.0
ссылка 0.002532 0.0 0.0
ставка 0.002532 2.813411 0.007123
стандартный 0.002532 3.912023 0.009904
стартовать 0.002532 0.0 0.0
статистика 0.005063 0.0 0.0
стать 0.007595 0.0 0.0
статья 0.002532 0.0 0.0
стоимость 0.005063 0.0 0.0
стратегия 0.002532 2.995732 0.007584
тайконавт 0.002532 0.0 0.0
тег 0.002532 0.0 0.0
текст 0.005063 0.0 0.0
тестировать 0.002532 2.407946 0.006096
технический 0.005063 0.0 0.0
топ 0.005063 0.0 0.0
три 0.002532 0.693147 0.001755
тыс 0.005063 0.0 0.0
убрать 0.002532 0.0 0.0
укрепить 0.005063 3.912023 0.019808
упасть 0.005063 0.0 0.0
управление 0.005063 2.525729 0.012788
усиление 0.005063 4.60517 0.023317
усиливать 0.002532 2.65926 0.006732
ускориться 0.002532 4.60517 0.011659
устройство 0.002532 0.0 0.0
файл 0.002532 0.0 0.0
финансовый 0.005063 3.506558 0.017755
флагманский 0.002532 0.0 0.0
фокус 0.005063 2.525729 0.012788
фундаментальный 0.002532 0.0 0.0
функция 0.002532 3.506558 0.008877
хит 0.002532 0.0 0.0
ход 0.002532 0.0 0.0
цукерберг 0.005063 4.60517 0.023317
часть 0.005063 2.407946 0.012192
чат 0.007595 1.049822 0.007973
человек 0.007595 0.0 0.0
эксперимент 0.005063 1.832581 0.009279
экспорт 0.005063 0.0 0.0
эмбрион 0.002532 0.0 0.0
южный 0.002532 0.0 0.0
