авиалайнер 0.00241 0.0 0.0
австралия 0.00241 0.0 0.0
автоваз 0.004819 0.0 0.0
автомат 0.00241 0.0 0.0
автопроизводитель 0.00241 0.0 0.0
автор 0.007229 0.0 0.0
администрация 0.00241 0.0 0.0
адрес 0.004819 0.0 0.0
альтернативный 0.00241 3.218876 0.007756
америка 0.00241 0.0 0.0
американский 0.004819 2.813411 0.013559
анализ 0.00241 1.966113 0.004738
аналитик 0.00241 0.0 0.0
аномалия 0.00241 3.506558 0.00845
аспирантка 0.004819 4.60517 0.022194
астероид 0.007229 2.995732 0.021656
белок 0.00241 0.0 0.0
биологический 0.004819 0.0 0.0
ближний 0.00241 0.0 0.0
блог 0.00241 0.0 0.0
быстро 0.004819 0.0 0.0
быть 0.00241 0.0 0.0
вес 0.00241 0.0 0.0
веста 0.009639 4.60517 0.044387
весь 0.00241 0.0 0.0
видеокарта 0.00241 0.0 0.0
влиять 0.00241 3.218876 0.007756
внедорожник 0.00241 0.0 0.0
внутренний 0.00241 3.912023 0.009427
войти 0.004819 0.0 0.0
вопрос 0.004819 1.660731 0.008004
восток 0.00241 0.0 0.0
вращение 0.004819 2.65926 0.012816
второй 0.004819 2.995732 0.014437
входить 0.00241 0.0 0.0
выделить 0.00241 0.0 0.0
выходить 0.00241 0.0 0.0
гипотеза 0.007229 4.60517 0.03329
главный 0.00241 0.0 0.0
гласить 0.00241 4.60517 0.011097
год 0.007229 0.0 0.0
гонка 0.00241 2.407946 0.005802
государственный 0.00241 4.60517 0.011097
гравитационный 0.004819 3.506558 0.016899
данные 0.004819 0.0 0.0
два 0.00241 0.0 0.0
двигатель 0.007229 0.0 0.0
демонстрировать 0.00241 3.912023 0.009427
детальный 0.00241 3.912023 0.009427
дизайн 0.004819 0.0 0.0
директор 0.004819 0.0 0.0
дифференциация 0.004819 4.60517 0.022194
доллар 0.00241 0.0 0.0
дом 0.004819 0.0 0.0
доставить 0.00241 0.0 0.0
достигать 0.00241 0.0 0.0
древний 0.00241 4.60517 0.011097
завершить 0.004819 0.0 0.0
завершиться 0.00241 3.506558 0.00845
загадка 0.00241 3.218876 0.007756
запись 0.00241 3.912023 0.009427
зародыш 0.00241 4.60517 0.011097
заставлять 0.00241 2.813411 0.006779
защита 0.00241 0.0 0.0
земля 0.004819 0.0 0.0
зонд 0.007229 0.0 0.0
игра 0.00241 0.0 0.0
идентифицировать 0.00241 3.912023 0.009427
измерение 0.00241 3.912023 0.009427
измерить 0.00241 3.218876 0.007756
изображение 0.004819 1.514128 0.007297
изучать 0.00241 3.912023 0.009427
изучение 0.00241 3.218876 0.007756
инновационный 0.004819 0.0 0.0
иной 0.00241 2.525729 0.006086
информация 0.00241 0.0 0.0
искать 0.004819 3.912023 0.018853
использование 0.00241 0.0 0.0
исследование 0.004819 0.0 0.0
исследовательский 0.004819 3.506558 0.016899
история 0.00241 2.995732 0.007219
источник 0.004819 0.0 0.0
календарь 0.004819 0.0 0.0
категория 0.00241 0.0 0.0
кг 0.004819 0.0 0.0
километр 0.00241 0.0 0.0
китайский 0.007229 2.120264 0.015327
классический 0.00241 0.0 0.0
клон 0.004819 0.0 0.0
кнр 0.004819 3.218876 0.015513
команда 0.004819 2.120264 0.010218
комментирование 0.00241 0.0 0.0
комплекс 0.004819 2.65926 0.012816
комфортный 0.004819 0.0 0.0
конференция 0.004819 0.0 0.0
кора 0.00241 2.207275 0.005319
корея 0.00241 0.0 0.0
корпус 0.00241 0.0 0.0
космический 0.007229 1.771957 0.012809
космос 0.007229 0.0 0.0
который 0.00241 1.139434 0.002746
кроссовер 0.004819 0.0 0.0
крупный 0.00241 3.506558 0.00845
кубический 0.00241 0.0 0.0
кук 0.00241 0.0 0.0
летать 0.004819 0.0 0.0
лист 0.00241 0.0 0.0
май 0.007229 0.0 0.0
мантия 0.00241 4.60517 0.011097
марк 0.00241 0.0 0.0
масса 0.00241 3.218876 0.007756
материал 0.00241 0.0 0.0
машина 0.00241 0.0 0.0
мегагруппировка 0.00241 3.506558 0.00845
межпланетный 0.004819 0.0 0.0
менять 0.00241 0.0 0.0
металлический 0.00241 4.60517 0.011097
метеоритный 0.00241 4.60517 0.011097
миллион 0.00241 0.0 0.0
мир 0.00241 0.0 0.0
миссия 0.009639 1.309333 0.01262
мобильный 0.00241 0.0 0.0
моделирование 0.004819 3.218876 0.015513
модель 0.00241 0.867501 0.00209
момент 0.004819 0.0 0.0
монитор 0.00241 0.0 0.0
мотобренд 0.00241 0.0 0.0
мотоцикл 0.00241 0.0 0.0
мочь 0.004819 0.0 0.0
мусор 0.007229 2.813411 0.020338
нагрев 0.00241 3.506558 0.00845
нажать 0.00241 0.0 0.0
название 0.00241 0.0 0.0
назвать 0.00241 0.0 0.0
наслать 0.00241 0.0 0.0
начало 0.00241 1.89712 0.004571
наш 0.004819 0.0 0.0
небесный 0.004819 4.60517 0.022194
неудавшийся 0.00241 4.60517 0.011097
новость 0.00241 0.0 0.0
новый 0.007229 0.0 0.0
ноутбук 0.00241 0.0 0.0
нужный 0.00241 0.0 0.0
обзор 0.00241 0.0 0.0
обломок 0.004819 4.60517 0.022194
обнаружить 0.00241 2.995732 0.007219
обработка 0.00241 0.0 0.0
образец 0.00241 0.0 0.0
образный 0.004819 3.506558 0.016899
объект 0.004819 2.207275 0.010637
объявить 0.00241 0.0 0.0
одноклассник 0.004819 0.0 0.0
оказаться 0.007229 2.525729 0.018258
опережать 0.00241 3.506558 0.00845
орбита 0.00241 0.0 0.0
осколок 0.004819 2.813411 0.013559
осложнить 0.00241 4.60517 0.011097
остановка 0.00241 3.912023 0.009427
отдать 0.00241 0.0 0.0
отечественный 0.00241 0.0 0.0
отказ 0.00241 0.0 0.0
отказаться 0.00241 0.0 0.0
отключить 0.00241 0.0 0.0
открывать 0.00241 3.912023 0.009427
открытие 0.004819 2.525729 0.012172
отметить 0.00241 1.427116 0.003439
отсутствовать 0.00241 4.60517 0.011097
очень 0.004819 0.0 0.0
ошибка 0.00241 0.0 0.0
парк 0.004819 3.218876 0.015513
первый 0.00241 2.120264 0.005109
передний 0.00241 0.0 0.0
перекалибровка 0.00241 4.60517 0.011097
переосмыслить 0.004819 4.60517 0.022194
пересмотреть 0.00241 2.525729 0.006086
период 0.004819 0.0 0.0
периферия 0.004819 0.0 0.0
персональный 0.004819 0.0 0.0
пиар 0.004819 0.0 0.0
планета 0.009639 0.0 0.0
планшет 0.00241 0.0 0.0
платформа 0.004819 0.0 0.0
плотный 0.00241 4.60517 0.011097
подвести 0.00241 0.0 0.0
поднять 0.00241 0.0 0.0
подробный 0.00241 0.0 0.0
подтвердиться 0.00241 4.60517 0.011097
подтверждение 0.004819 4.60517 0.022194
подход 0.004819 1.89712 0.009143
подчеркнуть 0.00241 2.040221 0.004916
поиск 0.004819 0.0 0.0
пока 0.004819 0.0 0.0
показать 0.00241 2.302585 0.005548
полезный 0.00241 0.0 0.0
политика 0.007229 0.0 0.0
полноприводный 0.00241 0.0 0.0
полёт 0.00241 0.0 0.0
попробовать 0.004819 0.0 0.0
популярный 0.004819 0.0 0.0
пора 0.00241 0.0 0.0
посещать 0.004819 0.0 0.0
пояс 0.00241 1.89712 0.004571
прайс 0.004819 0.0 0.0
предполагать 0.00241 3.218876 0.007756
представить 0.00241 0.0 0.0
прежний 0.00241 4.60517 0.011097
прецессия 0.004819 4.60517 0.022194
прибавка 0.004819 0.0 0.0
привод 0.00241 0.0 0.0
признак 0.00241 4.60517 0.011097
принтер 0.00241 0.0 0.0
природа 0.00241 3.218876 0.007756
пробизнес 0.004819 0.0 0.0
проведение 0.00241 0.0 0.0
проверить 0.00241 3.912023 0.009427
провести 0.00241 3.912023 0.009427
программа 0.00241 0.0 0.0
продавать 0.004819 0.0 0.0
продажа 0.00241 0.0 0.0
продолжать 0.00241 0.0 0.0
проект 0.004819 0.0 0.0
проектор 0.00241 0.0 0.0
пролить 0.004819 0.0 0.0
прорыв 0.004819 1.714798 0.008264
протопланета 0.004819 3.912023 0.018853
профессор 0.004819 3.218876 0.015513
процесс 0.007229 0.0 0.0
работа 0.00241 0.0 0.0
радикальный 0.00241 4.60517 0.011097
разделение 0.00241 3.218876 0.007756
разрушить 0.00241 4.60517 0.011097
райан 0.00241 4.60517 0.011097
раскрыть 0.00241 3.506558 0.00845
распределение 0.004819 3.506558 0.016899
рассматриваться 0.00241 4.60517 0.011097
реальный 0.00241 0.0 0.0
результат 0.00241 0.0 0.0
реклама 0.004819 0.0 0.0
решать 0.00241 0.0 0.0
россия 0.00241 0.0 0.0
россиянин 0.00241 0.0 0.0
рубль 0.00241 0.0 0.0
руководство 0.00241 2.813411 0.006779
рынок 0.004819 0.0 0.0
сайт 0.004819 0.0 0.0
самолёт 0.00241 0.0 0.0
самый 0.004819 0.0 0.0
сантиметр 0.00241 0.0 0.0
сбор 0.00241 0.0 0.0
свет 0.004819 0.0 0.0
связь 0.007229 0.0 0.0
сегодня 0.004819 0.0 0.0
сей 0.00241 1.272966 0.003067
сервер 0.00241 0.0 0.0
сервис 0.00241 0.0 0.0
сертификация 0.00241 0.0 0.0
сеть 0.00241 0.0 0.0
система 0.004819 0.891598 0.004297
скоро 0.004819 0.0 0.0
смена 0.00241 2.813411 0.006779
снова 0.004819 0.0 0.0
советский 0.004819 0.0 0.0
соглашаться 0.00241 0.0 0.0
создавать 0.00241 2.813411 0.006779
солнечный 0.00241 2.995732 0.007219
сомнение 0.004819 4.60517 0.022194
соответствовать 0.00241 3.912023 0.009427
сорвать 0.004819 4.60517 0.022194
сохраниться 0.00241 3.912023 0.009427
спасти 0.004819 0.0 0.0
среда 0.004819 0.0 0.0
ссылка 0.00241 0.0 0.0
ставить 0.004819 1.771957 0.00854
станция 0.00241 2.813411 0.006779
стартовать 0.00241 0.0 0.0
статистика 0.004819 0.0 0.0
стать 0.004819 0.0 0.0
статья 0.00241 0.0 0.0
стоимость 0.004819 0.0 0.0
столкновение 0.00241 3.218876 0.007756
строить 0.00241 2.813411 0.006779
считаться 0.00241 4.60517 0.011097
съёмка 0.00241 4.60517 0.011097
тайконавт 0.00241 0.0 0.0
тайна 0.00241 3.912023 0.009427
тег 0.00241 0.0 0.0
текст 0.004819 0.0 0.0
тело 0.004819 0.0 0.0
теория 0.00241 3.912023 0.009427
термоядерный 0.004819 3.218876 0.015513
технический 0.004819 0.0 0.0
топ 0.004819 0.0 0.0
тыс 0.004819 0.0 0.0
убрать 0.00241 0.0 0.0
угрожать 0.00241 3.506558 0.00845
университет 0.00241 2.040221 0.004916
упасть 0.004819 0.0 0.0
устройство 0.00241 0.0 0.0
учёный 0.00241 1.966113 0.004738
файл 0.00241 0.0 0.0
флагманский 0.00241 0.0 0.0
формирование 0.007229 4.60517 0.03329
фрагмент 0.007229 3.218876 0.023269
фундаментальный 0.00241 0.0 0.0
хит 0.00241 0.0 0.0
часть 0.00241 2.302585 0.005548
человек 0.00241 0.0 0.0
шаг 0.00241 2.525729 0.006086
экспорт 0.004819 0.0 0.0
эмбрион 0.00241 0.0 0.0
эпоха 0.00241 3.912023 0.009427
южный 0.00241 0.0 0.0
ядро 0.007229 3.218876 0.023269
