авиалайнер 0.002268 0.0 0.0
австралия 0.002268 0.0 0.0
автоваз 0.004535 0.0 0.0
автомат 0.002268 0.0 0.0
автопроизводитель 0.002268 0.0 0.0
автор 0.006803 0.0 0.0
администрация 0.002268 0.0 0.0
адрес 0.004535 0.0 0.0
активность 0.004535 3.506558 0.015903
америка 0.002268 0.0 0.0
анализировать 0.002268 3.506558 0.007951
аналитик 0.002268 0.0 0.0
аномальный 0.002268 4.60517 0.010443
арп 0.002268 3.218876 0.007299
арпа 0.004535 4.60517 0.020885
асимметрия 0.002268 4.60517 0.010443
астроном 0.004535 3.506558 0.015903
астрономия 0.004535 3.506558 0.015903
атлас 0.004535 4.60517 0.020885
белок 0.002268 0.0 0.0
биологический 0.004535 0.0 0.0
ближний 0.002268 0.0 0.0
блог 0.002268 0.0 0.0
богатый 0.002268 3.506558 0.007951
будущий 0.002268 2.65926 0.00603
быстро 0.004535 0.0 0.0
быть 0.002268 0.0 0.0
вес 0.002268 0.0 0.0
весь 0.002268 0.0 0.0
ветвь 0.004535 4.60517 0.020885
взаимодействие 0.004535 2.813411 0.012759
взрыв 0.002268 2.995732 0.006793
видеокарта 0.002268 0.0 0.0
включать 0.002268 2.525729 0.005727
влияние 0.002268 2.65926 0.00603
внедорожник 0.002268 0.0 0.0
внимание 0.004535 2.65926 0.01206
возможность 0.004535 1.966113 0.008917
возникать 0.002268 4.60517 0.010443
возникнуть 0.002268 4.60517 0.010443
войти 0.006803 0.0 0.0
волна 0.004535 2.995732 0.013586
волокно 0.002268 4.60517 0.010443
волос 0.004535 3.218876 0.014598
восток 0.002268 0.0 0.0
впервые 0.004535 2.120264 0.009616
время 0.004535 1.427116 0.006472
вспышка 0.004535 4.60517 0.020885
входить 0.002268 0.0 0.0
выделить 0.002268 0.0 0.0
выходить 0.002268 0.0 0.0
газовый 0.004535 3.912023 0.017742
галактика 0.013605 2.813411 0.038278
главный 0.002268 0.0 0.0
год 0.011338 0.0 0.0
гравитационный 0.004535 3.506558 0.015903
данные 0.004535 0.0 0.0
дать 0.002268 0.941609 0.002135
два 0.002268 0.0 0.0
двигатель 0.006803 0.0 0.0
делать 0.002268 2.040221 0.004626
демонстрировать 0.002268 2.813411 0.00638
десятилетие 0.002268 2.65926 0.00603
детальный 0.002268 4.60517 0.010443
деформация 0.002268 4.60517 0.010443
джеймс 0.004535 3.912023 0.017742
дизайн 0.004535 0.0 0.0
динамика 0.002268 3.912023 0.008871
директор 0.004535 0.0 0.0
доллар 0.002268 0.0 0.0
дом 0.004535 0.0 0.0
доставить 0.002268 0.0 0.0
достигать 0.002268 0.0 0.0
другой 0.002268 1.771957 0.004018
дыра 0.002268 4.60517 0.010443
естественный 0.002268 3.218876 0.007299
завершить 0.002268 0.0 0.0
задание 0.002268 4.60517 0.010443
задействовать 0.002268 3.912023 0.008871
задокументировать 0.004535 4.60517 0.020885
запечатлеть 0.002268 3.506558 0.007951
заполнить 0.004535 4.60517 0.020885
запуск 0.002268 1.272966 0.002887
зарегистрировать 0.002268 3.912023 0.008871
защита 0.002268 0.0 0.0
звезда 0.004535 3.218876 0.014598
звездообразование 0.004535 4.60517 0.020885
звёздный 0.002268 3.912023 0.008871
земля 0.004535 0.0 0.0
зонд 0.006803 0.0 0.0
игра 0.002268 0.0 0.0
измерить 0.002268 3.218876 0.007299
изображение 0.004535 1.514128 0.006867
изучать 0.002268 4.60517 0.010443
изучение 0.004535 2.995732 0.013586
инновационный 0.004535 0.0 0.0
интерес 0.004535 2.407946 0.01092
интерфейс 0.002268 2.525729 0.005727
информация 0.002268 0.0 0.0
искать 0.002268 3.218876 0.007299
использование 0.002268 0.0 0.0
исследование 0.002268 0.0 0.0
источник 0.004535 0.0 0.0
календарь 0.004535 0.0 0.0
каталог 0.002268 4.60517 0.010443
категория 0.002268 0.0 0.0
кг 0.004535 0.0 0.0
километр 0.002268 0.0 0.0
китай 0.004535 1.171183 0.005311
классический 0.002268 0.0 0.0
клон 0.004535 0.0 0.0
км 0.004535 1.309333 0.005938
комментирование 0.002268 0.0 0.0
компьютер 0.004535 2.207275 0.01001
комфортный 0.004535 0.0 0.0
конференция 0.004535 0.0 0.0
корея 0.002268 0.0 0.0
корпус 0.002268 0.0 0.0
космический 0.004535 2.302585 0.010443
космос 0.006803 0.0 0.0
который 0.004535 1.386294 0.006287
кроссовер 0.004535 0.0 0.0
кубический 0.002268 0.0 0.0
кук 0.002268 0.0 0.0
летать 0.004535 0.0 0.0
лист 0.002268 0.0 0.0
луна 0.002268 2.995732 0.006793
май 0.006803 0.0 0.0
максимально 0.004535 3.912023 0.017742
марк 0.002268 0.0 0.0
материал 0.002268 0.0 0.0
машина 0.002268 0.0 0.0
межзвёздный 0.002268 4.60517 0.010443
межпланетный 0.004535 0.0 0.0
менять 0.002268 0.0 0.0
механизм 0.002268 3.506558 0.007951
миллион 0.002268 0.0 0.0
мир 0.002268 0.0 0.0
млн 0.004535 1.108663 0.005028
мобильный 0.002268 0.0 0.0
мозг 0.004535 2.813411 0.012759
молодой 0.002268 4.60517 0.010443
момент 0.004535 0.0 0.0
монитор 0.002268 0.0 0.0
морфологический 0.002268 4.60517 0.010443
мотобренд 0.002268 0.0 0.0
мотоцикл 0.002268 0.0 0.0
мочь 0.002268 0.0 0.0
наблюдатель 0.002268 4.60517 0.010443
наблюдательный 0.002268 4.60517 0.010443
наблюдение 0.002268 4.60517 0.010443
надеяться 0.002268 4.60517 0.010443
нажать 0.002268 0.0 0.0
название 0.002268 0.0 0.0
назвать 0.002268 0.0 0.0
направить 0.002268 3.912023 0.008871
наслать 0.002268 0.0 0.0
наш 0.004535 0.0 0.0
недавний 0.002268 4.60517 0.010443
необычный 0.002268 3.218876 0.007299
новость 0.002268 0.0 0.0
новый 0.006803 0.0 0.0
ноутбук 0.002268 0.0 0.0
нужный 0.002268 0.0 0.0
обзор 0.002268 0.0 0.0
обладать 0.002268 3.506558 0.007951
область 0.002268 2.120264 0.004808
обработка 0.002268 0.0 0.0
образец 0.002268 0.0 0.0
обратный 0.002268 3.912023 0.008871
объединить 0.002268 3.506558 0.007951
объект 0.00907 2.207275 0.020021
объявить 0.002268 0.0 0.0
одноклассник 0.004535 0.0 0.0
орбита 0.002268 0.0 0.0
основа 0.002268 1.89712 0.004302
основный 0.002268 4.60517 0.010443
оставаться 0.002268 1.966113 0.004458
осязание 0.002268 3.506558 0.007951
ответ 0.002268 1.714798 0.003888
отдать 0.002268 0.0 0.0
отечественный 0.002268 0.0 0.0
отказ 0.002268 0.0 0.0
отказаться 0.002268 0.0 0.0
отключить 0.002268 0.0 0.0
отмечать 0.002268 2.65926 0.00603
очень 0.004535 0.0 0.0
ошибка 0.002268 0.0 0.0
пауза 0.002268 3.912023 0.008871
первый 0.002268 2.120264 0.004808
передний 0.002268 0.0 0.0
период 0.004535 0.0 0.0
периферия 0.004535 0.0 0.0
персональный 0.004535 0.0 0.0
пиар 0.004535 0.0 0.0
планшет 0.002268 0.0 0.0
платформа 0.004535 0.0 0.0
подвести 0.002268 0.0 0.0
поднять 0.002268 0.0 0.0
подобный 0.002268 3.218876 0.007299
подогревать 0.002268 4.60517 0.010443
подробный 0.002268 0.0 0.0
подход 0.004535 1.89712 0.008604
позволять 0.002268 3.218876 0.007299
поиск 0.004535 0.0 0.0
пока 0.004535 0.0 0.0
показать 0.002268 2.302585 0.005221
полезный 0.002268 0.0 0.0
политика 0.006803 0.0 0.0
полноприводный 0.002268 0.0 0.0
получить 0.002268 1.427116 0.003236
полёт 0.002268 0.0 0.0
помочь 0.002268 2.813411 0.00638
помощь 0.002268 2.120264 0.004808
попадание 0.002268 3.506558 0.007951
попробовать 0.004535 0.0 0.0
популярный 0.004535 0.0 0.0
посещать 0.004535 0.0 0.0
последний 0.002268 2.65926 0.00603
последствие 0.002268 3.912023 0.008871
последующий 0.002268 3.912023 0.008871
пояснять 0.002268 4.60517 0.010443
прайс 0.004535 0.0 0.0
предмет 0.002268 3.506558 0.007951
представить 0.002268 0.0 0.0
прибавка 0.004535 0.0 0.0
приблизиться 0.002268 3.218876 0.007299
привлечь 0.002268 3.218876 0.007299
привод 0.002268 0.0 0.0
принтер 0.002268 0.0 0.0
причина 0.004535 3.912023 0.017742
пробизнес 0.004535 0.0 0.0
проведение 0.002268 0.0 0.0
программа 0.004535 0.0 0.0
продавать 0.004535 0.0 0.0
продажа 0.002268 0.0 0.0
продолжать 0.002268 0.0 0.0
проект 0.004535 0.0 0.0
проектор 0.002268 0.0 0.0
пролить 0.004535 0.0 0.0
процесс 0.002268 0.0 0.0
работа 0.002268 0.0 0.0
различимый 0.002268 4.60517 0.010443
разредить 0.002268 4.60517 0.010443
разрушение 0.002268 3.506558 0.007951
раскрыть 0.004535 3.912023 0.017742
расстояние 0.00907 2.525729 0.022909
реальный 0.002268 0.0 0.0
результат 0.002268 0.0 0.0
реклама 0.004535 0.0 0.0
ресурс 0.002268 2.525729 0.005727
решать 0.002268 0.0 0.0
роль 0.004535 1.89712 0.008604
россия 0.002268 0.0 0.0
россиянин 0.002268 0.0 0.0
рубль 0.002268 0.0 0.0
рынок 0.004535 0.0 0.0
сайт 0.004535 0.0 0.0
самолёт 0.002268 0.0 0.0
самый 0.004535 0.0 0.0
сантиметр 0.002268 0.0 0.0
сбор 0.002268 0.0 0.0
сверхновый 0.004535 3.218876 0.014598
свет 0.004535 0.0 0.0
светило 0.002268 4.60517 0.010443
световой 0.002268 3.506558 0.007951
связь 0.006803 0.0 0.0
сегодня 0.004535 0.0 0.0
сервер 0.002268 0.0 0.0
сервис 0.002268 0.0 0.0
сертификация 0.002268 0.0 0.0
сеть 0.002268 0.0 0.0
скоро 0.004535 0.0 0.0
сложный 0.002268 2.813411 0.00638
случай 0.002268 2.302585 0.005221
смотреть 0.002268 0.0 0.0
снимок 0.006803 3.506558 0.023854
снова 0.004535 0.0 0.0
событие 0.002268 3.506558 0.007951
советский 0.004535 0.0 0.0
соглашаться 0.002268 0.0 0.0
созвездие 0.002268 4.60517 0.010443
создание 0.002268 1.89712 0.004302
создать 0.004535 2.813411 0.012759
соответствующий 0.002268 4.60517 0.010443
соседний 0.002268 4.60517 0.010443
составить 0.002268 3.912023 0.008871
спасти 0.004535 0.0 0.0
спираль 0.002268 3.506558 0.007951
спиральный 0.002268 4.60517 0.010443
сравнимый 0.002268 3.506558 0.007951
среда 0.006803 0.0 0.0
ссылка 0.002268 0.0 0.0
стартовать 0.002268 0.0 0.0
статистика 0.004535 0.0 0.0
стать 0.002268 0.0 0.0
статья 0.002268 0.0 0.0
стоимость 0.004535 0.0 0.0
сторона 0.006803 4.60517 0.031328
структура 0.006803 2.407946 0.016381
тайконавт 0.002268 0.0 0.0
такой 0.002268 1.514128 0.003433
тег 0.002268 0.0 0.0
текст 0.004535 0.0 0.0
телескоп 0.006803 2.813411 0.019139
технический 0.004535 0.0 0.0
тип 0.002268 1.771957 0.004018
топ 0.004535 0.0 0.0
точность 0.002268 1.832581 0.004156
три 0.002268 0.693147 0.001572
тыс 0.004535 0.0 0.0
убрать 0.002268 0.0 0.0
ударный 0.002268 4.60517 0.010443
упасть 0.004535 0.0 0.0
устройство 0.002268 0.0 0.0
усыпать 0.002268 4.60517 0.010443
учёный 0.002268 1.966113 0.004458
уэбба 0.002268 4.60517 0.010443
файл 0.002268 0.0 0.0
фиксировать 0.002268 4.60517 0.010443
флагманский 0.002268 0.0 0.0
форма 0.002268 0.0 0.0
фундаментальный 0.002268 0.0 0.0
хаббл 0.004535 3.506558 0.015903
хаббнуть 0.002268 4.60517 0.010443
хит 0.002268 0.0 0.0
целенаправленно 0.004535 4.60517 0.020885
ценный 0.002268 3.912023 0.008871
часто 0.004535 1.714798 0.007777
частый 0.002268 3.506558 0.007951
человек 0.002268 0.0 0.0
четыре 0.004535 2.813411 0.012759
число 0.002268 2.407946 0.00546
чёрный 0.002268 3.912023 0.008871
эволюция 0.002268 3.912023 0.008871
экспорт 0.004535 0.0 0.0
эмбрион 0.002268 0.0 0.0
южный 0.002268 0.0 0.0
яркий 0.002268 3.912023 0.008871
