авиалайнер 0.002315 0.0 0.0
австралия 0.002315 0.0 0.0
автоваз 0.00463 0.0 0.0
автоконцерн 0.002315 4.60517 0.01066
автомат 0.002315 0.0 0.0
автоматизация 0.002315 2.813411 0.006513
автопроизводитель 0.002315 0.0 0.0
автор 0.006944 0.0 0.0
адаптивность 0.00463 4.60517 0.02132
адаптироваться 0.00463 3.912023 0.018111
администрация 0.002315 0.0 0.0
адрес 0.00463 0.0 0.0
актуально 0.00463 3.912023 0.018111
америка 0.002315 0.0 0.0
аналитик 0.002315 0.0 0.0
белок 0.002315 0.0 0.0
биологический 0.00463 0.0 0.0
ближний 0.002315 0.0 0.0
блог 0.002315 0.0 0.0
быстро 0.00463 0.0 0.0
быть 0.002315 0.0 0.0
важный 0.002315 2.995732 0.006935
вес 0.002315 0.0 0.0
вестись 0.002315 4.60517 0.01066
весь 0.002315 0.0 0.0
видеокарта 0.002315 0.0 0.0
внедорожник 0.002315 0.0 0.0
внедрение 0.006944 2.525729 0.01754
внутренний 0.002315 4.60517 0.01066
водород 0.00463 2.813411 0.013025
возможность 0.00463 1.966113 0.009102
войти 0.00463 0.0 0.0
восток 0.002315 0.0 0.0
вписаться 0.00463 4.60517 0.02132
входить 0.002315 0.0 0.0
выделить 0.002315 0.0 0.0
выполнять 0.00463 3.912023 0.018111
высота 0.002315 3.218876 0.007451
выходить 0.002315 0.0 0.0
гигант 0.00463 2.525729 0.011693
главный 0.002315 0.0 0.0
год 0.00463 0.0 0.0
груз 0.002315 1.966113 0.004551
гуманоидный 0.00463 3.506558 0.016234
данные 0.00463 0.0 0.0
двигатель 0.006944 0.0 0.0
двуногий 0.00463 4.60517 0.02132
делать 0.002315 2.040221 0.004723
дефицит 0.002315 3.912023 0.009056
дизайн 0.00463 0.0 0.0
динамичный 0.002315 4.60517 0.01066
директор 0.00463 0.0 0.0
доказать 0.002315 4.60517 0.01066
долгосрочный 0.002315 4.60517 0.01066
доллар 0.002315 0.0 0.0
дом 0.00463 0.0 0.0
доставить 0.002315 0.0 0.0
достигать 0.002315 0.0 0.0
другой 0.00463 1.272966 0.005893
едва 0.00463 2.407946 0.011148
завершить 0.002315 0.0 0.0
завершиться 0.002315 3.912023 0.009056
зависеть 0.00463 3.912023 0.018111
зависимость 0.002315 2.65926 0.006156
завод 0.002315 3.218876 0.007451
задача 0.002315 2.040221 0.004723
заниматься 0.002315 4.60517 0.01066
затрата 0.002315 2.65926 0.006156
защита 0.002315 0.0 0.0
земля 0.00463 0.0 0.0
зонд 0.006944 0.0 0.0
игра 0.002315 0.0 0.0
иметься 0.002315 4.60517 0.01066
инициатива 0.002315 3.506558 0.008117
инновационный 0.00463 0.0 0.0
интеллект 0.002315 1.966113 0.004551
интерес 0.00463 2.407946 0.011148
информация 0.002315 0.0 0.0
искусственный 0.002315 2.813411 0.006513
использование 0.002315 0.0 0.0
исследование 0.002315 0.0 0.0
источник 0.00463 0.0 0.0
кадр 0.002315 2.302585 0.00533
кадровый 0.00463 3.506558 0.016234
календарь 0.00463 0.0 0.0
каролина 0.00463 4.60517 0.02132
категория 0.002315 0.0 0.0
квантовый 0.00463 3.506558 0.016234
кг 0.00463 0.0 0.0
кентукк 0.002315 4.60517 0.01066
километр 0.002315 0.0 0.0
классический 0.002315 0.0 0.0
клон 0.00463 0.0 0.0
ключевой 0.002315 2.65926 0.006156
количество 0.00463 3.218876 0.014902
комментирование 0.002315 0.0 0.0
коммерческий 0.002315 2.995732 0.006935
компания 0.009259 0.693147 0.006418
компенсировать 0.00463 4.60517 0.02132
компьютер 0.00463 2.207275 0.010219
комфортный 0.00463 0.0 0.0
конец 0.002315 2.207275 0.005109
конкретный 0.002315 4.60517 0.01066
конференция 0.00463 0.0 0.0
корея 0.002315 0.0 0.0
корпус 0.002315 0.0 0.0
космос 0.006944 0.0 0.0
который 0.002315 0.891598 0.002064
кризис 0.00463 3.218876 0.014902
кроссовер 0.00463 0.0 0.0
кубический 0.002315 0.0 0.0
кук 0.002315 0.0 0.0
летать 0.00463 0.0 0.0
лидер 0.002315 2.995732 0.006935
лист 0.002315 0.0 0.0
логистика 0.00463 3.218876 0.014902
логистический 0.002315 4.60517 0.01066
май 0.006944 0.0 0.0
марк 0.002315 0.0 0.0
маршрут 0.002315 3.506558 0.008117
массовый 0.002315 3.218876 0.007451
масштабный 0.002315 3.912023 0.009056
материал 0.002315 0.0 0.0
машина 0.00463 0.0 0.0
межпланетный 0.00463 0.0 0.0
менять 0.002315 0.0 0.0
меняться 0.002315 4.60517 0.01066
миллион 0.002315 0.0 0.0
мир 0.002315 0.0 0.0
мировой 0.002315 4.60517 0.01066
мобильный 0.002315 0.0 0.0
момент 0.00463 0.0 0.0
монитор 0.002315 0.0 0.0
мотобренд 0.002315 0.0 0.0
мотоцикл 0.002315 0.0 0.0
мочь 0.002315 0.0 0.0
нажать 0.002315 0.0 0.0
название 0.002315 0.0 0.0
назвать 0.002315 0.0 0.0
насколько 0.00463 4.60517 0.02132
наслать 0.002315 0.0 0.0
находиться 0.002315 3.912023 0.009056
начало 0.002315 1.89712 0.004391
наш 0.00463 0.0 0.0
нехватка 0.002315 4.60517 0.01066
новость 0.002315 0.0 0.0
новый 0.006944 0.0 0.0
ноутбук 0.002315 0.0 0.0
нужный 0.002315 0.0 0.0
обзор 0.002315 0.0 0.0
обработка 0.002315 0.0 0.0
образец 0.002315 0.0 0.0
обсуждать 0.002315 4.60517 0.01066
обучаться 0.00463 4.60517 0.02132
объект 0.002315 2.207275 0.005109
объявить 0.002315 0.0 0.0
ограничить 0.002315 1.966113 0.004551
одноклассник 0.00463 0.0 0.0
окупаемость 0.00463 4.60517 0.02132
операция 0.002315 3.506558 0.008117
оптимизация 0.002315 2.525729 0.005847
опыт 0.00463 2.207275 0.010219
орбита 0.002315 0.0 0.0
особенно 0.00463 1.609438 0.007451
оставаться 0.002315 1.966113 0.004551
отдать 0.002315 0.0 0.0
отечественный 0.002315 0.0 0.0
отказ 0.002315 0.0 0.0
отказаться 0.002315 0.0 0.0
отключить 0.002315 0.0 0.0
отличие 0.00463 2.207275 0.010219
отрасль 0.002315 2.65926 0.006156
оценить 0.00463 3.912023 0.018111
очень 0.00463 0.0 0.0
ошибка 0.002315 0.0 0.0
партнёрство 0.00463 3.912023 0.018111
первый 0.002315 2.407946 0.005574
переговоры 0.00463 3.506558 0.016234
передний 0.002315 0.0 0.0
переход 0.00463 2.120264 0.009816
период 0.00463 0.0 0.0
периферия 0.00463 0.0 0.0
персонал 0.002315 0.0 0.0
персональный 0.00463 0.0 0.0
пиар 0.00463 0.0 0.0
пилотный 0.002315 2.995732 0.006935
планировать 0.002315 1.714798 0.003969
планшет 0.002315 0.0 0.0
платформа 0.00463 0.0 0.0
повторяться 0.002315 3.912023 0.009056
повысить 0.00463 2.995732 0.013869
подвести 0.002315 0.0 0.0
подготовка 0.00463 4.60517 0.02132
поднимать 0.00463 4.60517 0.02132
поднять 0.002315 0.0 0.0
подробный 0.002315 0.0 0.0
поиск 0.00463 0.0 0.0
пока 0.00463 0.0 0.0
полезный 0.002315 0.0 0.0
политика 0.006944 0.0 0.0
полноприводный 0.002315 0.0 0.0
полёт 0.002315 0.0 0.0
помогать 0.002315 4.60517 0.01066
попробовать 0.00463 0.0 0.0
популярный 0.00463 0.0 0.0
посещать 0.00463 0.0 0.0
постепенно 0.00463 3.506558 0.016234
потенциальный 0.00463 4.60517 0.02132
прайс 0.00463 0.0 0.0
превзойти 0.002315 3.218876 0.007451
представить 0.002315 0.0 0.0
преимущество 0.00463 3.506558 0.016234
прибавка 0.00463 0.0 0.0
привод 0.002315 0.0 0.0
применение 0.002315 3.506558 0.008117
принтер 0.002315 0.0 0.0
присоединиться 0.002315 3.912023 0.009056
пробизнес 0.00463 0.0 0.0
проведение 0.002315 0.0 0.0
программа 0.002315 0.0 0.0
продавать 0.00463 0.0 0.0
продажа 0.002315 0.0 0.0
продолжать 0.002315 0.0 0.0
проект 0.00463 0.0 0.0
проектор 0.002315 0.0 0.0
произойти 0.002315 4.60517 0.01066
пройти 0.002315 3.218876 0.007451
пролить 0.00463 0.0 0.0
промышленный 0.002315 4.60517 0.01066
прорыв 0.00463 1.714798 0.007939
процесс 0.00463 0.0 0.0
путь 0.00463 2.120264 0.009816
работа 0.002315 0.0 0.0
работать 0.002315 1.966113 0.004551
рабочий 0.00463 4.60517 0.02132
развиваться 0.002315 4.60517 0.01066
развёртывание 0.00463 3.912023 0.018111
разработать 0.002315 2.995732 0.006935
ранний 0.002315 2.813411 0.006513
раскрывать 0.002315 3.506558 0.008117
рассматривать 0.002315 3.218876 0.007451
расти 0.002315 2.813411 0.006513
реальный 0.002315 0.0 0.0
результат 0.002315 0.0 0.0
реклама 0.00463 0.0 0.0
решать 0.006944 0.0 0.0
решение 0.00463 2.040221 0.009445
робот 0.011574 1.966113 0.022756
роботизация 0.00463 4.60517 0.02132
робототехника 0.00463 3.218876 0.014902
россия 0.002315 0.0 0.0
россиянин 0.002315 0.0 0.0
рост 0.002315 0.755023 0.001748
рубль 0.002315 0.0 0.0
ручной 0.002315 3.912023 0.009056
рынок 0.00463 0.0 0.0
сайт 0.00463 0.0 0.0
самолёт 0.002315 0.0 0.0
самый 0.00463 0.0 0.0
сантиметр 0.002315 0.0 0.0
сбор 0.002315 0.0 0.0
свет 0.00463 0.0 0.0
свой 0.002315 1.832581 0.004242
связь 0.006944 0.0 0.0
сделка 0.00463 3.912023 0.018111
сегодня 0.00463 0.0 0.0
сервер 0.002315 0.0 0.0
сервис 0.002315 0.0 0.0
сертификация 0.002315 0.0 0.0
сеть 0.002315 0.0 0.0
сила 0.002315 2.040221 0.004723
система 0.00463 0.653926 0.003027
склад 0.00463 2.995732 0.013869
скоро 0.00463 0.0 0.0
случай 0.002315 2.302585 0.00533
смотреть 0.002315 0.0 0.0
смочь 0.002315 2.65926 0.006156
снижение 0.002315 2.995732 0.006935
снова 0.00463 0.0 0.0
советский 0.00463 0.0 0.0
соглашаться 0.002315 0.0 0.0
сообщать 0.002315 2.407946 0.005574
соотношение 0.002315 3.506558 0.008117
сортировка 0.002315 4.60517 0.01066
состояться 0.002315 3.912023 0.009056
сотрудник 0.002315 3.218876 0.007451
спартанберг 0.002315 4.60517 0.01066
спасти 0.00463 0.0 0.0
способный 0.00463 2.040221 0.009445
среда 0.006944 0.0 0.0
срок 0.002315 2.207275 0.005109
ссылка 0.002315 0.0 0.0
ставка 0.002315 2.813411 0.006513
стадия 0.002315 3.218876 0.007451
стартап 0.006944 2.995732 0.020804
стартовать 0.002315 0.0 0.0
статистика 0.00463 0.0 0.0
стать 0.009259 0.0 0.0
статья 0.002315 0.0 0.0
стоимость 0.00463 0.0 0.0
столкнуться 0.002315 4.60517 0.01066
сторона 0.002315 2.407946 0.005574
суперкомпьютер 0.002315 3.218876 0.007451
тайконавт 0.002315 0.0 0.0
такой 0.002315 1.89712 0.004391
тег 0.002315 0.0 0.0
текст 0.00463 0.0 0.0
тест 0.00463 1.171183 0.005422
технический 0.00463 0.0 0.0
топ 0.00463 0.0 0.0
транспортировка 0.00463 4.60517 0.02132
труд 0.002315 1.714798 0.003969
тыс 0.00463 0.0 0.0
убрать 0.002315 0.0 0.0
универсальный 0.002315 4.60517 0.01066
упасть 0.00463 0.0 0.0
управляемый 0.00463 4.60517 0.02132
ускорить 0.00463 2.995732 0.013869
условие 0.002315 1.771957 0.004102
успех 0.006944 2.207275 0.015328
успешно 0.00463 2.407946 0.011148
устройство 0.002315 0.0 0.0
учитывать 0.002315 2.995732 0.006935
учёный 0.002315 1.89712 0.004391
файл 0.002315 0.0 0.0
фактор 0.002315 3.218876 0.007451
флагманский 0.002315 0.0 0.0
фундаментальный 0.002315 0.0 0.0
функционал 0.00463 3.506558 0.016234
хит 0.002315 0.0 0.0
центр 0.002315 1.714798 0.003969
часто 0.00463 1.714798 0.007939
человек 0.002315 0.0 0.0
шаг 0.002315 2.525729 0.005847
эксперимент 0.002315 1.832581 0.004242
экспорт 0.00463 0.0 0.0
эмбрион 0.002315 0.0 0.0
эффективность 0.00463 2.120264 0.009816
южный 0.00463 0.0 0.0
