абсолютно 0.004651 2.407946 0.0112
авиалайнер 0.002326 0.0 0.0
австралия 0.002326 0.0 0.0
автоваз 0.004651 0.0 0.0
автомат 0.002326 0.0 0.0
автопроизводитель 0.002326 0.0 0.0
автор 0.006977 0.0 0.0
агентство 0.006977 2.995732 0.0209
администрация 0.006977 0.0 0.0
адрес 0.004651 0.0 0.0
америка 0.002326 0.0 0.0
аналитик 0.002326 0.0 0.0
астронавт 0.002326 2.525729 0.005874
белок 0.002326 0.0 0.0
биологический 0.004651 0.0 0.0
ближний 0.002326 0.0 0.0
блог 0.002326 0.0 0.0
будущее 0.004651 3.218876 0.014972
быстро 0.004651 0.0 0.0
быть 0.002326 0.0 0.0
верхний 0.002326 4.60517 0.01071
вес 0.002326 0.0 0.0
весь 0.002326 0.0 0.0
видеокарта 0.002326 0.0 0.0
виктор 0.002326 4.60517 0.01071
внедорожник 0.002326 0.0 0.0
водород 0.002326 2.813411 0.006543
войти 0.004651 0.0 0.0
вопрос 0.006977 1.660731 0.011586
восток 0.002326 0.0 0.0
входить 0.002326 0.0 0.0
выделить 0.002326 0.0 0.0
выполнить 0.002326 4.60517 0.01071
высадка 0.004651 3.912023 0.018195
выходить 0.002326 0.0 0.0
гидравлический 0.002326 4.60517 0.01071
главный 0.002326 0.0 0.0
год 0.006977 0.0 0.0
гонка 0.004651 3.912023 0.018195
график 0.004651 2.813411 0.013086
данные 0.006977 0.0 0.0
дважды 0.004651 3.912023 0.018195
двигатель 0.013953 0.0 0.0
демонтировать 0.002326 4.60517 0.01071
дизайн 0.004651 0.0 0.0
директор 0.004651 0.0 0.0
доллар 0.002326 0.0 0.0
дом 0.004651 0.0 0.0
доставить 0.002326 0.0 0.0
доставлять 0.004651 3.912023 0.018195
достигать 0.002326 0.0 0.0
ещё 0.004651 1.89712 0.008824
жидкий 0.002326 3.506558 0.008155
завершать 0.002326 4.60517 0.01071
завершить 0.002326 0.0 0.0
замена 0.004651 2.995732 0.013934
заменить 0.002326 3.506558 0.008155
заменять 0.002326 3.912023 0.009098
запланировать 0.002326 4.60517 0.01071
запуск 0.002326 1.272966 0.00296
затрата 0.002326 3.506558 0.008155
защита 0.002326 0.0 0.0
заявлять 0.002326 3.506558 0.008155
здание 0.002326 1.609438 0.003743
земля 0.004651 0.0 0.0
зонд 0.006977 0.0 0.0
игра 0.002326 0.0 0.0
имя 0.002326 2.995732 0.006967
инженер 0.002326 2.207275 0.005133
инновационный 0.004651 0.0 0.0
интеграция 0.002326 2.65926 0.006184
информация 0.002326 0.0 0.0
использование 0.002326 0.0 0.0
использоваться 0.002326 3.506558 0.008155
исследование 0.002326 0.0 0.0
история 0.004651 4.60517 0.021419
источник 0.004651 0.0 0.0
каждый 0.004651 2.525729 0.011748
календарь 0.004651 0.0 0.0
калифорнийский 0.002326 3.506558 0.008155
камера 0.002326 3.218876 0.007486
категория 0.002326 0.0 0.0
кг 0.004651 0.0 0.0
километр 0.002326 0.0 0.0
кислород 0.002326 3.506558 0.008155
клапан 0.002326 3.506558 0.008155
классический 0.002326 0.0 0.0
клон 0.004651 0.0 0.0
комментирование 0.002326 0.0 0.0
компания 0.004651 0.820981 0.003819
компонент 0.002326 2.407946 0.0056
комфортный 0.004651 0.0 0.0
конференция 0.004651 0.0 0.0
корея 0.002326 0.0 0.0
корпус 0.002326 0.0 0.0
космический 0.004651 1.714798 0.007976
космос 0.006977 0.0 0.0
криогенный 0.002326 4.60517 0.01071
кристина 0.002326 3.912023 0.009098
кроссовер 0.004651 0.0 0.0
кубический 0.002326 0.0 0.0
кук 0.002326 0.0 0.0
летать 0.006977 0.0 0.0
лист 0.002326 0.0 0.0
луна 0.006977 2.407946 0.0168
лунный 0.004651 2.995732 0.013934
май 0.006977 0.0 0.0
марк 0.002326 0.0 0.0
марс 0.004651 2.525729 0.011748
материал 0.002326 0.0 0.0
машина 0.002326 0.0 0.0
межпланетный 0.004651 0.0 0.0
менять 0.002326 0.0 0.0
место 0.004651 1.832581 0.008524
миллион 0.002326 0.0 0.0
мир 0.002326 0.0 0.0
миссия 0.006977 1.386294 0.009672
млн 0.004651 1.108663 0.005157
млрд 0.004651 2.302585 0.01071
мобильный 0.002326 0.0 0.0
момент 0.004651 0.0 0.0
монитор 0.002326 0.0 0.0
мотобренд 0.002326 0.0 0.0
мотоцикл 0.002326 0.0 0.0
мочь 0.002326 0.0 0.0
мощный 0.002326 2.407946 0.0056
надёжность 0.004651 2.813411 0.013086
нажать 0.002326 0.0 0.0
назад 0.004651 2.65926 0.012369
название 0.002326 0.0 0.0
назвать 0.002326 0.0 0.0
нарушить 0.002326 3.912023 0.009098
наслать 0.002326 0.0 0.0
начать 0.002326 3.506558 0.008155
начаться 0.002326 3.912023 0.009098
наш 0.004651 0.0 0.0
неделя 0.004651 2.65926 0.012369
несколько 0.004651 2.525729 0.011748
новость 0.002326 0.0 0.0
новый 0.013953 0.0 0.0
номер 0.002326 3.218876 0.007486
ноутбук 0.002326 0.0 0.0
нужный 0.002326 0.0 0.0
обзор 0.002326 0.0 0.0
облёт 0.002326 4.60517 0.01071
оборудование 0.002326 2.65926 0.006184
обработка 0.002326 0.0 0.0
образец 0.002326 0.0 0.0
обходиться 0.002326 4.60517 0.01071
объявить 0.002326 0.0 0.0
одноклассник 0.004651 0.0 0.0
они 0.002326 0.0 0.0
операция 0.002326 2.65926 0.006184
опираться 0.002326 4.60517 0.01071
орбита 0.004651 0.0 0.0
оставаться 0.002326 1.966113 0.004572
остановить 0.004651 4.60517 0.021419
отдать 0.002326 0.0 0.0
отечественный 0.002326 0.0 0.0
отказ 0.002326 0.0 0.0
отказаться 0.002326 0.0 0.0
отключить 0.002326 0.0 0.0
отмена 0.002326 4.60517 0.01071
отправить 0.002326 4.60517 0.01071
отправка 0.002326 3.912023 0.009098
очень 0.004651 0.0 0.0
ошибка 0.002326 0.0 0.0
параллельно 0.004651 1.89712 0.008824
первый 0.006977 2.120264 0.014793
передний 0.002326 0.0 0.0
период 0.004651 0.0 0.0
периферия 0.004651 0.0 0.0
персональный 0.004651 0.0 0.0
пиар 0.004651 0.0 0.0
пилотировать 0.004651 4.60517 0.021419
план 0.002326 0.0 0.0
планшет 0.002326 0.0 0.0
платформа 0.004651 0.0 0.0
подача 0.002326 4.60517 0.01071
подвести 0.002326 0.0 0.0
подготовка 0.002326 2.995732 0.006967
поднять 0.002326 0.0 0.0
подобный 0.002326 3.218876 0.007486
подробный 0.002326 0.0 0.0
поиск 0.004651 0.0 0.0
пока 0.004651 0.0 0.0
полезный 0.002326 0.0 0.0
политика 0.006977 0.0 0.0
политический 0.002326 4.60517 0.01071
полноприводный 0.002326 0.0 0.0
полный 0.002326 2.407946 0.0056
польза 0.002326 1.560648 0.003629
полёт 0.011628 0.0 0.0
помощь 0.002326 2.120264 0.004931
попробовать 0.004651 0.0 0.0
популярный 0.004651 0.0 0.0
посещать 0.004651 0.0 0.0
последний 0.004651 3.218876 0.014972
прайс 0.004651 0.0 0.0
предел 0.002326 1.609438 0.003743
представить 0.002326 0.0 0.0
президент 0.002326 2.65926 0.006184
прибавка 0.004651 0.0 0.0
привод 0.004651 0.0 0.0
принтер 0.002326 0.0 0.0
приоритет 0.002326 3.218876 0.007486
причина 0.002326 3.506558 0.008155
пробизнес 0.004651 0.0 0.0
проблема 0.002326 2.995732 0.006967
проведение 0.002326 0.0 0.0
проводиться 0.002326 3.506558 0.008155
программа 0.006977 0.0 0.0
продавать 0.004651 0.0 0.0
продажа 0.002326 0.0 0.0
продолжать 0.002326 0.0 0.0
продолжить 0.002326 3.506558 0.008155
проект 0.004651 0.0 0.0
проектор 0.002326 0.0 0.0
пролить 0.004651 0.0 0.0
прорыв 0.002326 1.714798 0.003988
процедура 0.002326 4.60517 0.01071
процесс 0.002326 0.0 0.0
работа 0.002326 0.0 0.0
работать 0.002326 1.89712 0.004412
разработать 0.002326 3.218876 0.007486
разработка 0.002326 2.407946 0.0056
ракета 0.006977 1.560648 0.010888
ранее 0.004651 1.771957 0.008242
располагать 0.002326 4.60517 0.01071
рассматривать 0.002326 3.218876 0.007486
реактор 0.004651 2.65926 0.012369
реальный 0.002326 0.0 0.0
регулировать 0.002326 4.60517 0.01071
резерв 0.002326 3.912023 0.009098
результат 0.002326 0.0 0.0
реклама 0.004651 0.0 0.0
решать 0.002326 0.0 0.0
решение 0.002326 1.514128 0.003521
рид 0.002326 1.386294 0.003224
россия 0.002326 0.0 0.0
россиянин 0.002326 0.0 0.0
рубль 0.002326 0.0 0.0
рынок 0.004651 0.0 0.0
сайт 0.004651 0.0 0.0
самолёт 0.002326 0.0 0.0
самый 0.004651 0.0 0.0
сантиметр 0.002326 0.0 0.0
сбор 0.002326 0.0 0.0
сборка 0.002326 2.995732 0.006967
свет 0.004651 0.0 0.0
связь 0.006977 0.0 0.0
сгорание 0.002326 3.912023 0.009098
сегодня 0.004651 0.0 0.0
сервер 0.002326 0.0 0.0
сервис 0.002326 0.0 0.0
сертификация 0.002326 0.0 0.0
сертифицировать 0.002326 3.912023 0.009098
сеть 0.002326 0.0 0.0
синтез 0.002326 2.407946 0.0056
скоро 0.004651 0.0 0.0
снова 0.004651 0.0 0.0
советский 0.004651 0.0 0.0
соглашаться 0.002326 0.0 0.0
содержать 0.002326 3.912023 0.009098
создать 0.002326 2.302585 0.005355
сохранить 0.002326 2.65926 0.006184
сохранять 0.002326 2.995732 0.006967
спасти 0.004651 0.0 0.0
специалист 0.002326 2.813411 0.006543
среда 0.004651 0.0 0.0
ссылка 0.002326 0.0 0.0
ставить 0.002326 2.302585 0.005355
стартовать 0.002326 0.0 0.0
статистика 0.004651 0.0 0.0
стать 0.004651 0.0 0.0
статья 0.002326 0.0 0.0
стоимость 0.006977 0.0 0.0
ступень 0.004651 3.218876 0.014972
тайконавт 0.002326 0.0 0.0
такой 0.002326 1.514128 0.003521
тег 0.002326 0.0 0.0
текст 0.004651 0.0 0.0
термоядерный 0.002326 2.813411 0.006543
тестировать 0.002326 2.407946 0.0056
технический 0.004651 0.0 0.0
токамак 0.002326 3.506558 0.008155
топ 0.004651 0.0 0.0
тыс 0.004651 0.0 0.0
убрать 0.002326 0.0 0.0
угрожать 0.002326 4.60517 0.01071
упасть 0.004651 0.0 0.0
управление 0.002326 1.660731 0.003862
управляемый 0.002326 3.218876 0.007486
установить 0.006977 2.407946 0.0168
устойчивость 0.002326 2.995732 0.006967
устройство 0.002326 0.0 0.0
утечка 0.006977 3.506558 0.024464
файл 0.002326 0.0 0.0
флагманский 0.002326 0.0 0.0
флорида 0.004651 4.60517 0.021419
фундаментальный 0.002326 0.0 0.0
хит 0.002326 0.0 0.0
цена 0.004651 1.714798 0.007976
центр 0.002326 1.714798 0.003988
часть 0.002326 2.207275 0.005133
чей 0.002326 2.813411 0.006543
человек 0.002326 0.0 0.0
четыре 0.006977 2.207275 0.0154
шаттл 0.002326 3.506558 0.008155
штука 0.002326 3.912023 0.009098
экземпляр 0.004651 4.60517 0.021419
экипаж 0.004651 3.218876 0.014972
экспорт 0.004651 0.0 0.0
экстренно 0.004651 3.506558 0.01631
эмбрион 0.002326 0.0 0.0
эпоха 0.002326 3.912023 0.009098
южный 0.002326 0.0 0.0
