авиалайнер 0.002217 0.0 0.0
австралия 0.002217 0.0 0.0
автоваз 0.004435 0.0 0.0
автомат 0.002217 0.0 0.0
автономный 0.002217 4.60517 0.010211
автопроизводитель 0.002217 0.0 0.0
автор 0.006652 0.0 0.0
администрация 0.002217 0.0 0.0
адрес 0.004435 0.0 0.0
академия 0.002217 4.60517 0.010211
альтернативный 0.002217 3.218876 0.007137
америка 0.002217 0.0 0.0
аналитик 0.002217 0.0 0.0
апрель 0.002217 1.832581 0.004063
астронавт 0.002217 2.525729 0.0056
белок 0.002217 0.0 0.0
биологический 0.004435 0.0 0.0
ближний 0.002217 0.0 0.0
блог 0.002217 0.0 0.0
богатый 0.002217 3.506558 0.007775
будущий 0.002217 2.65926 0.005896
быстро 0.004435 0.0 0.0
быть 0.002217 0.0 0.0
вернуться 0.002217 3.912023 0.008674
вес 0.002217 0.0 0.0
весь 0.002217 0.0 0.0
видеокарта 0.002217 0.0 0.0
вместе 0.004435 2.65926 0.011793
внедорожник 0.002217 0.0 0.0
возможный 0.002217 4.60517 0.010211
войти 0.004435 0.0 0.0
волос 0.004435 3.218876 0.014274
восток 0.002217 0.0 0.0
впервые 0.004435 2.120264 0.009402
время 0.008869 1.108663 0.009833
входить 0.002217 0.0 0.0
выделить 0.002217 0.0 0.0
высадка 0.002217 3.506558 0.007775
высокоточный 0.006652 4.60517 0.030633
выходить 0.002217 0.0 0.0
галактика 0.002217 3.506558 0.007775
главный 0.002217 0.0 0.0
глубокий 0.002217 3.912023 0.008674
год 0.008869 0.0 0.0
дальнометрия 0.006652 4.60517 0.030633
дальность 0.004435 3.912023 0.017348
данные 0.004435 0.0 0.0
двигатель 0.006652 0.0 0.0
движение 0.002217 3.912023 0.008674
двухдневный 0.002217 4.60517 0.010211
действовать 0.002217 2.525729 0.0056
день 0.002217 1.966113 0.004359
десятилетие 0.002217 2.65926 0.005896
дизайн 0.004435 0.0 0.0
директор 0.004435 0.0 0.0
доллар 0.002217 0.0 0.0
дом 0.004435 0.0 0.0
доставить 0.002217 0.0 0.0
достигать 0.002217 0.0 0.0
завершить 0.002217 0.0 0.0
задача 0.002217 2.040221 0.004524
залечивать 0.002217 3.506558 0.007775
запас 0.002217 2.120264 0.004701
запечатлеть 0.002217 3.506558 0.007775
запустить 0.002217 2.302585 0.005106
зафиксировать 0.002217 4.60517 0.010211
защита 0.002217 0.0 0.0
земля 0.008869 0.0 0.0
значительно 0.004435 3.218876 0.014274
зонд 0.006652 0.0 0.0
игра 0.002217 0.0 0.0
измерение 0.004435 3.506558 0.01555
измерить 0.006652 3.218876 0.021412
изображение 0.004435 1.514128 0.006715
импульс 0.004435 2.65926 0.011793
инновационный 0.004435 0.0 0.0
интегрировать 0.004435 2.813411 0.012476
информация 0.002217 0.0 0.0
использование 0.004435 0.0 0.0
исследование 0.002217 0.0 0.0
исследовательский 0.002217 2.813411 0.006238
исследовать 0.004435 3.218876 0.014274
источник 0.006652 0.0 0.0
календарь 0.004435 0.0 0.0
категория 0.002217 0.0 0.0
кг 0.004435 0.0 0.0
километр 0.002217 0.0 0.0
китай 0.004435 1.171183 0.005194
китайский 0.004435 2.207275 0.009788
классический 0.002217 0.0 0.0
клон 0.004435 0.0 0.0
км 0.004435 1.309333 0.005806
комментирование 0.002217 0.0 0.0
комфортный 0.004435 0.0 0.0
конец 0.002217 2.120264 0.004701
конференция 0.004435 0.0 0.0
координация 0.002217 4.60517 0.010211
корея 0.002217 0.0 0.0
корпус 0.002217 0.0 0.0
космический 0.002217 1.771957 0.003929
космос 0.006652 0.0 0.0
который 0.008869 0.867501 0.007694
кратер 0.002217 4.60517 0.010211
кроссовер 0.004435 0.0 0.0
кубический 0.002217 0.0 0.0
кук 0.002217 0.0 0.0
лаборатория 0.004435 3.912023 0.017348
лазер 0.002217 2.65926 0.005896
лазерный 0.013304 3.912023 0.052045
летать 0.004435 0.0 0.0
лист 0.002217 0.0 0.0
луна 0.011086 2.407946 0.026696
лунный 0.004435 2.995732 0.013285
луч 0.004435 0.579818 0.002571
любой 0.002217 3.912023 0.008674
лёд 0.002217 3.218876 0.007137
май 0.006652 0.0 0.0
марк 0.002217 0.0 0.0
март 0.002217 1.714798 0.003802
материал 0.002217 0.0 0.0
машина 0.002217 0.0 0.0
мгновенно 0.004435 3.218876 0.014274
международный 0.002217 3.912023 0.008674
межпланетный 0.004435 0.0 0.0
менять 0.002217 0.0 0.0
метод 0.004435 1.714798 0.007604
миллион 0.002217 0.0 0.0
мир 0.004435 0.0 0.0
миссия 0.002217 1.386294 0.003074
мобильный 0.002217 0.0 0.0
модуль 0.002217 2.813411 0.006238
момент 0.004435 0.0 0.0
монитор 0.002217 0.0 0.0
мотобренд 0.002217 0.0 0.0
мотоцикл 0.002217 0.0 0.0
мочь 0.002217 0.0 0.0
мусор 0.002217 2.813411 0.006238
навигация 0.004435 2.813411 0.012476
нажать 0.002217 0.0 0.0
название 0.002217 0.0 0.0
назвать 0.002217 0.0 0.0
наземный 0.002217 3.912023 0.008674
наносекундный 0.002217 4.60517 0.010211
наслать 0.002217 0.0 0.0
наука 0.006652 1.89712 0.012619
находиться 0.002217 4.60517 0.010211
наш 0.004435 0.0 0.0
необычный 0.002217 3.218876 0.007137
непрерывный 0.002217 3.912023 0.008674
новость 0.002217 0.0 0.0
новый 0.006652 0.0 0.0
ноутбук 0.002217 0.0 0.0
нужный 0.002217 0.0 0.0
обеспечить 0.004435 1.771957 0.007858
обзор 0.002217 0.0 0.0
оборудование 0.002217 2.65926 0.005896
обработка 0.002217 0.0 0.0
образец 0.002217 0.0 0.0
обсерватория 0.002217 3.912023 0.008674
объявить 0.002217 0.0 0.0
объём 0.002217 2.302585 0.005106
ограничивать 0.002217 4.60517 0.010211
одноклассник 0.004435 0.0 0.0
окололунный 0.002217 4.60517 0.010211
определение 0.002217 3.912023 0.008674
орбита 0.004435 0.0 0.0
основа 0.004435 2.120264 0.009402
отдать 0.002217 0.0 0.0
отечественный 0.002217 0.0 0.0
отказ 0.002217 0.0 0.0
отказаться 0.002217 0.0 0.0
отключить 0.002217 0.0 0.0
отметить 0.002217 2.813411 0.006238
отправить 0.002217 4.60517 0.010211
отражаться 0.002217 4.60517 0.010211
отразиться 0.002217 4.60517 0.010211
очень 0.004435 0.0 0.0
ошибка 0.002217 0.0 0.0
партнёрство 0.002217 3.506558 0.007775
передний 0.002217 0.0 0.0
период 0.004435 0.0 0.0
периферия 0.004435 0.0 0.0
персональный 0.004435 0.0 0.0
пиар 0.004435 0.0 0.0
планировать 0.002217 1.714798 0.003802
планшет 0.002217 0.0 0.0
платформа 0.004435 0.0 0.0
повседневный 0.002217 4.60517 0.010211
подавлять 0.004435 4.60517 0.020422
подвести 0.002217 0.0 0.0
поднять 0.002217 0.0 0.0
подробный 0.002217 0.0 0.0
подчёркивать 0.002217 3.912023 0.008674
позволять 0.002217 1.832581 0.004063
поиск 0.004435 0.0 0.0
пока 0.004435 0.0 0.0
полезный 0.002217 0.0 0.0
полимер 0.004435 3.218876 0.014274
политика 0.006652 0.0 0.0
полноприводный 0.002217 0.0 0.0
полюс 0.002217 3.218876 0.007137
полёт 0.002217 0.0 0.0
помеха 0.002217 3.506558 0.007775
попадание 0.002217 3.506558 0.007775
попробовать 0.004435 0.0 0.0
популярный 0.004435 0.0 0.0
посадка 0.002217 3.506558 0.007775
посадочный 0.002217 3.506558 0.007775
посещать 0.004435 0.0 0.0
посылать 0.002217 4.60517 0.010211
прайс 0.004435 0.0 0.0
представить 0.002217 0.0 0.0
преодолеть 0.004435 3.218876 0.014274
прибавка 0.004435 0.0 0.0
привод 0.002217 0.0 0.0
применяться 0.002217 3.506558 0.007775
принтер 0.002217 0.0 0.0
пробизнес 0.004435 0.0 0.0
проблема 0.002217 2.995732 0.006642
проведение 0.002217 0.0 0.0
провести 0.004435 2.525729 0.011201
проводить 0.004435 3.506558 0.01555
проводиться 0.002217 3.506558 0.007775
программа 0.002217 0.0 0.0
продавать 0.004435 0.0 0.0
продажа 0.002217 0.0 0.0
продолжать 0.002217 0.0 0.0
проект 0.004435 0.0 0.0
проектор 0.002217 0.0 0.0
пролить 0.004435 0.0 0.0
прорыв 0.004435 1.714798 0.007604
пространство 0.002217 3.506558 0.007775
процесс 0.002217 0.0 0.0
работа 0.002217 0.0 0.0
разрабатывать 0.002217 3.218876 0.007137
рамка 0.002217 2.302585 0.005106
рана 0.002217 1.966113 0.004359
расстояние 0.008869 2.525729 0.022401
расширить 0.004435 3.506558 0.01555
реактор 0.004435 2.65926 0.011793
реальный 0.002217 0.0 0.0
результат 0.002217 0.0 0.0
реклама 0.004435 0.0 0.0
ретрорефлектор 0.002217 4.60517 0.010211
решать 0.002217 0.0 0.0
ровер 0.002217 1.832581 0.004063
россия 0.008869 0.0 0.0
россиянин 0.002217 0.0 0.0
рубль 0.002217 0.0 0.0
рынок 0.004435 0.0 0.0
сайт 0.004435 0.0 0.0
самозаживляться 0.002217 3.506558 0.007775
самолёт 0.002217 0.0 0.0
самый 0.004435 0.0 0.0
сантиметр 0.002217 0.0 0.0
сбор 0.002217 0.0 0.0
сверхновый 0.002217 3.506558 0.007775
свет 0.006652 0.0 0.0
свой 0.002217 1.832581 0.004063
связь 0.006652 0.0 0.0
сегодня 0.004435 0.0 0.0
сервер 0.002217 0.0 0.0
сервис 0.002217 0.0 0.0
сертификация 0.002217 0.0 0.0
сеть 0.002217 0.0 0.0
сигнал 0.006652 2.207275 0.014683
синхронизация 0.002217 3.912023 0.008674
система 0.002217 1.347074 0.002987
скоро 0.004435 0.0 0.0
сложность 0.004435 3.506558 0.01555
смотреть 0.002217 0.0 0.0
снова 0.004435 0.0 0.0
советский 0.004435 0.0 0.0
соглашаться 0.002217 0.0 0.0
создавать 0.002217 2.995732 0.006642
создать 0.002217 2.207275 0.004894
солнечный 0.006652 4.60517 0.030633
спасти 0.004435 0.0 0.0
спираль 0.002217 3.506558 0.007775
спутник 0.006652 2.120264 0.014104
сравнимый 0.002217 3.506558 0.007775
среда 0.004435 0.0 0.0
ссылка 0.002217 0.0 0.0
станция 0.006652 2.407946 0.016017
стартовать 0.002217 0.0 0.0
статистика 0.004435 0.0 0.0
стать 0.002217 0.0 0.0
статья 0.002217 0.0 0.0
стоимость 0.004435 0.0 0.0
строительство 0.002217 3.912023 0.008674
супергерой 0.004435 3.506558 0.01555
сутки 0.002217 3.506558 0.007775
тайконавт 0.002217 0.0 0.0
такой 0.002217 2.407946 0.005339
тег 0.002217 0.0 0.0
текст 0.004435 0.0 0.0
тестирование 0.002217 2.65926 0.005896
тестировать 0.002217 2.407946 0.005339
технический 0.004435 0.0 0.0
технология 0.006652 2.040221 0.013571
топ 0.004435 0.0 0.0
точность 0.008869 1.771957 0.015716
точный 0.004435 2.65926 0.011793
треть 0.002217 1.89712 0.004206
тыс 0.004435 0.0 0.0
убрать 0.002217 0.0 0.0
увеличивать 0.002217 3.218876 0.007137
увеличить 0.002217 2.407946 0.005339
упасть 0.004435 0.0 0.0
управление 0.006652 1.660731 0.011047
условие 0.002217 1.771957 0.003929
успех 0.004435 2.207275 0.009788
успешно 0.004435 2.407946 0.010678
устройство 0.002217 0.0 0.0
учёный 0.002217 1.89712 0.004206
файл 0.002217 0.0 0.0
флагманский 0.002217 0.0 0.0
фундаментальный 0.002217 0.0 0.0
хаббл 0.004435 3.506558 0.01555
хит 0.002217 0.0 0.0
ход 0.002217 0.0 0.0
частота 0.002217 2.525729 0.0056
человек 0.002217 0.0 0.0
чёткий 0.002217 4.60517 0.010211
экспедиция 0.002217 3.912023 0.008674
эксперимент 0.006652 1.832581 0.01219
экспорт 0.004435 0.0 0.0
эмбрион 0.002217 0.0 0.0
энергия 0.002217 2.120264 0.004701
южный 0.004435 0.0 0.0
юньнаня 0.004435 4.60517 0.020422
ядерный 0.004435 2.995732 0.013285
яркий 0.002217 3.912023 0.008674
