авария 0.002392 2.525729 0.006042
авиалайнер 0.002392 0.0 0.0
австралия 0.002392 0.0 0.0
автоваз 0.004785 0.0 0.0
автомат 0.002392 0.0 0.0
автопроизводитель 0.002392 0.0 0.0
автор 0.007177 0.0 0.0
агентство 0.004785 3.218876 0.015401
администрация 0.002392 0.0 0.0
адрес 0.004785 0.0 0.0
америка 0.002392 0.0 0.0
анализ 0.002392 1.966113 0.004704
аналитик 0.002392 0.0 0.0
антенна 0.002392 3.912023 0.009359
апофис 0.004785 4.60517 0.022034
аппарат 0.009569 1.660731 0.015892
апрель 0.002392 1.832581 0.004384
астероид 0.007177 2.995732 0.0215
астронавткать 0.002392 3.506558 0.008389
безопасный 0.002392 3.218876 0.007701
белок 0.002392 0.0 0.0
биологический 0.004785 0.0 0.0
ближний 0.002392 0.0 0.0
блог 0.002392 0.0 0.0
будущее 0.002392 2.207275 0.005281
будущий 0.002392 4.60517 0.011017
быстро 0.004785 0.0 0.0
быть 0.002392 0.0 0.0
важный 0.002392 2.995732 0.007167
вес 0.002392 0.0 0.0
весна 0.002392 4.60517 0.011017
весь 0.002392 0.0 0.0
видеокарта 0.002392 0.0 0.0
включить 0.004785 4.60517 0.022034
вместе 0.004785 2.65926 0.012724
внедорожник 0.002392 0.0 0.0
вода 0.002392 0.0 0.0
водяной 0.004785 4.60517 0.022034
возможность 0.004785 1.966113 0.009407
войти 0.004785 0.0 0.0
восстановить 0.004785 3.506558 0.016778
восстановиться 0.002392 4.60517 0.011017
восток 0.002392 0.0 0.0
вращаться 0.002392 3.912023 0.009359
вращение 0.004785 2.65926 0.012724
второй 0.002392 2.995732 0.007167
входить 0.002392 0.0 0.0
вывод 0.002392 2.65926 0.006362
выделить 0.002392 0.0 0.0
выполнение 0.002392 3.218876 0.007701
выход 0.002392 0.0 0.0
выходить 0.007177 0.0 0.0
глава 0.004785 2.813411 0.013461
главный 0.002392 0.0 0.0
глобальный 0.002392 3.218876 0.007701
год 0.009569 0.0 0.0
группа 0.002392 3.218876 0.007701
данные 0.004785 0.0 0.0
дать 0.002392 1.609438 0.00385
двигатель 0.007177 0.0 0.0
день 0.004785 2.207275 0.010561
дизайн 0.004785 0.0 0.0
директор 0.004785 0.0 0.0
должный 0.002392 3.218876 0.007701
доллар 0.002392 0.0 0.0
дом 0.004785 0.0 0.0
доставить 0.002392 0.0 0.0
достигать 0.002392 0.0 0.0
едва 0.004785 2.407946 0.011521
завершить 0.002392 0.0 0.0
задача 0.004785 2.995732 0.014334
задержка 0.002392 2.995732 0.007167
запуск 0.002392 1.272966 0.003045
зарядить 0.004785 4.60517 0.022034
защита 0.002392 0.0 0.0
земля 0.007177 0.0 0.0
зонд 0.009569 0.0 0.0
игра 0.002392 0.0 0.0
измениться 0.004785 4.60517 0.022034
иллюстрация 0.004785 2.120264 0.010145
инновационный 0.004785 0.0 0.0
интернет 0.002392 2.65926 0.006362
информация 0.002392 0.0 0.0
искать 0.004785 3.912023 0.018718
использование 0.002392 0.0 0.0
исследование 0.004785 0.0 0.0
источник 0.004785 0.0 0.0
июнь 0.002392 2.995732 0.007167
календарь 0.004785 0.0 0.0
категория 0.002392 0.0 0.0
качество 0.002392 2.407946 0.005761
квантовый 0.002392 2.813411 0.006731
кг 0.004785 0.0 0.0
километр 0.002392 0.0 0.0
классический 0.002392 0.0 0.0
клон 0.004785 0.0 0.0
команда 0.007177 1.966113 0.014111
комментирование 0.002392 0.0 0.0
компания 0.002392 0.71335 0.001707
комфортный 0.004785 0.0 0.0
конференция 0.004785 0.0 0.0
корея 0.002392 0.0 0.0
корпус 0.002392 0.0 0.0
космический 0.002392 1.714798 0.004102
космос 0.007177 0.0 0.0
который 0.004785 1.386294 0.006633
кроссовер 0.004785 0.0 0.0
кубический 0.002392 0.0 0.0
кук 0.002392 0.0 0.0
летать 0.004785 0.0 0.0
лето 0.002392 0.0 0.0
лист 0.002392 0.0 0.0
луиза 0.004785 4.60517 0.022034
луна 0.007177 2.813411 0.020192
лунный 0.002392 4.60517 0.011017
лёд 0.004785 3.912023 0.018718
май 0.007177 0.0 0.0
марк 0.002392 0.0 0.0
материал 0.002392 0.0 0.0
машина 0.002392 0.0 0.0
медленно 0.004785 3.506558 0.016778
межпланетный 0.004785 0.0 0.0
менее 0.004785 2.207275 0.010561
менять 0.002392 0.0 0.0
мешать 0.002392 4.60517 0.011017
миллион 0.002392 0.0 0.0
мир 0.002392 0.0 0.0
миссия 0.007177 1.309333 0.009397
мобильный 0.002392 0.0 0.0
моделировать 0.002392 4.60517 0.011017
модуль 0.002392 2.813411 0.006731
момент 0.004785 0.0 0.0
монитор 0.002392 0.0 0.0
мониторинг 0.004785 3.912023 0.018718
мотобренд 0.002392 0.0 0.0
мотоцикл 0.002392 0.0 0.0
мочь 0.002392 0.0 0.0
нагрузка 0.002392 2.65926 0.006362
нажать 0.002392 0.0 0.0
название 0.002392 0.0 0.0
назвать 0.002392 0.0 0.0
наземный 0.002392 4.60517 0.011017
наслать 0.002392 0.0 0.0
наука 0.002392 1.89712 0.004539
научить 0.002392 2.995732 0.007167
научный 0.002392 3.506558 0.008389
наш 0.004785 0.0 0.0
небольшой 0.002392 3.912023 0.009359
недорогой 0.002392 4.60517 0.011017
недостаточно 0.004785 3.506558 0.016778
независимый 0.002392 4.60517 0.011017
неясный 0.002392 4.60517 0.011017
низкий 0.002392 3.506558 0.008389
нить 0.004785 1.514128 0.007245
новость 0.002392 0.0 0.0
новый 0.007177 0.0 0.0
ноутбук 0.002392 0.0 0.0
нужный 0.002392 0.0 0.0
обзор 0.002392 0.0 0.0
обработка 0.002392 0.0 0.0
образец 0.002392 0.0 0.0
объявить 0.002392 0.0 0.0
один 0.002392 0.867501 0.002075
однажды 0.004785 4.60517 0.022034
одноклассник 0.004785 0.0 0.0
окончательный 0.002392 4.60517 0.011017
орбита 0.004785 0.0 0.0
ориентация 0.004785 4.60517 0.022034
особенно 0.004785 1.609438 0.007701
оставаться 0.002392 2.65926 0.006362
отдать 0.002392 0.0 0.0
отдел 0.002392 1.966113 0.004704
отечественный 0.002392 0.0 0.0
отказ 0.002392 0.0 0.0
отказаться 0.002392 0.0 0.0
отключить 0.002392 0.0 0.0
отменить 0.002392 3.912023 0.009359
отобрать 0.002392 4.60517 0.011017
отправка 0.002392 3.912023 0.009359
отслеживать 0.002392 4.60517 0.011017
оценка 0.002392 3.912023 0.009359
очень 0.004785 0.0 0.0
очередь 0.004785 3.506558 0.016778
ошибка 0.002392 0.0 0.0
панель 0.002392 2.813411 0.006731
параллельно 0.004785 1.89712 0.009077
передача 0.002392 3.506558 0.008389
передний 0.002392 0.0 0.0
перенести 0.002392 4.60517 0.011017
перестать 0.002392 3.912023 0.009359
период 0.004785 0.0 0.0
периферия 0.004785 0.0 0.0
персональный 0.004785 0.0 0.0
перчатка 0.002392 3.506558 0.008389
пиар 0.004785 0.0 0.0
планетарный 0.002392 4.60517 0.011017
планшет 0.002392 0.0 0.0
платформа 0.004785 0.0 0.0
подвести 0.002392 0.0 0.0
поднять 0.002392 0.0 0.0
подробный 0.002392 0.0 0.0
позволить 0.002392 4.60517 0.011017
поиск 0.004785 0.0 0.0
поймать 0.004785 4.60517 0.022034
пока 0.004785 0.0 0.0
полезный 0.004785 0.0 0.0
политика 0.007177 0.0 0.0
полноприводный 0.002392 0.0 0.0
положение 0.004785 4.60517 0.022034
получать 0.007177 3.218876 0.023102
полёт 0.002392 0.0 0.0
помочь 0.002392 2.813411 0.006731
помощь 0.002392 2.120264 0.005072
попробовать 0.004785 0.0 0.0
популярный 0.004785 0.0 0.0
попытка 0.002392 3.218876 0.007701
посещать 0.004785 0.0 0.0
пояснить 0.002392 2.813411 0.006731
прайс 0.004785 0.0 0.0
представить 0.002392 0.0 0.0
прибавка 0.004785 0.0 0.0
привод 0.002392 0.0 0.0
признать 0.002392 4.60517 0.011017
принтер 0.002392 0.0 0.0
принять 0.002392 4.60517 0.011017
причина 0.002392 0.0 0.0
пробизнес 0.004785 0.0 0.0
проблема 0.002392 2.040221 0.004881
проведение 0.002392 0.0 0.0
провести 0.002392 3.912023 0.009359
программа 0.002392 0.0 0.0
продавать 0.004785 0.0 0.0
продажа 0.002392 0.0 0.0
продлить 0.002392 3.506558 0.008389
продолжать 0.004785 0.0 0.0
проект 0.004785 0.0 0.0
проектор 0.002392 0.0 0.0
проктереть 0.002392 4.60517 0.011017
пролить 0.004785 0.0 0.0
проложить 0.002392 3.506558 0.008389
процесс 0.002392 0.0 0.0
путь 0.004785 2.120264 0.010145
работа 0.002392 0.0 0.0
ракета 0.004785 2.65926 0.012724
рамка 0.002392 2.302585 0.005509
рассматриваться 0.002392 3.912023 0.009359
реальный 0.002392 0.0 0.0
результат 0.002392 0.0 0.0
реклама 0.004785 0.0 0.0
решать 0.002392 0.0 0.0
решение 0.004785 2.040221 0.009762
риск 0.002392 1.89712 0.004539
рискованный 0.002392 4.60517 0.011017
россия 0.002392 0.0 0.0
россиянин 0.002392 0.0 0.0
рубль 0.002392 0.0 0.0
рынок 0.004785 0.0 0.0
сайт 0.004785 0.0 0.0
самовосстанавливаться 0.004785 3.506558 0.016778
самолёт 0.002392 0.0 0.0
самый 0.004785 0.0 0.0
сантиметр 0.002392 0.0 0.0
сближение 0.002392 4.60517 0.011017
сбор 0.002392 0.0 0.0
свет 0.007177 0.0 0.0
связь 0.007177 0.0 0.0
сегодня 0.004785 0.0 0.0
сервер 0.002392 0.0 0.0
сервис 0.002392 0.0 0.0
середина 0.004785 3.218876 0.015401
сертификация 0.002392 0.0 0.0
сеть 0.007177 0.0 0.0
сигнал 0.004785 2.207275 0.010561
система 0.002392 0.941609 0.002253
ситуация 0.004785 3.218876 0.015401
скоро 0.004785 0.0 0.0
скорректировать 0.004785 3.912023 0.018718
сложный 0.002392 4.60517 0.011017
снова 0.004785 0.0 0.0
советский 0.004785 0.0 0.0
соглашаться 0.002392 0.0 0.0
солнечный 0.004785 2.995732 0.014334
сообщить 0.002392 4.60517 0.011017
сорвать 0.002392 3.218876 0.007701
состояние 0.002392 3.218876 0.007701
спасти 0.004785 0.0 0.0
специалист 0.002392 2.813411 0.006731
спутник 0.002392 2.120264 0.005072
среда 0.004785 0.0 0.0
ссылка 0.002392 0.0 0.0
ставить 0.002392 2.040221 0.004881
старт 0.002392 0.0 0.0
стартовать 0.007177 0.0 0.0
статистика 0.004785 0.0 0.0
стать 0.002392 0.0 0.0
статья 0.002392 0.0 0.0
стоимость 0.004785 0.0 0.0
судьба 0.007177 3.912023 0.028077
сформировать 0.002392 4.60517 0.011017
тайконавт 0.002392 0.0 0.0
тег 0.002392 0.0 0.0
текст 0.004785 0.0 0.0
телескоп 0.002392 2.813411 0.006731
технический 0.004785 0.0 0.0
топ 0.004785 0.0 0.0
траектория 0.002392 3.506558 0.008389
третий 0.002392 3.912023 0.009359
три 0.002392 0.693147 0.001658
тыс 0.004785 0.0 0.0
убрать 0.002392 0.0 0.0
угроза 0.002392 3.912023 0.009359
удаться 0.002392 3.506558 0.008389
улучшиться 0.004785 4.60517 0.022034
упасть 0.004785 0.0 0.0
установить 0.002392 2.525729 0.006042
устройство 0.002392 0.0 0.0
учёный 0.002392 1.966113 0.004704
файл 0.002392 0.0 0.0
флагманский 0.002392 0.0 0.0
фундаментальный 0.002392 0.0 0.0
хит 0.002392 0.0 0.0
цена 0.002392 1.469676 0.003516
час 0.002392 0.0 0.0
человек 0.002392 0.0 0.0
шанс 0.007177 3.218876 0.023102
экспорт 0.004785 0.0 0.0
эмбрион 0.002392 0.0 0.0
энергия 0.002392 2.120264 0.005072
энергопотребление 0.002392 3.218876 0.007701
этап 0.002392 2.207275 0.005281
южный 0.002392 0.0 0.0
