авиалайнер 0.00289 0.0 0.0
австралия 0.00289 0.0 0.0
автоваз 0.00578 0.0 0.0
автомат 0.00289 0.0 0.0
автопроизводитель 0.00289 0.0 0.0
автор 0.008671 0.0 0.0
администрация 0.00289 0.0 0.0
адрес 0.00578 0.0 0.0
америка 0.00289 0.0 0.0
американский 0.00289 2.65926 0.007686
аналитик 0.00289 0.0 0.0
атомный 0.00289 3.218876 0.009303
белок 0.00289 0.0 0.0
бенджамин 0.00289 4.60517 0.01331
биологический 0.00578 0.0 0.0
бить 0.00289 2.302585 0.006655
ближний 0.00289 0.0 0.0
блог 0.00289 0.0 0.0
быстро 0.00578 0.0 0.0
быть 0.00289 0.0 0.0
вес 0.00289 0.0 0.0
весь 0.00289 0.0 0.0
видеокарта 0.00289 0.0 0.0
видеть 0.00289 3.912023 0.011306
вмещать 0.00289 3.912023 0.011306
внедорожник 0.00289 0.0 0.0
вода 0.00289 0.0 0.0
войти 0.00578 0.0 0.0
восток 0.00289 0.0 0.0
вперёд 0.00289 3.506558 0.010135
вращение 0.008671 2.525729 0.021899
входить 0.00289 0.0 0.0
выделить 0.00289 0.0 0.0
вызвать 0.00289 3.506558 0.010135
выйти 0.00289 2.995732 0.008658
высота 0.00289 4.60517 0.01331
выходить 0.00289 0.0 0.0
главный 0.00289 0.0 0.0
год 0.008671 0.0 0.0
данные 0.00578 0.0 0.0
двигатель 0.008671 0.0 0.0
делать 0.00578 1.832581 0.010593
день 0.00289 0.0 0.0
дизайн 0.00578 0.0 0.0
директор 0.00578 0.0 0.0
длительность 0.00578 3.912023 0.022613
добавление 0.00289 4.60517 0.01331
доктор 0.00289 3.506558 0.010135
доллар 0.00289 0.0 0.0
дом 0.00578 0.0 0.0
дополнительный 0.00578 4.60517 0.026619
дорогой 0.00289 3.218876 0.009303
доставить 0.00289 0.0 0.0
достигать 0.00289 0.0 0.0
ещё 0.00578 1.89712 0.010966
завершить 0.00578 0.0 0.0
замедление 0.00289 3.912023 0.011306
замедлить 0.00578 3.218876 0.018606
защита 0.00289 0.0 0.0
земля 0.008671 0.0 0.0
зонд 0.008671 0.0 0.0
игра 0.00289 0.0 0.0
изменить 0.00578 2.207275 0.012759
инновационный 0.00578 0.0 0.0
информация 0.00289 0.0 0.0
иронизировать 0.00289 4.60517 0.01331
использование 0.00289 0.0 0.0
исследование 0.008671 0.0 0.0
источник 0.00578 0.0 0.0
календарь 0.00578 0.0 0.0
категория 0.00289 0.0 0.0
кг 0.00578 0.0 0.0
километр 0.00289 0.0 0.0
китай 0.008671 1.07881 0.009354
классический 0.00289 0.0 0.0
клон 0.00578 0.0 0.0
количество 0.00578 3.218876 0.018606
комментирование 0.00289 0.0 0.0
комфортный 0.00578 0.0 0.0
конференция 0.00578 0.0 0.0
корея 0.00289 0.0 0.0
корпус 0.00289 0.0 0.0
космический 0.00289 1.832581 0.005296
космос 0.008671 0.0 0.0
который 0.00289 0.891598 0.002577
кроссовер 0.00578 0.0 0.0
крупный 0.00578 3.912023 0.022613
кубический 0.00289 0.0 0.0
кук 0.00289 0.0 0.0
летать 0.00578 0.0 0.0
лист 0.00289 0.0 0.0
май 0.008671 0.0 0.0
марк 0.00289 0.0 0.0
масса 0.00578 3.506558 0.020269
массивный 0.00289 4.60517 0.01331
материал 0.00289 0.0 0.0
машина 0.00289 0.0 0.0
межпланетный 0.00578 0.0 0.0
менять 0.00289 0.0 0.0
метр 0.00289 0.0 0.0
мечтать 0.00289 4.60517 0.01331
микросекунда 0.00289 4.60517 0.01331
миллион 0.00289 0.0 0.0
мир 0.008671 0.0 0.0
млн 0.00578 1.108663 0.006408
млрд 0.00578 2.302585 0.01331
мобильный 0.00289 0.0 0.0
момент 0.00578 0.0 0.0
монитор 0.00289 0.0 0.0
мотобренд 0.00289 0.0 0.0
мотоцикл 0.00289 0.0 0.0
мочь 0.00289 0.0 0.0
мощность 0.00289 1.469676 0.004248
нажать 0.00289 0.0 0.0
название 0.00289 0.0 0.0
назвать 0.00289 0.0 0.0
наслать 0.00289 0.0 0.0
настолько 0.00578 3.506558 0.020269
наука 0.00578 1.966113 0.011365
наш 0.00578 0.0 0.0
новость 0.008671 0.0 0.0
новый 0.008671 0.0 0.0
ноутбук 0.00289 0.0 0.0
нужный 0.00289 0.0 0.0
обзор 0.00289 0.0 0.0
обработка 0.00289 0.0 0.0
образец 0.00289 0.0 0.0
объявить 0.00289 0.0 0.0
огромный 0.00289 3.912023 0.011306
один 0.00289 0.0 0.0
одноклассник 0.00578 0.0 0.0
оказаться 0.00289 2.65926 0.007686
опровержение 0.00578 4.60517 0.026619
орбита 0.00289 0.0 0.0
отдать 0.00289 0.0 0.0
отечественный 0.00289 0.0 0.0
отказ 0.00289 0.0 0.0
отказаться 0.00289 0.0 0.0
отключить 0.00289 0.0 0.0
очень 0.00578 0.0 0.0
ошибка 0.00289 0.0 0.0
первый 0.00289 1.347074 0.003893
передний 0.00289 0.0 0.0
период 0.00578 0.0 0.0
периферия 0.00578 0.0 0.0
персональный 0.00578 0.0 0.0
пиар 0.00578 0.0 0.0
планета 0.00289 2.120264 0.006128
планшет 0.00289 0.0 0.0
платформа 0.00578 0.0 0.0
плотина 0.011561 4.60517 0.053239
подвести 0.00289 0.0 0.0
поднять 0.00289 0.0 0.0
подробный 0.00289 0.0 0.0
поиск 0.00578 0.0 0.0
пока 0.00578 0.0 0.0
полезный 0.00289 0.0 0.0
политика 0.008671 0.0 0.0
полноприводный 0.00289 0.0 0.0
пользователь 0.00289 2.813411 0.008131
полюс 0.00289 3.218876 0.009303
полёт 0.00289 0.0 0.0
попробовать 0.00578 0.0 0.0
популярный 0.00578 0.0 0.0
посещать 0.00578 0.0 0.0
построить 0.00289 4.60517 0.01331
потребоваться 0.00289 4.60517 0.01331
прайс 0.00578 0.0 0.0
представить 0.00289 0.0 0.0
прибавка 0.00578 0.0 0.0
привод 0.00289 0.0 0.0
приводить 0.00289 4.60517 0.01331
принтер 0.00289 0.0 0.0
пробизнес 0.00578 0.0 0.0
проведение 0.00289 0.0 0.0
программа 0.00289 0.0 0.0
продавать 0.00578 0.0 0.0
продажа 0.00289 0.0 0.0
продолжать 0.00289 0.0 0.0
проект 0.008671 0.0 0.0
проектор 0.00289 0.0 0.0
пролить 0.00578 0.0 0.0
просить 0.00289 3.506558 0.010135
простираться 0.00289 4.60517 0.01331
процесс 0.00289 0.0 0.0
работа 0.00289 0.0 0.0
ранний 0.00289 2.813411 0.008131
реальный 0.00289 0.0 0.0
результат 0.00289 0.0 0.0
река 0.00289 3.506558 0.010135
реклама 0.00578 0.0 0.0
решать 0.00289 0.0 0.0
россия 0.00289 0.0 0.0
россиянин 0.00289 0.0 0.0
рубль 0.00289 0.0 0.0
рынок 0.00578 0.0 0.0
сайт 0.00578 0.0 0.0
самолёт 0.00289 0.0 0.0
самый 0.00578 0.0 0.0
сантиметр 0.00289 0.0 0.0
сбор 0.00289 0.0 0.0
свет 0.00578 0.0 0.0
связь 0.008671 0.0 0.0
сегодня 0.00578 0.0 0.0
секунда 0.00289 2.120264 0.006128
сервер 0.00289 0.0 0.0
сервис 0.00289 0.0 0.0
середина 0.00289 3.506558 0.010135
сертификация 0.00289 0.0 0.0
сеть 0.00289 0.0 0.0
скоро 0.00578 0.0 0.0
слово 0.00289 2.302585 0.006655
смещать 0.00289 3.912023 0.011306
снова 0.00578 0.0 0.0
советский 0.00578 0.0 0.0
соглашаться 0.00289 0.0 0.0
создать 0.00289 2.207275 0.006379
сообщать 0.00289 2.407946 0.006959
составить 0.00578 2.995732 0.017316
спасти 0.00578 0.0 0.0
среда 0.00578 0.0 0.0
ссылка 0.00578 0.0 0.0
стартовать 0.00289 0.0 0.0
статистика 0.00578 0.0 0.0
стать 0.00289 0.0 0.0
статья 0.00289 0.0 0.0
стоимость 0.00578 0.0 0.0
сутки 0.008671 3.912023 0.033919
существование 0.00289 4.60517 0.01331
считать 0.00289 3.218876 0.009303
тайконавт 0.00289 0.0 0.0
такой 0.00289 1.714798 0.004956
тег 0.00289 0.0 0.0
текст 0.00578 0.0 0.0
теория 0.00289 4.60517 0.01331
технический 0.00578 0.0 0.0
топ 0.00578 0.0 0.0
точность 0.00289 1.832581 0.005296
тревога 0.00289 3.218876 0.009303
тыс 0.00578 0.0 0.0
тяжесть 0.00289 4.60517 0.01331
убрать 0.00289 0.0 0.0
увеличивать 0.00289 3.218876 0.009303
удерживать 0.00289 3.506558 0.010135
удлинить 0.00289 4.60517 0.01331
универсал 0.00578 2.207275 0.012759
упасть 0.00578 0.0 0.0
устройство 0.00289 0.0 0.0
ущелие 0.00289 4.60517 0.01331
файл 0.00289 0.0 0.0
флагманский 0.00289 0.0 0.0
фонг 0.00578 4.60517 0.026619
форма 0.00289 0.0 0.0
форум 0.00289 4.60517 0.01331
фундаментальный 0.00289 0.0 0.0
хит 0.00289 0.0 0.0
центр 0.008671 1.714798 0.014868
человек 0.00289 0.0 0.0
шведский 0.00578 3.506558 0.020269
ширина 0.00289 4.60517 0.01331
экспорт 0.00578 0.0 0.0
электростанция 0.00289 4.60517 0.01331
эмбрион 0.00289 0.0 0.0
эффект 0.00578 1.609438 0.009303
южный 0.00289 0.0 0.0
