авиалайнер 0.002353 0.0 0.0
австралия 0.002353 0.0 0.0
автоваз 0.004706 0.0 0.0
автомат 0.002353 0.0 0.0
автопроизводитель 0.002353 0.0 0.0
автор 0.007059 0.0 0.0
администрация 0.002353 0.0 0.0
адрес 0.004706 0.0 0.0
актуальный 0.002353 3.912023 0.009205
америка 0.002353 0.0 0.0
аналитик 0.002353 0.0 0.0
аналогичный 0.002353 3.912023 0.009205
апрель 0.002353 1.832581 0.004312
архитектура 0.007059 2.813411 0.019859
белок 0.002353 0.0 0.0
биологический 0.004706 0.0 0.0
ближний 0.002353 0.0 0.0
близкий 0.002353 3.912023 0.009205
блог 0.002353 0.0 0.0
будущий 0.002353 2.65926 0.006257
быстро 0.004706 0.0 0.0
быть 0.002353 0.0 0.0
бюджетный 0.002353 3.218876 0.007574
важно 0.004706 2.120264 0.009978
вес 0.002353 0.0 0.0
весь 0.004706 0.0 0.0
видеокарта 0.004706 0.0 0.0
владелец 0.002353 3.506558 0.008251
влияние 0.002353 2.65926 0.006257
внедорожник 0.002353 0.0 0.0
возродить 0.004706 3.506558 0.016501
войти 0.004706 0.0 0.0
восток 0.002353 0.0 0.0
встроить 0.002353 4.60517 0.010836
входить 0.002353 0.0 0.0
выделить 0.002353 0.0 0.0
выделяться 0.002353 3.912023 0.009205
выжать 0.004706 4.60517 0.021671
вызывать 0.002353 4.60517 0.010836
выходить 0.002353 0.0 0.0
геймер 0.002353 3.912023 0.009205
главный 0.002353 0.0 0.0
год 0.002353 0.0 0.0
графический 0.004706 4.60517 0.021671
данные 0.004706 0.0 0.0
двигатель 0.007059 0.0 0.0
делать 0.002353 2.040221 0.004801
дизайн 0.004706 0.0 0.0
директор 0.004706 0.0 0.0
дискретный 0.002353 4.60517 0.010836
добавить 0.002353 3.218876 0.007574
дождаться 0.004706 4.60517 0.021671
доллар 0.002353 0.0 0.0
дом 0.004706 0.0 0.0
доставить 0.002353 0.0 0.0
достигать 0.002353 0.0 0.0
драйвер 0.004706 3.506558 0.016501
завершить 0.002353 0.0 0.0
заметный 0.002353 4.60517 0.010836
запрос 0.002353 2.813411 0.00662
защита 0.002353 0.0 0.0
земля 0.004706 0.0 0.0
значение 0.002353 3.506558 0.008251
зонд 0.007059 0.0 0.0
игра 0.009412 0.0 0.0
игровой 0.004706 3.506558 0.016501
изображение 0.004706 1.514128 0.007125
имя 0.004706 4.60517 0.021671
инновационный 0.004706 0.0 0.0
интеграция 0.002353 3.506558 0.008251
информация 0.002353 0.0 0.0
использование 0.002353 0.0 0.0
использовать 0.007059 2.525729 0.017829
исследование 0.002353 0.0 0.0
источник 0.004706 0.0 0.0
кадр 0.002353 2.302585 0.005418
календарь 0.004706 0.0 0.0
категория 0.002353 0.0 0.0
качество 0.002353 2.407946 0.005666
кг 0.004706 0.0 0.0
километр 0.002353 0.0 0.0
классический 0.002353 0.0 0.0
клон 0.004706 0.0 0.0
кодовый 0.002353 4.60517 0.010836
комментирование 0.002353 0.0 0.0
компания 0.007059 0.71335 0.005035
комфортный 0.004706 0.0 0.0
конференция 0.004706 0.0 0.0
корея 0.002353 0.0 0.0
корпус 0.002353 0.0 0.0
космос 0.007059 0.0 0.0
который 0.002353 1.139434 0.002681
кристалл 0.004706 3.912023 0.01841
кроссовер 0.004706 0.0 0.0
кубический 0.002353 0.0 0.0
кук 0.002353 0.0 0.0
летать 0.004706 0.0 0.0
линейка 0.002353 3.506558 0.008251
лист 0.002353 0.0 0.0
май 0.007059 0.0 0.0
марк 0.002353 0.0 0.0
материал 0.002353 0.0 0.0
машина 0.002353 0.0 0.0
межпланетный 0.004706 0.0 0.0
менять 0.002353 0.0 0.0
месяц 0.002353 1.832581 0.004312
миллион 0.002353 0.0 0.0
минимальный 0.007059 3.506558 0.024752
мир 0.002353 0.0 0.0
мобильный 0.004706 0.0 0.0
модель 0.007059 0.867501 0.006124
момент 0.004706 0.0 0.0
монитор 0.002353 0.0 0.0
мотобренд 0.002353 0.0 0.0
мотоцикл 0.002353 0.0 0.0
мочь 0.002353 0.0 0.0
мощный 0.002353 2.813411 0.00662
нажать 0.002353 0.0 0.0
название 0.002353 0.0 0.0
назвать 0.002353 0.0 0.0
напрямую 0.004706 3.506558 0.016501
наслать 0.002353 0.0 0.0
наследие 0.004706 4.60517 0.021671
начинать 0.002353 3.912023 0.009205
наш 0.004706 0.0 0.0
нестабильность 0.004706 4.60517 0.021671
нетребовательный 0.002353 4.60517 0.010836
низкий 0.002353 3.218876 0.007574
новость 0.002353 0.0 0.0
новый 0.009412 0.0 0.0
ноутбук 0.007059 0.0 0.0
нужный 0.002353 0.0 0.0
обзор 0.002353 0.0 0.0
обновить 0.002353 3.506558 0.008251
обновление 0.009412 2.813411 0.026479
обработка 0.002353 0.0 0.0
образец 0.002353 0.0 0.0
объявить 0.002353 0.0 0.0
объяснять 0.002353 2.995732 0.007049
ограничить 0.002353 3.912023 0.009205
одноклассник 0.004706 0.0 0.0
оказаться 0.002353 2.525729 0.005943
оказывать 0.002353 3.506558 0.008251
оперативный 0.002353 4.60517 0.010836
оптимизация 0.002353 2.525729 0.005943
опыт 0.004706 2.207275 0.010387
орбита 0.002353 0.0 0.0
особенно 0.004706 1.609438 0.007574
особенность 0.002353 3.218876 0.007574
остаться 0.004706 2.995732 0.014098
ответ 0.002353 1.714798 0.004035
отвечать 0.002353 4.60517 0.010836
отдать 0.002353 0.0 0.0
отечественный 0.002353 0.0 0.0
отзыв 0.002353 4.60517 0.010836
отказ 0.002353 0.0 0.0
отказаться 0.002353 0.0 0.0
отключить 0.002353 0.0 0.0
открытый 0.002353 2.407946 0.005666
отсутствие 0.004706 4.60517 0.021671
официально 0.004706 1.966113 0.009252
очень 0.004706 0.0 0.0
ошибка 0.002353 0.0 0.0
память 0.002353 2.995732 0.007049
пепел 0.002353 3.506558 0.008251
первый 0.002353 2.120264 0.004989
передний 0.002353 0.0 0.0
период 0.004706 0.0 0.0
периферия 0.004706 0.0 0.0
персональный 0.004706 0.0 0.0
пиар 0.004706 0.0 0.0
планировать 0.002353 1.714798 0.004035
планшет 0.002353 0.0 0.0
платформа 0.007059 0.0 0.0
повторять 0.004706 4.60517 0.021671
подвести 0.002353 0.0 0.0
поддерживать 0.004706 3.912023 0.01841
поднять 0.002353 0.0 0.0
подробный 0.002353 0.0 0.0
подтормаживание 0.002353 4.60517 0.010836
подчёркивать 0.002353 3.912023 0.009205
позиционировать 0.002353 4.60517 0.010836
поиск 0.004706 0.0 0.0
пока 0.004706 0.0 0.0
показатель 0.002353 4.60517 0.010836
показать 0.002353 2.302585 0.005418
поколение 0.004706 2.813411 0.01324
полезный 0.002353 0.0 0.0
политика 0.007059 0.0 0.0
полноприводный 0.002353 0.0 0.0
получать 0.002353 3.218876 0.007574
пользователь 0.002353 2.813411 0.00662
полёт 0.002353 0.0 0.0
попробовать 0.004706 0.0 0.0
популярный 0.004706 0.0 0.0
посещать 0.004706 0.0 0.0
последний 0.002353 2.65926 0.006257
последующий 0.002353 3.912023 0.009205
потенциал 0.004706 2.525729 0.011886
поэтому 0.004706 3.506558 0.016501
появиться 0.002353 3.506558 0.008251
прайс 0.004706 0.0 0.0
практичный 0.002353 4.60517 0.010836
представить 0.004706 0.0 0.0
прибавка 0.004706 0.0 0.0
привод 0.002353 0.0 0.0
применяться 0.002353 3.506558 0.008251
примерно 0.004706 2.995732 0.014098
принтер 0.002353 0.0 0.0
прирост 0.004706 4.60517 0.021671
пробизнес 0.004706 0.0 0.0
проведение 0.002353 0.0 0.0
проводиться 0.002353 3.912023 0.009205
программа 0.002353 0.0 0.0
продавать 0.004706 0.0 0.0
продажа 0.004706 0.0 0.0
продолжать 0.004706 0.0 0.0
проект 0.004706 0.0 0.0
проектор 0.002353 0.0 0.0
производитель 0.002353 1.89712 0.004464
производительность 0.007059 2.813411 0.019859
пролить 0.004706 0.0 0.0
процесс 0.002353 0.0 0.0
процессор 0.007059 2.207275 0.015581
проявиться 0.004706 4.60517 0.021671
пытаться 0.002353 4.60517 0.010836
работа 0.004706 0.0 0.0
работать 0.002353 1.89712 0.004464
разница 0.002353 3.506558 0.008251
разработка 0.002353 2.207275 0.005194
рассуждение 0.002353 3.506558 0.008251
реальный 0.002353 0.0 0.0
режим 0.002353 2.407946 0.005666
результат 0.004706 0.0 0.0
реклама 0.004706 0.0 0.0
рекомендовать 0.002353 4.60517 0.010836
решать 0.002353 0.0 0.0
решение 0.007059 1.514128 0.010688
роль 0.004706 1.89712 0.008928
россия 0.002353 0.0 0.0
россиянин 0.002353 0.0 0.0
рубль 0.002353 0.0 0.0
рынок 0.004706 0.0 0.0
сайт 0.007059 0.0 0.0
самолёт 0.002353 0.0 0.0
самый 0.007059 0.0 0.0
сантиметр 0.002353 0.0 0.0
сбой 0.002353 3.912023 0.009205
сбор 0.002353 0.0 0.0
свет 0.004706 0.0 0.0
свой 0.002353 2.813411 0.00662
связь 0.007059 0.0 0.0
сегодня 0.004706 0.0 0.0
сервер 0.002353 0.0 0.0
сервис 0.002353 0.0 0.0
сертификация 0.002353 0.0 0.0
сеть 0.002353 0.0 0.0
система 0.004706 0.653926 0.003077
скоро 0.004706 0.0 0.0
скромный 0.004706 4.60517 0.021671
случай 0.002353 2.813411 0.00662
снижать 0.002353 2.302585 0.005418
снова 0.004706 0.0 0.0
советский 0.004706 0.0 0.0
совместимый 0.002353 3.912023 0.009205
соглашаться 0.002353 0.0 0.0
содержать 0.002353 3.912023 0.009205
создать 0.002353 2.65926 0.006257
сотрудничество 0.004706 2.65926 0.012514
спасти 0.004706 0.0 0.0
сравнение 0.004706 4.60517 0.021671
среда 0.004706 0.0 0.0
средний 0.002353 3.912023 0.009205
ссылка 0.002353 0.0 0.0
стартовать 0.002353 0.0 0.0
статистика 0.004706 0.0 0.0
статус 0.004706 2.995732 0.014098
стать 0.004706 0.0 0.0
статья 0.002353 0.0 0.0
стоимость 0.004706 0.0 0.0
сторонний 0.002353 3.218876 0.007574
судить 0.002353 3.218876 0.007574
сценарий 0.002353 4.60517 0.010836
тайконавт 0.002353 0.0 0.0
такой 0.002353 1.514128 0.003563
тег 0.002353 0.0 0.0
текст 0.004706 0.0 0.0
текущий 0.002353 3.506558 0.008251
тестирование 0.007059 2.995732 0.021146
технический 0.004706 0.0 0.0
технология 0.002353 1.427116 0.003358
течение 0.004706 2.813411 0.01324
топ 0.004706 0.0 0.0
требование 0.002353 2.995732 0.007049
три 0.002353 0.693147 0.001631
тыс 0.004706 0.0 0.0
убрать 0.002353 0.0 0.0
увеличивать 0.002353 4.60517 0.010836
улучшать 0.002353 3.506558 0.008251
улучшение 0.002353 3.218876 0.007574
улучшить 0.002353 3.218876 0.007574
упасть 0.004706 0.0 0.0
ускоритель 0.002353 2.995732 0.007049
успешный 0.002353 2.813411 0.00662
установить 0.004706 4.60517 0.021671
устройство 0.004706 0.0 0.0
уступать 0.002353 4.60517 0.010836
файл 0.002353 0.0 0.0
флагманский 0.002353 0.0 0.0
фундаментальный 0.002353 0.0 0.0
хит 0.007059 0.0 0.0
частота 0.002353 2.525729 0.005943
человек 0.002353 0.0 0.0
чип 0.004706 1.966113 0.009252
шанс 0.004706 3.218876 0.015148
экспериментальный 0.007059 4.60517 0.032507
экспорт 0.004706 0.0 0.0
эмбрион 0.002353 0.0 0.0
энергопотребление 0.002353 3.506558 0.008251
энергоэффективность 0.007059 3.218876 0.022721
южный 0.002353 0.0 0.0
языковой 0.002353 3.506558 0.008251
