авиалайнер 0.002525 0.0 0.0
австралия 0.002525 0.0 0.0
автоваз 0.005051 0.0 0.0
автомат 0.002525 0.0 0.0
автоматизация 0.007576 2.813411 0.021314
автономный 0.002525 3.912023 0.009879
автопроизводитель 0.002525 0.0 0.0
автор 0.007576 0.0 0.0
администрация 0.002525 0.0 0.0
адрес 0.005051 0.0 0.0
америка 0.002525 0.0 0.0
аналитик 0.002525 0.0 0.0
бармен 0.002525 4.60517 0.011629
белок 0.002525 0.0 0.0
беременность 0.002525 3.506558 0.008855
биологический 0.005051 0.0 0.0
ближний 0.002525 0.0 0.0
блог 0.002525 0.0 0.0
блюдо 0.002525 3.506558 0.008855
бокс 0.002525 4.60517 0.011629
булочка 0.002525 4.60517 0.011629
бургер 0.005051 3.506558 0.01771
быстро 0.005051 0.0 0.0
быть 0.002525 0.0 0.0
вес 0.002525 0.0 0.0
весь 0.002525 0.0 0.0
видеокарта 0.002525 0.0 0.0
внедорожник 0.002525 0.0 0.0
внедрение 0.005051 2.813411 0.014209
войти 0.005051 0.0 0.0
восток 0.002525 0.0 0.0
время 0.007576 1.139434 0.008632
входить 0.002525 0.0 0.0
выделить 0.002525 0.0 0.0
выйти 0.005051 3.218876 0.016257
высокий 0.002525 3.218876 0.008128
выходить 0.002525 0.0 0.0
гибридный 0.005051 3.218876 0.016257
гигиена 0.002525 4.60517 0.011629
главный 0.002525 0.0 0.0
год 0.005051 0.0 0.0
гостеприимство 0.002525 4.60517 0.011629
готовить 0.002525 2.65926 0.006715
готовый 0.002525 1.237874 0.003126
давать 0.002525 0.0 0.0
данные 0.007576 0.0 0.0
двигатель 0.007576 0.0 0.0
демонстрировать 0.002525 3.912023 0.009879
дизайн 0.005051 0.0 0.0
директор 0.005051 0.0 0.0
доллар 0.002525 0.0 0.0
доля 0.002525 3.218876 0.008128
дом 0.005051 0.0 0.0
доставить 0.002525 0.0 0.0
достигать 0.002525 0.0 0.0
другой 0.002525 1.771957 0.004475
живот 0.002525 3.218876 0.008128
заведение 0.002525 4.60517 0.011629
завершать 0.002525 4.60517 0.011629
завершить 0.002525 0.0 0.0
завод 0.002525 3.218876 0.008128
задача 0.002525 1.609438 0.004064
запас 0.005051 2.120264 0.010708
запустить 0.002525 1.966113 0.004965
затем 0.005051 2.813411 0.014209
затрата 0.002525 2.65926 0.006715
защита 0.002525 0.0 0.0
заявить 0.002525 2.207275 0.005574
земля 0.005051 0.0 0.0
зона 0.002525 2.525729 0.006378
зонд 0.007576 0.0 0.0
игра 0.002525 0.0 0.0
ингредиент 0.002525 4.60517 0.011629
индивидуальный 0.002525 3.912023 0.009879
инновационный 0.005051 0.0 0.0
интеллектуальный 0.002525 4.60517 0.011629
информация 0.002525 0.0 0.0
использование 0.002525 0.0 0.0
исследование 0.002525 0.0 0.0
исследовать 0.005051 3.218876 0.016257
источник 0.005051 0.0 0.0
кадр 0.002525 2.302585 0.005815
каждый 0.005051 2.525729 0.012756
календарь 0.005051 0.0 0.0
калифорния 0.002525 2.525729 0.006378
кастомизация 0.002525 4.60517 0.011629
категория 0.002525 0.0 0.0
кг 0.005051 0.0 0.0
километр 0.002525 0.0 0.0
китай 0.005051 1.171183 0.005915
классический 0.002525 0.0 0.0
клон 0.005051 0.0 0.0
код 0.002525 2.207275 0.005574
команда 0.005051 2.120264 0.010708
комментирование 0.002525 0.0 0.0
компактный 0.002525 3.218876 0.008128
комфортный 0.005051 0.0 0.0
конвейер 0.002525 3.506558 0.008855
контрабанда 0.005051 3.506558 0.01771
контролировать 0.002525 3.218876 0.008128
контроль 0.002525 2.407946 0.006081
конференция 0.005051 0.0 0.0
концепция 0.002525 4.60517 0.011629
корея 0.002525 0.0 0.0
корпус 0.002525 0.0 0.0
космос 0.007576 0.0 0.0
кроссовер 0.005051 0.0 0.0
кубический 0.002525 0.0 0.0
кук 0.002525 0.0 0.0
кулинарный 0.002525 4.60517 0.011629
кухня 0.012626 3.506558 0.044275
летать 0.005051 0.0 0.0
лист 0.002525 0.0 0.0
лобстер 0.002525 3.506558 0.008855
лука 0.005051 4.60517 0.023258
май 0.007576 0.0 0.0
марк 0.007576 0.0 0.0
масштабирование 0.005051 3.912023 0.019758
материал 0.002525 0.0 0.0
машина 0.002525 0.0 0.0
межпланетный 0.005051 0.0 0.0
менеджер 0.002525 4.60517 0.011629
менять 0.002525 0.0 0.0
миллион 0.002525 0.0 0.0
мир 0.002525 0.0 0.0
мобильный 0.002525 0.0 0.0
момент 0.005051 0.0 0.0
монитор 0.002525 0.0 0.0
мотобренд 0.002525 0.0 0.0
мотоцикл 0.002525 0.0 0.0
мочь 0.002525 0.0 0.0
надёжность 0.005051 2.813411 0.014209
нажать 0.002525 0.0 0.0
название 0.002525 0.0 0.0
назвать 0.002525 0.0 0.0
называть 0.002525 3.912023 0.009879
наслать 0.002525 0.0 0.0
начинка 0.002525 4.60517 0.011629
наш 0.005051 0.0 0.0
необходимость 0.002525 3.506558 0.008855
новость 0.002525 0.0 0.0
новый 0.007576 0.0 0.0
ноутбук 0.002525 0.0 0.0
нужный 0.002525 0.0 0.0
обеспечивать 0.002525 3.506558 0.008855
обзор 0.002525 0.0 0.0
обработка 0.002525 0.0 0.0
образец 0.002525 0.0 0.0
обслуживание 0.002525 4.60517 0.011629
общепит 0.002525 4.60517 0.011629
объявить 0.002525 0.0 0.0
одноклассник 0.005051 0.0 0.0
опасный 0.005051 3.218876 0.016257
опрос 0.002525 1.514128 0.003824
орбита 0.002525 0.0 0.0
ориентироваться 0.002525 3.912023 0.009879
основа 0.005051 1.427116 0.007208
основатель 0.005051 4.60517 0.023258
ответ 0.002525 1.714798 0.00433
отдать 0.002525 0.0 0.0
отечественный 0.002525 0.0 0.0
отказ 0.002525 0.0 0.0
отказаться 0.002525 0.0 0.0
отключить 0.002525 0.0 0.0
отрасль 0.002525 2.65926 0.006715
отслеживать 0.002525 3.912023 0.009879
очень 0.005051 0.0 0.0
ошибка 0.002525 0.0 0.0
передний 0.002525 0.0 0.0
период 0.005051 0.0 0.0
периферия 0.005051 0.0 0.0
персональный 0.005051 0.0 0.0
пиар 0.005051 0.0 0.0
пилотный 0.005051 3.912023 0.019758
планирование 0.002525 3.912023 0.009879
планшет 0.002525 0.0 0.0
платформа 0.005051 0.0 0.0
подвести 0.002525 0.0 0.0
поддерживать 0.002525 3.218876 0.008128
поднять 0.002525 0.0 0.0
подробный 0.002525 0.0 0.0
подчеркнуть 0.002525 2.995732 0.007565
поиск 0.005051 0.0 0.0
пока 0.005051 0.0 0.0
полезный 0.002525 0.0 0.0
политика 0.007576 0.0 0.0
полминуты 0.005051 3.506558 0.01771
полноприводный 0.002525 0.0 0.0
полёт 0.002525 0.0 0.0
попробовать 0.005051 0.0 0.0
популярный 0.005051 0.0 0.0
посещать 0.005051 0.0 0.0
появиться 0.002525 3.506558 0.008855
прайс 0.005051 0.0 0.0
предел 0.002525 1.609438 0.004064
предприниматель 0.002525 4.60517 0.011629
предсказывать 0.002525 4.60517 0.011629
представить 0.002525 0.0 0.0
президент 0.005051 2.65926 0.013431
прибавка 0.005051 0.0 0.0
привод 0.002525 0.0 0.0
приготовление 0.002525 4.60517 0.011629
принтер 0.002525 0.0 0.0
пробизнес 0.005051 0.0 0.0
проведение 0.002525 0.0 0.0
прогнозирование 0.002525 4.60517 0.011629
программа 0.002525 0.0 0.0
продавать 0.005051 0.0 0.0
продажа 0.002525 0.0 0.0
продолжать 0.002525 0.0 0.0
проект 0.010101 0.0 0.0
проектор 0.002525 0.0 0.0
прозрачность 0.005051 4.60517 0.023258
пролить 0.005051 0.0 0.0
промышленность 0.002525 4.60517 0.011629
промышленный 0.005051 3.506558 0.01771
процесс 0.002525 0.0 0.0
пять 0.005051 2.995732 0.01513
работа 0.002525 0.0 0.0
работник 0.002525 3.912023 0.009879
развивать 0.002525 3.218876 0.008128
размещать 0.002525 4.60517 0.011629
расти 0.002525 3.506558 0.008855
расход 0.002525 2.207275 0.005574
реальный 0.005051 0.0 0.0
революция 0.002525 3.912023 0.009879
результат 0.002525 0.0 0.0
реклама 0.005051 0.0 0.0
ресторан 0.005051 4.60517 0.023258
решать 0.002525 0.0 0.0
решение 0.002525 1.514128 0.003824
робот 0.010101 1.966113 0.01986
роботизированный 0.002525 4.60517 0.011629
робототехника 0.005051 3.218876 0.016257
россия 0.002525 0.0 0.0
россиянин 0.002525 0.0 0.0
рубль 0.002525 0.0 0.0
рутинный 0.002525 4.60517 0.011629
рынок 0.005051 0.0 0.0
сайт 0.005051 0.0 0.0
самолёт 0.002525 0.0 0.0
самый 0.005051 0.0 0.0
сантиметр 0.002525 0.0 0.0
сбор 0.002525 0.0 0.0
сборка 0.007576 2.995732 0.022695
свет 0.005051 0.0 0.0
связь 0.007576 0.0 0.0
сегодня 0.005051 0.0 0.0
секунда 0.002525 1.832581 0.004628
сервер 0.002525 0.0 0.0
сервис 0.002525 0.0 0.0
сертификация 0.002525 0.0 0.0
сеть 0.002525 0.0 0.0
система 0.005051 1.514128 0.007647
скоро 0.005051 0.0 0.0
скорость 0.005051 2.302585 0.011629
снова 0.005051 0.0 0.0
советский 0.005051 0.0 0.0
совместно 0.005051 3.218876 0.016257
согласный 0.002525 4.60517 0.011629
соглашаться 0.002525 0.0 0.0
создать 0.002525 2.525729 0.006378
сокращать 0.002525 4.60517 0.011629
составлять 0.002525 2.407946 0.006081
сотрудник 0.002525 3.218876 0.008128
соус 0.002525 4.60517 0.011629
сочетать 0.002525 4.60517 0.011629
спасать 0.005051 3.506558 0.01771
спасти 0.005051 0.0 0.0
среда 0.005051 0.0 0.0
ссылка 0.002525 0.0 0.0
стабильность 0.005051 2.995732 0.01513
стартовать 0.005051 0.0 0.0
статистика 0.005051 0.0 0.0
стать 0.005051 0.0 0.0
статья 0.002525 0.0 0.0
стоимость 0.005051 0.0 0.0
странный 0.005051 3.506558 0.01771
сфера 0.005051 2.120264 0.010708
тайконавт 0.002525 0.0 0.0
тег 0.002525 0.0 0.0
текст 0.005051 0.0 0.0
текучка 0.002525 4.60517 0.011629
технический 0.005051 0.0 0.0
топ 0.005051 0.0 0.0
точность 0.005051 1.832581 0.009255
трансформировать 0.002525 4.60517 0.011629
требование 0.002525 3.218876 0.008128
труд 0.002525 1.714798 0.00433
тушить 0.005051 3.506558 0.01771
тыс 0.005051 0.0 0.0
убрать 0.002525 0.0 0.0
уменьшить 0.002525 3.912023 0.009879
упасть 0.005051 0.0 0.0
управление 0.007576 2.407946 0.018242
упрощать 0.002525 3.912023 0.009879
устройство 0.002525 0.0 0.0
участие 0.002525 2.995732 0.007565
файл 0.002525 0.0 0.0
флагманский 0.002525 0.0 0.0
фундаментальный 0.002525 0.0 0.0
характерный 0.002525 4.60517 0.011629
хит 0.002525 0.0 0.0
человек 0.005051 0.0 0.0
чип 0.002525 1.966113 0.004965
чонг 0.005051 4.60517 0.023258
шаг 0.005051 2.525729 0.012756
экзотика 0.002525 4.60517 0.011629
экспорт 0.005051 0.0 0.0
эмбрион 0.002525 0.0 0.0
этап 0.005051 2.207275 0.011148
эффективность 0.005051 2.120264 0.010708
южный 0.002525 0.0 0.0
ячейка 0.005051 4.60517 0.023258
